Date,Open,High,Low,Close,Volume,OpenInt,Daily Return,MA-5,MA-10,MA-20,EMA,BB_upper,BB_lower,Volatility-10,RSI,Volume MA-20,High-Low,Close-Open,ROC-10,Log Returns
2005-02-25,7.4049,7.986,7.3767,7.4705,143449,0,,,,,7.4705,,,,,,8.259790963438938,0.8858998771084117,,
2005-02-28,7.5736,7.7517,7.1049,7.1894,162146,0,-3.762800348035611,,,,7.443728571428572,,,,,,9.103576405016254,-5.072884757578957,,-0.0383542122931769
2005-03-01,7.3674,7.4424,7.1705,7.2269,79810,0,0.5216012462792463,,,,7.423078231292518,,,,,,3.7919252492852737,-1.907049976925378,,0.0052024561891479
2005-03-02,7.1894,7.2643,7.0675,7.0768,41276,0,-2.076962459699172,,,,7.390099352121802,,,,,,2.784577290413874,-1.5661946754944724,,-0.0209883470730481
2005-03-03,7.0393,7.433,7.0393,7.3767,37612,0,4.237791092018983,7.26806,,,7.388823223348297,,,,,,5.592885656244228,4.793090222039119,,0.0415045560055379
2005-03-04,7.4517,7.4611,7.2175,7.2175,34305,0,-2.1581465967166813,7.21746,,,7.372506725886554,,,,,,3.3751298926220965,-3.142906987667237,,-0.0218177515825101
2005-03-07,7.0675,7.1424,7.0582,7.0675,28242,0,-2.078281953585037,7.19308,,,7.343458466278311,,,,,,1.192938709586014,0.0,,-0.0210018219693447
2005-03-08,7.1612,7.1798,7.0205,7.1049,44670,0,0.5291828793774211,7.16868,,,7.320738612347044,,,,,,2.269069154618617,-0.7861810869686677,,0.005277876269052
2005-03-09,7.0205,7.0768,6.9644,6.9737,44379,0,-1.84661290095568,7.148059999999999,,,7.28768731593304,,,,,,1.613922233071048,-0.6666191866676188,,-0.0186387564464438
2005-03-10,6.9362,7.0487,6.9362,6.9362,15625,0,-0.5377346315442288,7.059960000000001,7.16401,,7.254212333463227,,,,,,1.6219255500129728,0.0,,-0.0053918562822612
2005-03-11,6.8894,7.0675,6.7956,6.7956,34967,0,-2.027046509616215,6.975579999999999,7.09652,,7.210534968371491,,,2.2436613011273683,,,4.001118370710453,-1.3615118878276755,-9.034201191352654,-0.0204787302003328
2005-03-14,6.7956,7.03,6.7769,7.0205,23753,0,3.3094943787156383,6.96618,7.07963,,7.192436399955158,,,2.359616679367216,,,3.734745975298438,3.3094943787156375,-2.3492920132417106,0.0325590966469372
2005-03-15,7.1049,7.1331,6.8894,7.1331,38170,0,1.6038743679225087,6.971819999999999,7.07025,,7.186785314245142,,,2.4210573648243123,,,3.537318198972328,0.3969091753578516,-1.2979285724169398,0.0159114819717694
2005-03-16,7.1331,7.1331,6.9175,6.9926,39707,0,-1.9696905973559775,6.9756,7.0618300000000005,,7.168291474793224,,,2.4115655125954008,37.44021024967146,,3.1167329237441175,-1.96969059735598,-1.1898033009269726,-0.0198934755157852
2005-03-17,6.9175,7.1612,6.8988,7.1049,17864,0,1.605983468237837,7.00934,7.034650000000001,,7.162254191479584,,,1.9937461094129365,40.92713917014092,,3.8035600394271527,2.7090711962414074,-3.684574403188412,0.0159322398261163
2005-03-18,7.208,7.208,6.7956,7.0393,57645,0,-0.9233064504778344,7.0580799999999995,7.016830000000001,,7.150544268481529,,,1.9061027859591175,45.82893347412882,,6.0686326446524195,-2.34045504994451,-2.4689989608590257,-0.0092759534465622
2005-03-21,7.1331,7.1987,6.9455,6.9455,25883,0,-1.3325188584092151,7.043080000000001,7.004630000000001,,7.131016242911859,,,1.8393213613873107,42.41754688510454,,3.645525880066225,-2.6299925698504123,-1.7262115316590054,-0.0134147655527913
2005-03-22,6.9175,7.0205,6.8706,6.8706,2462,0,-1.0783960837952744,6.99058,6.981199999999999,,7.106214695967873,,,1.84275496096101,44.209166479442786,,2.1817599627397986,-0.6779906035417539,-3.297724105898747,-0.0108425291900953
2005-03-23,6.8519,6.8519,6.6831,6.6926,9453,0,-2.590748988443514,6.930580000000001,6.95309,,7.066822820161409,,,1.9244824691016549,29.37594211637017,,2.5257739671709247,-2.3249025817656417,-4.030858798055559,-0.0262490002651082
2005-03-24,6.6551,6.7956,6.2426,6.2989,53296,0,-5.882616621342973,6.76938,6.889360000000001,7.0266850000000005,6.99368731347937,7.526828824682883,6.526541175317118,2.5944401083456414,25.736925515055415,46735.7,8.858488450325183,-5.352286216585781,-9.188028026873518,-0.0606274234221284
2005-03-28,6.2989,6.2989,6.1208,6.1958,60495,0,-1.6367937258886411,6.60068,6.829379999999999,6.962950000000001,6.917698045528954,7.5433923703203964,6.382507629679606,2.5789687631840277,26.390769730783788,42588.0,2.9097503594301353,-1.6367937258886398,-8.8262993701807,-0.0165033718339334
2005-03-29,6.1114,6.1864,6.0082,6.0552,23215,0,-2.269279189128115,6.422619999999999,6.732849999999999,6.9062399999999995,6.835555374526196,7.603414503262993,6.209065496737006,2.1348952017697624,23.0749499820448,35641.45,2.965946539729028,-0.9195928919723728,-13.749732925005343,-0.0229542361312207
2005-03-30,5.9708,6.1583,5.1741,5.6709,150793,0,-6.346611177170047,6.1826799999999995,6.5866299999999995,6.8284400000000005,6.7246358150475105,7.700332514862748,5.956547485137253,2.3426427916377977,20.423174718488895,39190.6,19.021665603679857,-5.022777517250621,-20.4988013626614,-0.0655695717107286
2005-03-31,5.6146,5.624,5.3898,5.5021,162298,0,-2.976599834241467,5.94458,6.43758,6.749704999999999,6.608203832662033,7.794435612419448,5.704974387580549,2.35124255531757,19.274114067789313,45241.7,4.345244721510993,-2.003704627221883,-21.31539055573034,-0.0302179977558614
2005-04-01,5.5303,5.9708,5.5209,5.924,50315,0,7.667981316224704,5.8696,6.31949,6.6770700000000005,6.543041562884697,7.740093879713956,5.614046120286045,3.810900223668835,33.33460803059272,45876.85,8.149033672046215,7.118962804911125,-16.620923587946336,0.0738820588593216
2005-04-04,5.9052,6.1114,5.8677,5.9615,54268,0,0.6330182309250532,5.8227400000000005,6.21171,6.61427,6.487656652133773,7.691175209335874,5.537364790664126,3.8789886078601663,28.18833415719226,46875.0,4.153245735126192,0.953397006028589,-15.311181509525095,0.0063102308584972
2005-04-05,5.9989,6.0927,5.952,5.9896,45637,0,0.4713578797282514,5.80962,6.11612,6.5603750000000005,6.4402226852638895,7.649594391896883,5.471155608103118,3.9334029909547783,25.598566002304626,47744.75,2.3639112903225774,-0.1550284218773382,-13.762868044057296,0.0047025046702887
2005-04-06,6.0832,6.0927,5.9896,6.0271,8613,0,0.6260852143715745,5.88086,6.03177,6.5064850000000005,6.400877667619709,7.588898171964436,5.424071828035565,3.985514885783357,28.449622784697095,45941.9,1.7213169493789156,-0.9222119936875298,-12.276948155910684,0.0062413344315775
2005-04-07,5.8959,5.8959,5.5864,5.6053,50374,0,-6.9983906024456255,5.9015,5.92304,6.438065,6.325108365941642,7.568077149492211,5.308052850507789,4.377152975257221,20.591465327894554,46241.65,5.540240584276097,-4.9288488610729555,-16.24630188566476,-0.0725533876345242
2005-04-08,5.5396,5.8677,5.2304,5.7365,68537,0,2.3406418924946104,5.864,5.8668,6.37808,6.269050426328152,7.524010685145442,5.232149314854557,4.269160881934451,25.09177118384828,48887.25,12.18453655552156,3.554408260524231,-8.92854307895028,0.0231366895256688
2005-04-11,5.652,5.652,5.3802,5.3802,35864,0,-6.2111043319097,5.74774,5.78524,6.30731,6.18439800477309,7.517683589825628,5.096936410174372,4.595553573743262,22.802932897800332,48932.1,5.051856808297086,-4.808917197452226,-13.163756092837076,-0.0641237200531408
2005-04-12,5.2115,5.8959,5.0241,5.6333,64580,0,4.704286086019094,5.67648,5.74305,6.23795,6.131912480508986,7.4351575746678655,5.040742425332134,4.94872183412047,29.755554828364794,50973.45,17.352361617006036,8.093639067446995,-6.9675650680406935,0.0459698678797283
2005-04-13,5.5771,5.7365,5.5021,5.5209,25326,0,-1.995278078568519,5.57524,5.7280500000000005,6.1573400000000005,6.073720815698606,7.317295636901239,4.997384363098762,4.564552145454365,30.40832023542788,50331.25,4.260191563221314,-1.0076921697656414,-2.6450827910913466,-0.0201545256065269
2005-04-14,5.5677,5.5677,5.3241,5.3241,24660,0,-3.5646362006194754,5.519,5.71025,6.0739149999999995,6.002328357060644,7.220860246754457,4.926969753245542,4.608250220913923,32.55172907567838,49578.9,4.5754211979489625,-4.375235734683993,-3.2351284055179064,-0.0362972072506297
2005-04-15,5.4083,5.4083,5.1553,5.1648,19600,0,-2.992054995210458,5.40466,5.63433,5.976909999999999,5.922563751626297,7.084197511562905,4.869622488437094,3.726115312895681,31.909741718135876,49665.7,4.907570849417089,-4.5023389974668575,-12.81566509115464,-0.0303773035730539
2005-04-18,5.1648,5.2865,5.1553,5.2865,29210,0,2.356335192069414,5.3859200000000005,5.5668299999999995,5.88927,5.861986251471412,6.917122623267513,4.861417376732486,3.8627259211220735,36.422086409721985,48243.95,2.5449537369309208,2.356335192069404,-11.322653694539964,0.0232900215370064
2005-04-19,5.3709,5.4083,5.2489,5.3334,33094,0,0.887165421356273,5.32594,5.50121,5.8086649999999995,5.811644703712229,6.735653462484276,4.881676537515723,3.8840140527382134,43.23186138852125,48604.5,3.0368267637028667,-0.6982070044126617,-10.95565647121678,0.0088325323031029
2005-04-20,5.3709,5.8584,5.1553,5.3334,136832,0,0.0,5.28844,5.431839999999999,5.7318050000000005,5.766097589072969,6.534659490257315,4.928950509742686,3.8583341603741785,46.371262637126264,55323.0,13.63839155820222,-0.6982070044126617,-11.509681272917316,0.0
2005-04-21,5.4553,6.1394,5.4553,6.0832,82170,0,14.058574267821644,5.44026,5.479629999999999,5.701334999999999,5.796297818685067,6.388589771651613,5.014080228348385,5.643330443889797,53.00105564771527,58958.85,12.54009861969094,11.509907796088198,8.525859454444905,0.1315419398184257
2005-04-22,6.0176,6.0176,5.6427,5.652,41481,0,-7.088374539715936,5.537699999999999,5.4711799999999995,5.66899,5.782555169286489,6.296087215329251,5.041892784670749,6.151547464139892,44.91973342963134,58368.1,6.643982490651642,-6.075511831959581,-1.4730236206746294,-0.0735214084896919
2005-04-25,5.6427,5.6427,5.4083,5.4272,26045,0,-3.977353149327678,5.56584,5.475879999999999,5.63056,5.748711819830633,6.21443781490382,5.04668218509618,5.9371446102819,41.32848155914641,56645.6,4.334079100641606,-3.8190936962801425,0.8735734731050826,-0.0405861176468888
2005-04-26,5.4272,5.5021,5.1741,5.2022,62516,0,-4.1457841981132,5.5396,5.43277,5.58791,5.696663075084858,6.165770099259161,5.010049900740839,5.856620077686099,37.976270297058576,58610.65,6.339266732378583,-4.145784198113201,-7.652708004189368,-0.0423417341367401
2005-04-27,5.1553,5.624,5.1553,5.6146,32860,0,7.927415324285869,5.595840000000001,5.44214,5.585095,5.688847544124395,6.161800238858061,5.008389761141939,6.416469208906089,50.135929141454014,52714.0,9.09161445502685,8.909277830582116,1.6971870528355917,0.0762887348582143
2005-04-28,5.6427,5.6427,5.4365,5.4365,30285,0,-3.1720870587397254,5.4665,5.45338,5.581815000000001,5.6648144446839765,6.161247492866504,5.002382507133497,6.391035775071436,45.67449103177806,46113.35,3.792881449461969,-3.6542789799209583,2.1111549369846605,-0.0322348764411993
2005-04-29,5.4459,5.5584,5.3898,5.4083,39672,0,-0.5187160857169082,5.41776,5.477729999999999,5.556030000000001,5.640384497571217,6.1169491933547135,4.995110806645288,6.292911431961081,50.447494983597146,45581.2,3.1281309139485627,-0.6904276611763033,4.714606567534085,-0.0052006608808136
2005-05-02,5.4553,5.7176,5.4083,5.6427,49821,0,4.334079100641608,5.460859999999999,5.513350000000001,5.54009,5.640605021612053,6.0697409710723775,5.010439028927623,6.383526378275608,50.15059275873116,45358.85,5.7189874822032865,3.4351914651806377,6.737917336612109,0.0424278637878781
2005-05-03,5.6615,5.6802,5.3802,5.4459,24984,0,-3.487692062310588,5.509600000000001,5.5245999999999995,5.512905,5.622061686220429,5.999471974780848,5.026338025219152,6.52749947287573,48.83009920758719,44326.2,5.576000892160139,-3.808178044687808,2.109348633142072,-0.0354996423803732
2005-05-04,5.5209,5.624,5.4365,5.624,23307,0,3.270350171688796,5.51148,5.55366,5.49275,5.62224628753277,5.919332840723836,5.066167159276164,6.5872720707906085,54.705494712398405,45060.9,3.4489101443943717,1.8674491477838673,5.448681891476337,0.0321801225260056
2005-05-05,5.5864,5.6427,5.5303,5.5864,18697,0,-0.6685633001422331,5.54146,5.50398,5.491805,5.618832355386791,5.917420672816905,5.066189327183095,4.629042129107845,56.877650897226765,43477.05,2.0324394698298316,0.0,-8.166754339821136,-0.0067080819586751
2005-05-06,5.6802,5.6802,5.5021,5.6709,23838,0,1.5126020335099355,5.59398,5.50587,5.488525,5.6237911786832875,5.9071544775499,5.0698955224501,4.088533413286717,56.34784331858114,41242.1,3.236945893386156,-0.1637266293440465,0.3343949044585903,0.0150127627524034
2005-05-09,5.624,5.7176,5.6146,5.699,19724,0,0.4955121761977876,5.60524,5.53305,5.504465,5.630953923570593,5.929949067485762,5.078980932514238,3.828395301416113,56.075108009305424,40435.1,1.8345029031453663,1.3335704125177843,5.008107311320753,0.0049428855507704
2005-05-10,5.5584,5.6896,5.5584,5.6709,29163,0,-0.4930689594665804,5.650239999999999,5.5799199999999995,5.5063450000000005,5.634758311801965,5.934549513238608,5.078140486761393,3.4893241254558136,55.556287247703395,38664.25,2.360391479562476,2.023963730569945,9.009649763561557,-0.0049428855507704
2005-05-11,5.6427,5.6427,5.2022,5.4272,41333,0,-4.2973778412597525,5.61088,5.56118,5.501659999999999,5.614990853535112,5.931242134294806,5.072077865705193,2.843132828470428,37.040695377321214,39464.6,8.467571412094868,-3.8190936962801425,-3.337726641256733,-0.0439244881266998
2005-05-12,5.296,5.3709,5.2115,5.2397,141697,0,-3.454820165094341,5.5415399999999995,5.5415,5.49744,5.579248867484148,5.935932193533126,5.0589478064668745,2.8760551574103643,40.98719013684256,45316.45,3.0586203588218317,-1.063066465256802,-3.6199760875563314,-0.0351591023897914
2005-05-13,5.4083,5.4083,5.2022,5.2771,28551,0,0.713781323358198,5.4627799999999995,5.52838,5.503055000000001,5.55047278486661,5.926220501902056,5.079889498097946,2.893461919504136,46.42602028668031,45764.0,3.9617853984852425,-2.4259009300519527,-2.4259009300519496,0.0071124596194542
2005-05-16,5.2022,5.2304,5.0428,5.0428,35360,0,-4.439938602641602,5.3315399999999995,5.468389999999999,5.49087,5.502122995831694,5.952570988223259,5.029169011776741,2.686137405162833,46.221316138820384,46071.5,3.7201554691838,-3.064088270347173,-10.631435305793325,-0.0454152210300778
2005-05-17,5.0334,5.0616,4.9304,4.9491,27496,0,-1.8580947092884936,5.18718,5.41871,5.471655,5.449454139085819,5.989521202899245,4.9537887971007555,2.571141968326349,31.41580564088241,45791.6,2.6610417004705633,-1.6748122541423431,-9.122459097669813,-0.0187557415071259
2005-05-18,4.996,5.1553,4.6491,4.7803,163866,0,-3.4107211412175764,5.057799999999999,5.33434,5.444,5.385725173458598,6.045304193093312,4.842695806906688,2.202314725788774,31.57983381989669,47143.3,10.888128885160585,-4.317453963170536,-15.001778093883344,-0.0347024358276313
2005-05-19,4.7803,5.1459,4.7803,5.1177,19910,0,7.058134426709617,5.033399999999999,5.287470000000001,5.3957250000000005,5.360198966462541,5.932523995508531,4.85892600449147,3.5217384293629315,43.04917719096823,44030.3,7.648055561366435,7.058134426709614,-8.390018616640415,0.0682018133322266
2005-05-20,5.2209,5.2585,4.9397,4.9866,10927,0,-2.5616976376106493,4.9753,5.21904,5.362455,5.324618112513727,5.914636520402218,4.8102734795977815,3.4573183897773063,33.49101706003722,42502.6,6.453833228738577,-4.487732000229848,-12.066867692958782,-0.0259508045675479
2005-05-23,4.9772,4.996,4.9397,4.9491,8730,0,-0.7520154012754299,4.95656,5.14405,5.33855,5.288854482750515,5.919572240719361,4.757527759280638,3.4105359660840104,36.40989167304955,41636.85,1.1397453286636887,-0.5645744595354866,-13.158448850675564,-0.0075485729370473
2005-05-24,4.9022,5.0616,4.9022,5.0616,11006,0,2.2731405710129327,4.97906,5.083119999999999,5.331519999999999,5.267211198679037,5.922800336397675,4.740239663602324,3.5949209880042012,34.04267393031439,39061.35,3.2516013218555075,3.2516013218555075,-10.744326297413098,0.0224768969826863
2005-05-25,5.0616,5.0616,4.7522,4.9022,33325,0,-3.149201833412374,5.003439999999999,5.03062,5.2959000000000005,5.232448227376272,5.9010471782702485,4.6907528217297525,3.497510117825861,31.841825902335444,39084.6,6.510668742898027,-3.1492018334123726,-9.673496462264152,-0.0319985549032982
2005-05-26,4.8084,4.921,4.7242,4.9022,18485,0,0.0,4.96034,4.9968699999999995,5.269185,5.200996015245199,5.895018720223227,4.643351279776773,3.392545067465531,28.641289247013077,38494.6,4.165784683120964,1.9507528491805983,-6.441208466133563,0.0
2005-05-27,4.8741,5.1366,4.8366,5.071,21111,0,3.443351964424135,4.97722,4.97626,5.252319999999999,5.1886154423647035,5.880543562620507,4.6240964373794915,3.6137237841796575,33.816101432841975,37566.55,6.202704379109289,4.039720153464217,-3.905554186958749,0.0338539528656426
2005-05-31,4.8741,5.0428,4.7617,4.7898,53737,0,-5.545257345691191,4.945359999999999,4.95096,5.209675,5.150633019282351,5.842099623759123,4.577250376240877,3.766735761290101,29.913828477636443,37762.35,5.90335384421529,-1.7295500707823128,-5.017054017609269,-0.0570493799152109
2005-06-01,4.8366,5.1553,4.7803,5.0992,33341,0,6.45955989811684,4.95288,4.96597,5.19234,5.145734636493556,5.816453135492887,4.568226864507112,4.301673600541808,42.7401505090748,38180.2,7.844695939585381,5.429433899846999,3.0328746640803317,0.0625950077832638
2005-06-02,5.0054,5.2115,5.0054,5.1553,56428,0,1.1001725760903858,5.0035,5.00347,5.1689050000000005,5.1466456234941695,5.759045812723652,4.578764187276349,4.091183338389093,48.01654446324499,39836.25,4.1175530427138725,2.9947656530946696,7.844695939585389,0.0109416470209564
2005-06-03,5.0616,5.0616,4.9866,4.9866,8856,0,-3.2723604833860387,5.02038,4.99036,5.138915,5.1314031831613915,5.699968405000974,4.577861594999026,3.6218768300694855,43.569879144716474,39344.2,1.5040308025508398,-1.4817449027975378,-2.5616976376106493,-0.0332709968969926
2005-06-06,5.0992,5.0992,4.7898,4.8366,35964,0,-3.008061605101675,4.9735,4.97536,5.0972,5.103326689526973,5.614031007705949,4.5803689922940505,3.6567929415674287,45.258898188172545,39950.5,6.459559898116835,-5.149827423909632,-3.008061605101675,-0.0305423202694254
2005-06-07,4.7803,4.9397,4.7803,4.8648,42238,0,0.5830542116362691,4.9885,4.96693,5.05549,5.080609861952976,5.496981471694506,4.613998528305494,3.660597385567097,48.00151723483951,41076.2,3.3345187540530876,1.7676714850532256,-1.703340001212339,0.0058136102882896
2005-06-08,4.7803,4.846,4.7242,4.7336,24599,0,-2.6969248478868613,4.91538,4.934130000000001,5.008625,5.04756130367174,5.366043244608447,4.651206755391554,3.638175924147393,48.87279748974173,40848.0,2.5782143008340115,-0.9769261343430414,-6.4801643749012205,-0.0273395924434156
2005-06-09,4.7428,4.846,4.7336,4.771,13627,0,0.7900963326009869,4.83852,4.92101,4.975815,5.021222131893479,5.289211585982204,4.662418414017796,3.5445818003678653,40.214507479537126,39462.7,2.374514111881022,0.5945854769334571,-2.6763493941495575,0.0078699141536227
2005-06-10,4.8741,5.0054,4.8741,4.9772,16746,0,4.321945084887857,4.83664,4.92851,4.96269,5.017029547903624,5.250496242571624,4.674883757428376,3.825980305594944,49.74547817610744,33215.15,2.693830655915954,2.1152623048357544,1.5299253396434231,0.042311557385369
2005-06-13,4.921,4.996,4.7242,4.771,34140,0,-4.142891585630471,4.82352,4.89851,4.937385,4.993598162388993,5.196345921864036,4.678424078135964,3.86718080005582,45.5813030318067,33494.6,5.753355065407915,-3.048160942897792,-5.91599290080852,-0.042311557385369
2005-06-14,4.8741,5.1084,4.8741,5.0241,26564,0,5.3049675120519835,4.855379999999999,4.92194,4.93645,4.996503099304327,5.193939208767316,4.678960791232684,3.8290881096807663,49.13029361287627,33054.8,4.807041299932281,3.077491229149986,4.891644745083301,0.0516904068924352
2005-06-15,5.1366,5.2489,4.6398,5.0992,85529,0,1.494795087677403,4.9285,4.92194,4.943955,5.006283756513438,5.211548300797345,4.676361699202655,3.2557995332789056,54.75477891484842,35956.45,13.12772102245786,-0.728108087061478,0.0,0.0148373312545298
2005-06-16,5.1459,5.1459,5.0616,5.1084,21939,0,0.1804204581110635,4.995979999999999,4.91725,4.96036,5.016009113035968,5.225930309057075,4.694789690942924,3.2356862761386833,54.95482506728181,28860.1,1.665481270744425,-0.7287354981635968,-0.9097433708998626,0.0018025789590348
2005-06-17,5.2022,5.2489,5.1366,5.1648,53242,0,1.1040638947615644,5.033499999999999,4.93507,4.962715,5.030179673699209,5.234912670240304,4.690517329759697,3.0406827199190305,52.38264580369844,30526.7,2.186271074251456,-0.7189266079735643,3.573577186860777,0.0109801360134679
2005-06-20,5.1741,5.2304,5.0616,5.2304,32454,0,1.270136307311054,5.12538,4.97445,4.974905,5.049248276204046,5.272278700568009,4.67753129943199,2.8004436122792997,62.56846188954816,31603.05,3.334913861229652,1.0881119421735226,8.14208328164414,0.0126213773343714
2005-06-21,5.2865,5.4739,5.1833,5.2771,44412,0,0.8928571428571397,5.17598,5.01568,4.991305,5.070948440375089,5.317470772995454,4.665139227004546,2.7992325974098575,55.969398026978055,33387.15,5.606466922616874,-0.1778114064125659,8.475168557802991,0.0088889474172459
2005-06-22,5.4928,5.5115,5.3334,5.3334,31205,0,1.0668738511682596,5.2228200000000005,5.075659999999999,5.004894999999999,5.095943827006033,5.364344394578979,4.64544560542102,2.506799991494709,55.97530698517076,34397.1,3.339333258334265,-2.901980774832504,12.671117120162243,0.010612229088492
2005-06-23,5.3427,5.3427,4.921,4.9585,38221,0,-7.029287133910833,5.19284,5.09441,5.007709999999999,5.082853938719744,5.364646119303153,4.650773880696846,3.627645024503048,49.17182434423813,34641.9,8.569396464133296,-7.1911205944559855,3.92999371201006,-0.0728856578495045
2005-06-24,4.9022,5.2115,4.8554,5.1928,533148,0,4.7252193203589865,5.19844,5.11597,5.02224,5.093324992175006,5.384708045197794,4.659771954802206,3.677415570497366,60.001123090745736,60375.05,7.334102236684919,5.927950716005068,4.331752792734878,0.0461697750930791
2005-06-27,5.1928,8.061,5.1928,6.1958,1153213,0,19.31520566938838,5.391520000000001,5.25845,5.07848,5.198322611967862,5.716845747663131,4.440114252336869,6.6646748340577115,74.15082014806214,116980.15,55.23417038977044,19.315205669388387,29.863760217983646,0.1765985924069196
2005-06-28,5.9896,6.2239,5.6709,5.8114,279755,0,-6.204202847089968,5.49838,5.33718,5.12956,5.2567109346375895,5.831036441139484,4.428083558860515,7.165227751836921,67.91079500132943,128281.05,9.751538556490166,-2.975156938693742,15.670468342588716,-0.0640501374519268
2005-06-29,6.0552,6.0927,5.7365,5.9615,54384,0,2.5828543896479372,5.6240000000000006,5.42341,5.172675,5.323833702767343,5.966248272244651,4.379101727755349,7.170335161285233,69.06935768060228,129333.2,6.209361108689957,-1.5474303078345903,16.91049576404142,0.025500621571935
2005-06-30,5.9896,5.9896,5.8021,5.8208,17687,0,-2.3601442589952115,5.79646,5.49465,5.20595,5.37116382631331,6.050620308775172,4.361279691224827,7.277919156290639,63.80235602094241,127396.15,3.2315885627617584,-2.818218244957928,13.945658131704652,-0.0238844179223834
2005-07-01,5.9052,5.9426,5.7271,5.8863,26118,0,1.1252748763056708,5.935160000000001,5.5668,5.250935,5.420224414283472,6.141028001113709,4.360841998886292,7.277782258167314,69.1283915892018,128259.25,3.7628118943269646,-0.3200568990042585,13.969563197026048,0.0111899075703625
2005-07-05,6.0082,6.1208,5.8395,5.8959,18234,0,0.1630905662300508,5.87518,5.63335,5.3039,5.465526851018379,6.215978239949567,4.391821760050433,7.290725930152382,66.31484392544351,127372.75,4.817193252846988,-1.8691122133084832,12.723692260630148,0.0016295771798843
2005-07-06,5.7458,5.8208,5.6427,5.652,48301,0,-4.136773011753936,5.8433,5.67084,5.34326,5.483286198540438,6.243417004784822,4.4431029952151775,7.502151486484196,59.73033866084631,127675.9,3.1562904283410536,-1.6324967802568813,7.104280760266057,-0.042247729269632
2005-07-07,5.652,5.652,5.5303,5.6146,17497,0,-0.6617126680820928,5.7739199999999995,5.69896,5.38731,5.49579227486992,6.247172233518604,4.527447766481396,7.518411232782329,58.822504182933635,127320.8,2.200603945536403,-0.6617126680820926,5.27243409457383,-0.0066391169254146
2005-07-08,5.5021,5.6146,5.4365,5.5864,59560,0,-0.5022619598902822,5.727040000000001,5.761750000000001,5.42808,5.504421582025166,6.240941028065309,4.6152189719346906,7.035653055242367,57.420967401253264,129617.45,3.2760047824887444,1.532142272950325,12.663103761218109,-0.0050352753471778
2005-07-11,5.4272,5.5959,5.4272,5.5303,13005,0,-1.0042245453243503,5.6558399999999995,5.7955,5.455735,5.506886193260864,6.241180185932974,4.670289814067026,6.968162725075105,55.29652785136519,129430.4,3.1084168632075526,1.899690448113215,6.499383762132194,-0.010093008938978
2005-07-12,5.5115,5.5959,5.4459,5.5864,15665,0,1.0144115147460386,5.59394,5.73456,5.496505,5.514458936759829,6.214009025956076,4.779000974043924,2.622541380108876,55.44446400281641,128506.65,2.754365669586301,1.3589766851129532,-9.835695148326284,0.0100930089389781
2005-07-13,5.4553,5.5209,5.4459,5.5021,22936,0,-1.509021910353714,5.56396,5.70363,5.520404999999999,5.513281895163655,6.20263011325655,4.838179886743449,1.9106454881200483,52.94056126895591,128325.25,1.3771828347931503,0.8578813264165156,-5.322297553085309,-0.0152052350034578
2005-07-14,5.4553,5.6896,5.4365,5.6802,28528,0,3.236945893386145,5.5770800000000005,5.6755,5.549455,5.529178857529021,6.205125085444949,4.893784914555051,2.0360863188624685,63.5063817045327,125475.2,4.655568840246496,4.122596374168238,-4.718611087813462,0.0318566058345327
2005-07-15,5.624,5.8584,5.624,5.699,32412,0,0.3309742614696631,5.599600000000001,5.663320000000001,5.578985,5.545352299669114,6.2034737198003755,4.954496280199625,1.9327651725161672,60.30453546128165,125998.85,4.167852062588904,1.3335704125177843,-2.092495876855416,0.0033042774720989
2005-07-18,5.9052,5.9052,5.7083,5.8395,37936,0,2.465344797332869,5.661440000000001,5.65864,5.61272,5.573366366367294,6.215519104529086,5.0099208954709145,2.0756033757004015,38.821610089728296,125233.55,3.449363207960328,-1.1125787441576858,-0.7950665103715449,0.0243544558836205
2005-07-19,5.9708,5.9989,5.8395,5.877,25710,0,0.6421782686873767,5.7195599999999995,5.656750000000001,5.64505,5.6022838552846945,6.230624458387492,5.059475541612509,2.086831888713083,52.630734680782794,124896.35,2.7296857607671847,-1.5709787633147967,-0.3205617462982757,0.0064012508940302
2005-07-20,5.8959,5.9333,5.877,5.877,11638,0,0.0,5.7945400000000005,5.67925,5.675045,5.628447297638533,6.242436532782873,5.107653467217127,1.5082120839127422,46.147533509619755,123257.65,0.957971754296414,-0.3205617462982811,3.980891719745227,0.0
2005-07-21,6.3082,6.4207,5.9615,6.2051,138991,0,5.582780330100401,5.89952,5.738300000000001,5.71863,5.683366602625339,6.308978054696738,5.128281945303263,2.167721895353703,64.96378786698855,128646.95,7.702759372641115,-1.6343806474113125,10.517222954440197,0.0543251069316506
2005-07-22,6.2989,6.7394,6.2895,6.2989,79254,0,1.5116597637427232,6.0195,5.80955,5.78565,5.7419888309467355,6.313706709474524,5.2575932905254765,2.1025649414696734,65.71929289850655,130698.6,7.153191827649248,0.0,12.754188744092776,0.015003480415811
2005-07-25,6.3082,6.3738,6.2989,6.3175,9168,0,0.2952896537490757,6.1151,5.88827,5.841885,5.796799418475618,6.342968933614243,5.340801066385756,1.9862748216712296,65.95277735734827,104499.6,1.1890965089142616,0.1474271583018871,14.234309169484472,0.0029485453022373
2005-07-26,5.8959,6.0927,5.8114,5.952,53166,0,-5.785516422635539,6.1301000000000005,5.92483,5.829695,5.8115804262398445,6.305764837756038,5.353625162243962,3.0144582354206704,60.3950103950104,49497.25,4.840485941425472,0.9515086755202736,6.544465129600452,-0.0595962627494215
2005-07-27,5.9801,5.9801,5.624,5.7271,45077,0,-3.7785618279569833,6.1001199999999995,5.947329999999999,5.825480000000001,5.803534671359859,6.303719651881343,5.347240348118659,3.271784637207642,53.449862005519776,37763.35,6.3317923186344345,-4.230698483302957,4.089347703604074,-0.0385180031225709
2005-07-28,5.3898,6.2239,5.3053,5.5021,33616,0,-3.9286899128703863,5.9595199999999995,5.92952,5.80251,5.774826607420825,6.2970929286006205,5.307927071399379,3.3766183867880057,47.69331801017896,36724.95,17.314760710987137,2.0835652528850845,-3.1354529770078465,-0.0400794568619891
2005-07-29,5.5771,5.5771,4.9304,5.1553,98859,0,-6.303047927155081,5.7308,5.87515,5.769235,5.715824073380746,6.342004825267403,5.196465174732597,3.8628786732713474,41.14730878186968,40783.55,13.116582833035862,-7.563070412938612,-9.540270222846104,-0.0651045258443393
2005-08-01,5.2489,5.2489,4.7336,5.0616,120176,0,-1.8175469904758268,5.479620000000001,5.797359999999999,5.728,5.653517018773056,6.378723746058357,5.077276253941642,3.67760146210171,37.82705511226572,45486.45,10.886006422173397,-3.5683667054049337,-13.321346005651169,-0.0183426728513537
2005-08-02,5.5677,6.0082,5.0241,5.1366,165233,0,1.4817449027975105,5.31654,5.723319999999999,5.690035,5.604286826508956,6.386504796904369,4.993565203095631,3.737437740014638,41.485346876019165,52836.4,19.58758782667544,-7.742874077267106,-12.598264420622773,0.0147087431438202
2005-08-03,5.0054,5.4739,4.9866,5.296,43996,0,3.1032200288128475,5.230320000000001,5.66522,5.672235000000001,5.574926176365246,6.39064896444933,4.953821035550671,3.9761947402773887,40.971047189321304,52621.15,9.772189467773638,5.805729811803261,-9.885996256593488,0.0305604366403492
2005-08-04,5.3427,5.4177,5.2489,5.3053,57031,0,0.1756042296072513,5.1909600000000005,5.57524,5.65677,5.5492474929018885,6.3934909915350815,4.920049008464918,3.2965836073452155,40.70629337613899,54597.85,3.215911905351599,-0.7000205888408461,-14.500975004431837,0.0017545022564526
2005-08-05,5.3802,5.4177,5.3241,5.3802,22617,0,1.4117957514184098,5.23594,5.483370000000001,5.646459999999999,5.533147731673137,6.393032906581881,4.899887093418117,3.2865672459962805,38.811205846528615,52750.7,1.7580436130050214,0.0,-14.58508628490688,0.0140192273127602
2005-08-08,5.3898,5.5396,5.3709,5.4365,21774,0,1.046429500762036,5.31092,5.39527,5.64177,5.523943185799505,6.392581894866948,4.890958105133052,3.340665685673128,39.366581374016306,53189.15,3.141000577184463,0.8664514453226375,-13.94538979026514,0.0104099232517471
2005-08-09,5.5303,5.6333,5.4739,5.6053,33291,0,3.104938839326765,5.40466,5.3606,5.642715000000001,5.5316914538186,6.393280996326852,4.89214900367315,3.2369344929503026,43.93553859202713,54070.45,2.9120005845923336,1.35616512666581,-5.824932795698934,0.0305771072757246
2005-08-10,5.5209,5.7271,5.5209,5.6146,13608,0,0.165914402440559,5.468380000000001,5.34935,5.64834,5.539587505835876,6.396150038924193,4.900529961075807,3.0338091555841324,34.63280070785406,53604.05,3.7348982955677505,1.6971870528355903,-1.9643449564351936,0.0016577691654746
2005-08-11,5.5303,5.6053,5.3898,5.5677,32042,0,-0.835322195704058,5.52086,5.35591,5.642715000000001,5.542264886232459,6.3912081171500965,4.894221882849905,2.7509019641257044,30.4950917626974,53779.75,3.9982930720991425,0.6762743431640214,1.1922720415841193,-0.0083883056266348
2005-08-12,5.5021,5.6053,5.3521,5.5021,32947,0,-1.1782244014584051,5.545240000000001,5.39059,5.63287,5.538439658972225,6.383422826711234,4.882317173288765,1.6855118848168666,28.781097116685757,53806.5,4.7308533099157275,0.0,6.727057591216812,-0.0118522047240008
2005-08-15,5.4272,5.5677,5.4272,5.4272,26692,0,-1.3612984133331008,5.543380000000001,5.42715,5.612255,5.527845405736775,6.3615592343963,4.8629507656037,1.615542622706884,33.909737552121655,53244.3,2.588811910377364,0.0,7.223012486170366,-0.0137064903708384
2005-08-16,5.3427,5.5209,5.3427,5.4083,25533,0,-0.3482458726415172,5.50398,5.45432,5.58882,5.516460128999939,6.332557887048654,4.845082112951347,1.6222284720865026,38.812464907355405,53235.45,3.3353922174181663,1.2278435996780632,5.289491103064292,-0.0034885366005388
2005-08-17,5.4272,5.5115,5.3898,5.4272,28371,0,0.3494628626370621,5.4665,5.467440000000001,5.56633,5.507959164333278,6.300517846606902,4.8321421533930975,1.3469750696488965,46.92705341757609,54072.1,2.257968755797983,0.0,2.4773413897280827,0.0034885366005388
2005-08-18,5.4553,5.5303,5.4459,5.4928,18607,0,1.20872641509433,5.45152,5.48619,5.530715,5.506515434396776,6.200736524477517,4.860693475522482,1.379595244470703,67.99999999999996,48052.9,1.5497897500872304,0.6874049089875836,3.5342016474091853,0.0120147965458982
2005-08-19,5.3709,5.5584,5.3427,5.3898,14245,0,-1.8751820565103383,5.42906,5.48715,5.485259999999999,5.49539967873994,6.051101284795452,4.9194187152045465,1.4875535323582418,67.33206590621037,44802.45,4.0372845190633955,0.3518963302239915,0.1784320285491247,-0.0189298652402116
2005-08-22,5.3521,5.4365,5.1553,5.1833,14755,0,-3.831310994842107,5.38028,5.461830000000001,5.4285499999999995,5.465675899812326,5.852832341446331,5.004267658553668,1.8675728349842808,52.16544560882873,45081.8,5.454580722751328,-3.1539022066104905,-4.657408258990148,-0.0390663594127907
2005-08-23,5.2585,5.3802,5.2209,5.2489,8822,0,1.2656029942314628,5.3484,5.42619,5.393395,5.445030576020676,5.74542083323271,5.04136916676729,1.539150436925657,47.60792280345351,42864.6,3.0511980692983967,-0.1825615669867801,-6.3582680677216175,0.0125766117725404
2005-08-24,5.1553,5.3802,5.0428,5.0992,40381,0,-2.8520261388100376,5.2828,5.37465,5.362,5.412094330685373,5.7004513150094205,5.02354868499058,1.6542723231104677,40.83918570539604,42629.8,6.6907273736813,-1.0882004926968498,-9.17963879884588,-0.0289348661598937
2005-08-25,5.1928,5.3053,5.1553,5.2585,61725,0,3.124019454032001,5.23594,5.343729999999999,5.349819999999999,5.397466299191528,5.684555192117788,5.015084807882211,2.0979618259151303,44.96816340031421,44035.25,2.909626985820407,1.265213372361725,-5.553460136142407,0.0307621502970111
2005-08-26,5.1459,5.4177,5.1459,5.3616,30461,0,1.9606351621184848,5.2303,5.32968,5.3601350000000005,5.394050461173287,5.6821023358719,5.0381676641281015,2.224495370001977,47.01854947854473,40615.35,5.2818748906896715,4.191686585436949,-2.55357045491722,0.0194166230229629
2005-08-29,5.2304,5.2771,4.7522,5.0992,59084,0,-4.894061474186817,5.21348,5.29688,5.362015,5.365969464871069,5.677006169634001,5.047023830366,2.66080368925998,31.251389197599497,37560.75,11.045410546694155,-2.508412358519437,-6.043632075471706,-0.050178773319974
2005-08-30,5.0616,5.1833,4.9116,5.1272,31294,0,0.549105742077205,5.18914,5.26877,5.361545,5.34322951583573,5.67797710612942,5.045112893870581,2.684856951902928,32.19087985969017,30863.8,5.531802264028016,1.296032874980241,-5.197566703030521,0.0054760365269452
2005-08-31,5.0241,5.2115,5.0241,5.2115,6797,0,1.6441722577625215,5.2116,5.247199999999999,5.35732,5.330683847660898,5.679638708570824,5.035001291429175,2.7604968251230955,37.33105704936691,29003.85,3.730021297346793,3.730021297346793,-3.97442511792453,0.0163080209893598
2005-09-01,5.1366,5.3241,5.1366,5.2678,26663,0,1.080303175669206,5.2134599999999995,5.2247,5.3554450000000005,5.324694909788432,5.679469641525636,5.031420358474365,2.752623582134324,41.61117078410312,27485.45,3.650274500642449,2.554218743916222,-4.096271482668213,0.0107450958909695
2005-09-02,5.4833,5.4833,5.1741,5.2115,21819,0,-1.0687573560120067,5.18344,5.20687,5.34701,5.3139144421895335,5.67704866376377,5.01697133623623,2.7156102266962696,42.172871761376015,27445.55,5.975918517230044,-4.956869038717557,-3.3081004861033825,-0.0107450958909695
2005-09-06,5.3898,5.4365,5.3241,5.3802,8152,0,3.237071860308949,5.23964,5.22656,5.344195,5.320227352457197,5.671972475704135,5.016417524295865,2.61293610470944,49.08031681612884,26764.45,2.111154936984656,-0.1781142157408406,3.7987382555514815,0.03185782600668
2005-09-07,5.2865,5.399,5.2771,5.399,5327,0,0.3494293892420286,5.294,5.24157,5.33388,5.327729509366035,5.6392807313954405,5.028479268604559,2.5953956678180212,49.076983503534954,25366.25,2.309980860700008,2.1280620448311702,2.8596467831355055,0.00348820303223
2005-09-08,5.296,5.4083,5.296,5.3241,1326,0,-1.3872939433228426,5.31652,5.26406,5.319355,5.327383841807365,5.5946932797865525,5.044016720213447,2.4331918831883064,44.51167935454486,24752.15,2.1204682779456077,0.5305891238670571,4.410495764041422,-0.0139700680096581
2005-09-09,5.3241,5.3241,5.2489,5.2585,7952,0,-1.2321331304821492,5.31466,5.26406,5.303895,5.32082347592095,5.554095302705079,5.053694697294921,2.288809236930812,45.62187395798598,23547.65,1.4326811331898055,-1.232133130482145,0.0,-0.0123978682485458
2005-09-12,5.3427,5.3709,5.3427,5.3709,1153,0,2.137491680136927,5.34654,5.26499,5.2973349999999995,5.325592668690383,5.53205529737547,5.062614702624529,2.306055966222523,56.674256439447824,21957.95,0.5278230108372173,0.5278230108372173,0.1734556848701718,0.0211496772652539
2005-09-13,5.296,5.4083,5.296,5.296,9706,0,-1.3945521234802305,5.3297,5.28467,5.290775,5.322774319291299,5.517407499875966,5.064142500124034,1.6444735541210722,51.66466388633634,21108.65,2.1204682779456077,0.0,3.8594289300282414,-0.0140436736084928
2005-09-14,5.2115,5.2678,5.1272,5.1366,10969,0,-3.0098187311178415,5.27722,5.28561,5.27719,5.305043431739747,5.506714743764218,5.047665256235782,1.9611804552886287,51.31283347374333,20380.45,2.7422374785457957,-1.4372061786433927,0.1833359338430318,-0.0305604366403493
2005-09-15,4.996,5.1553,4.996,5.1177,14189,0,-0.3679476696647477,5.235939999999999,5.27623,5.261715000000001,5.287201200145485,5.490387224857072,5.033042775142929,1.8793174700067905,44.51713395638632,19671.35,3.1885508406725376,2.4359487590071995,-1.7998656816655467,-0.0036862626219113
2005-09-16,5.071,5.1272,5.0241,5.0803,6775,0,-0.7307970377317896,5.2003,5.25748,5.24109,5.2674963239411525,5.456000261810854,5.026179738189145,1.8325936999819383,38.45522449314621,19079.75,2.052108835413316,0.1833957799250745,-3.5593606439120684,-0.0073348044076305
2005-09-19,5.0897,5.4272,5.0897,5.2771,43380,0,3.873786981083782,5.18154,5.26404,5.235455,5.268410959756281,5.43958730462008,5.03132269537992,2.237909978237741,57.716665220785984,20536.5,6.631039157514203,3.68194589072048,1.258754677156282,0.0380063894402391
2005-09-20,5.3334,5.3709,5.2865,5.2865,3549,0,0.1781281385609512,5.17964,5.25467,5.240615,5.270133725493778,5.444413365522162,5.036816634477838,1.960557883528686,57.02319019486818,19976.2,1.5965194363000017,-0.8793640079498994,-1.7415709453180162,0.001779696785389
2005-09-21,5.2489,5.3521,5.2489,5.3427,6345,0,1.0630852170623315,5.22086,5.249039999999999,5.245305,5.2770447992562755,5.454160633594695,5.036449366405305,1.9938028436931543,55.93128390596744,19852.35,1.9661262359732552,1.7870410943245227,-1.0427857010557595,0.0105747419774885
2005-09-22,5.2771,5.3146,5.1366,5.2489,7643,0,-1.755666610515283,5.2471000000000005,5.2415199999999995,5.25279,5.274364342184249,5.450004261254444,5.055575738745556,2.023675379165215,49.17358985570615,18215.45,3.465327259276581,-0.5343844156828562,-1.4124452959185518,-0.0177126123271039
2005-09-23,5.2489,5.399,5.1366,5.3053,8321,0,1.0745108498923628,5.2921,5.2462,5.25513,5.277310595309559,5.453735211147059,5.056524788852942,2.0147522471308688,54.10108429520812,15545.25,5.108437487832427,1.0745108498923583,0.8899876390605632,0.010687790050331
2005-09-26,5.1648,5.2209,4.7898,5.0334,51837,0,-5.125063615629644,5.24336,5.21245,5.23872,5.254081014803886,5.453834027045216,5.023605972954783,2.460974905444314,36.09239653512992,16614.05,9.000375798571982,-2.544144981412626,-6.283863039713999,-0.0526106207929927
2005-09-27,4.9022,5.0897,4.9022,5.0054,17903,0,-0.5562840227281818,5.18714,5.18339,5.23403,5.230397108632087,5.465425847663307,5.002634152336692,2.445869237337302,34.33121019108279,14555.0,3.824813349108564,2.105177267349357,-5.487160120845925,-0.0055783704445023
2005-09-28,4.921,5.0521,4.921,4.9678,9814,0,-0.7511887161865016,5.11216,5.16651,5.2260599999999995,5.205387860190936,5.482566705770617,4.969553294229382,2.2914114084799704,35.38196438828261,13481.0,2.6640926640926637,0.9510262141841124,-3.286220457111688,-0.0075402434818009
2005-09-29,4.9022,5.1459,4.9022,4.9772,15824,0,0.1892185675751667,5.05782,5.15246,5.214345,5.183655683029895,5.494007958614622,4.934682041385377,2.2966068775406665,37.90107526881719,13932.35,4.971237403614714,1.5299253396434291,-2.745373898430936,0.0018903977474754
2005-09-30,4.8366,5.1084,4.8366,5.0992,6546,0,2.451177368801738,5.0166,5.154349999999999,5.205915,5.175612284646095,5.488937649456355,4.922892350543645,2.4392155707122107,38.40969200580153,12926.5,5.619650167473015,5.429433899846999,0.3720252740979868,0.0242161807615958
2005-10-03,5.0147,5.0897,5.0147,5.0803,6888,0,-0.370646375902095,5.02598,5.13467,5.199355,5.16653492420361,5.487861466040885,4.910848533959115,2.0391261532345295,40.33688737568316,12179.95,1.4956029273934488,1.3081540271601466,-3.729321028595245,-0.0037133497161189
2005-10-04,4.9772,5.0803,4.9772,5.0147,5490,0,-1.291262327027931,5.027839999999999,5.10749,5.18108,5.152074455231838,5.467650998642902,4.894509001357098,2.0489366879655546,44.03795363396265,12046.85,2.071445792815246,0.7534356666398886,-5.141397900312117,-0.0129967158786216
2005-10-05,4.9866,5.0428,4.9585,4.9585,6452,0,-1.1207051269268464,5.02598,5.069070000000001,5.159055,5.133638792828806,5.442802355934876,4.875307644065125,1.978128199089774,42.487731219328026,12103.1,1.7001109206413192,-0.5635102073557181,-7.191120594455979,-0.0112703234421516
2005-10-06,4.9678,5.071,4.9678,4.9678,24686,0,0.1875567207825001,5.0241,5.04096,5.14124,5.117844622083205,5.426094832096025,4.856385167903975,1.961068072271103,44.54677653902085,13271.1,2.077378316357327,0.0,-5.355407799729461,0.0018738105278207
2005-10-07,4.8929,4.9772,4.8273,4.9022,27610,0,-1.3205040460566253,4.9847,5.00065,5.123424999999999,5.097307039027662,5.421654349221159,4.82519565077884,1.8880574039269784,29.179162501388404,14254.0,3.105255525863313,0.1900713278423765,-7.598062315043452,-0.0132930022246242
2005-10-10,4.9304,5.0334,4.921,4.921,12206,0,0.3835012851372887,4.95284,4.98941,5.10093,5.080515892453599,5.388233266143768,4.813626733856232,1.126493535022031,29.910959657029792,14806.65,2.284088599878075,-0.1906539023202865,-2.2330830055231066,0.0038276779366017
2005-10-11,5.0992,5.0992,4.921,4.921,6678,0,0.0,4.9341,4.98097,5.08218,5.065323902696114,5.3647886347249285,4.799571365275072,1.1217625503161408,25.29584065612188,14655.25,3.621215200162558,-3.494665829934098,-1.6861789267590963,0.0
2005-10-12,4.9304,4.9866,4.8834,4.921,24191,0,0.0,4.9266000000000005,4.9762900000000005,5.0714,5.0515787691060074,5.361613924726742,4.781186075273258,1.1030899284457123,28.419112807687284,15316.35,2.113281729942257,-0.1906539023202865,-0.9420669109062364,0.0
2005-10-13,4.8273,5.0428,4.8273,4.9585,48510,0,0.7620402357244371,4.92474,4.97442,5.06344,5.042714124429245,5.357020462565266,4.7698595374347335,1.1336033298351231,26.592872570194388,17032.4,4.464193234313169,2.717875416899711,-0.3757132524310869,0.0075915137602014
2005-10-14,4.9304,4.9304,4.8366,4.8741,7483,0,-1.7021276595744594,4.91912,4.95191,5.05313,5.026655636388364,5.3584648539762005,4.7477951460238,0.8475213899708829,35.604554491234424,17067.8,1.939378902534836,-1.1418951809183708,-4.414417947913385,-0.0171678036223653
2005-10-17,4.9304,4.9772,4.8273,4.846,4831,0,-0.5765166902607755,4.904120000000001,4.92848,5.031575,5.009450337684711,5.33114923735069,4.73200076264931,0.847955094711302,35.598120708348404,15140.35,3.105255525863313,-1.711828654875864,-4.611932366198845,-0.0057818496273434
2005-10-18,4.9585,5.1553,4.8366,4.8366,20958,0,-0.1939744118860997,4.88724,4.91067,5.00908,4.992988400762357,5.2953244417295995,4.7228355582704005,0.7991482006817048,37.50952018278747,16010.8,6.589339618740452,-2.4584047595038845,-3.5515584182503557,-0.0019416278588608
2005-10-19,4.9491,5.0054,4.8648,4.8648,23213,0,0.5830542116362691,4.876,4.901300000000001,4.9851849999999995,4.980779981642133,5.231116280731312,4.739253719268687,0.800109269924515,39.66911764705884,16854.2,2.8901496464397316,-1.7033400012123383,-1.8896843803569596,0.0058136102882896
2005-10-20,5.1553,5.1553,4.7803,4.8366,26126,0,-0.5796743956586137,4.85162,4.88818,4.96457,4.967048554819073,5.185249697394537,4.743890302605464,0.7969065263127455,20.835184362505657,17778.35,7.844695939585381,-6.18198746920646,-2.6410080921132173,-0.0058136102882897
2005-10-21,4.8084,5.0147,4.8084,4.8366,11584,0,0.0,4.844119999999999,4.88162,4.941135,4.954624882931542,5.1004877470740295,4.781782252925971,0.7067745062444805,21.748203106886237,17941.5,4.290408451875896,0.5864736710756178,-1.3381746970747788,0.0
2005-10-24,4.8084,4.9866,4.8084,4.8741,140756,0,0.775338047388674,4.84974,4.87693,4.93317,4.946955846461871,5.088990545905716,4.777349454094283,0.7481999683632395,32.56448412698424,22387.45,3.706014474669336,1.3663588719740567,-0.953058321479372,0.0077234774862042
2005-10-25,4.8648,4.921,4.8554,4.8554,5243,0,-0.3836605732340348,4.8535,4.870369999999999,4.92567,4.938236242036931,5.081291810134421,4.770048189865579,0.7527136822219984,35.903746240087656,21754.45,1.351073032087982,-0.1932247985528574,-1.3330623856939616,-0.0038439843828078
2005-10-26,4.921,4.921,4.8554,4.8648,16605,0,0.1935988795979559,4.8534999999999995,4.86475,4.920520000000001,4.93124231422389,5.077085756826219,4.7639542431737825,0.7589371330772299,35.92126845270634,22094.0,1.351073032087982,-1.1420442999390463,-1.142044299939049,0.0019341171848932
2005-10-27,4.846,4.9866,4.846,4.8741,147723,0,0.1911692155895483,4.861000000000001,4.85631,4.915365,4.92580018905971,5.070858567645057,4.759871432354944,0.7054570253568274,45.460420032310296,28688.95,2.90136194799835,0.5798596780850234,-1.7021276595744594,0.0019098671979144
2005-10-28,4.9678,4.9678,4.846,4.8741,193452,0,0.0,4.8685,4.856310000000001,4.90411,4.920876361530214,5.034066007131315,4.774153992868685,0.4556234057462074,41.93326453388375,38034.25,2.5134131242261732,-1.8861467852973168,0.0,0.0
2005-10-31,5.1553,5.6333,5.1553,5.4272,121218,0,11.347735992285756,4.97912,4.91443,4.921455,4.969097660432098,5.17970169132244,4.66320830867756,3.591131573029556,79.99525954017538,43750.75,9.272011328147729,5.274183849630469,11.993396615765572,0.1074878751537149
2005-11-01,5.7365,5.7739,5.4928,5.5303,32519,0,1.8996904481132224,5.1141000000000005,4.9838000000000005,4.947235,5.022545502295708,5.321538385391889,4.572931614608111,3.5621763308420116,82.17340796282606,45102.2,5.1176085056801695,-3.5945262790900365,14.34272009262707,0.0188187164353183
2005-11-02,5.5959,5.6427,5.5771,5.6053,27799,0,1.3561651266658092,5.2622,5.05785,4.979575,5.078045930648498,5.455853224194791,4.503296775805208,3.5507814350837252,82.85249898415277,46169.55,1.1762385469150614,0.1679801283082151,15.221591843446802,0.0134705151206813
2005-11-03,5.7553,5.8395,5.5771,5.6709,135965,0,1.170320946247294,5.4215599999999995,5.14128,5.01473,5.134508222967689,5.582378635207265,4.447081364792735,3.480416743393198,91.25932062966028,51733.5,4.704954187660261,-1.466474380136578,17.249720878302945,0.0116352565707002
2005-11-04,5.5771,5.8584,5.5771,5.8488,13230,0,3.13706819023436,5.6165,5.2425,5.062060000000001,5.2025360112564805,5.737770278619186,4.386349721380816,3.4559588336792557,94.95248341402186,51014.5,5.043839988524501,4.87170751824425,20.927924575114744,0.030888676694877
2005-11-07,5.699,5.8208,5.5864,5.7176,20765,0,-2.2431951853371546,5.67458,5.32685,5.10189,5.251589724470149,5.834137010092572,4.369642989907428,3.695311060417065,85.60459101196251,51442.45,4.195904339109264,0.3263730479031439,17.305759011920152,-0.0226873750733369
2005-11-08,5.6427,5.7176,5.5021,5.652,39034,0,-1.147334545963341,5.698919999999999,5.406509999999999,5.13844,5.289724036425373,5.904848406722404,4.372031593277597,3.7498843802058546,80.88027616507142,53060.25,3.916686356118565,0.1648147163591991,16.406475264653775,-0.011539672101351
2005-11-09,5.5959,5.8114,5.4553,5.7832,15937,0,2.3213021939136436,5.7345,5.49835,5.18155,5.336721747242004,5.9921806355970375,4.370919364402962,3.722075728066849,84.35685249709643,52647.55,6.527597015746148,3.3470934076734675,18.878473935208028,0.0229476978816691
2005-11-10,5.6333,5.8395,5.6333,5.8114,16003,0,0.487619311108034,5.762600000000001,5.59208,5.224195,5.381929199885623,6.074200254411025,4.374189745588975,3.7089665507963105,84.67065016360793,51022.2,3.6603766886194578,3.161557168977326,19.2302168605486,0.0048643429881642
2005-11-11,5.8114,5.9896,5.7176,5.877,19147,0,1.1288157758887696,5.7682400000000005,5.6923699999999995,5.2743400000000005,5.429078799896516,6.155154798384238,4.393525201615763,3.663886847199638,84.97105795383222,51605.4,4.7572408003358095,1.1288157758887685,20.576106358096855,0.0112249219383987
2005-11-14,5.8021,5.8677,5.624,5.624,21488,0,-4.304917474902159,5.7495199999999995,5.71205,5.3132399999999995,5.447642723715895,6.1830539701895315,4.4434260298104675,2.285016491203527,73.03680613835272,52438.25,4.333214793741118,-3.0695782561486458,3.626179245283012,-0.0440032731221495
2005-11-15,5.7365,5.7832,5.6709,5.6709,9557,0,0.8339260312944408,5.753299999999999,5.72611,5.3549549999999995,5.468905321457239,6.208390137917119,4.50151986208288,2.230492906308208,73.62959488772938,51868.2,1.9802853162637375,-1.1435544321450497,2.5423575574561763,0.0083046807937282
2005-11-16,5.6896,5.7176,5.5771,5.6146,78801,0,-0.9927877409229512,5.7195800000000006,5.727040000000001,5.392445,5.482781005127978,6.220724559912265,4.564165440087736,2.2275470173159326,71.12455069321621,54647.6,2.5192304244141277,-1.3181946006749186,0.165914402440559,-0.0099774874052257
2005-11-17,5.7458,6.2708,5.7365,5.9052,75144,0,5.175791685961584,5.738339999999999,5.75047,5.445875,5.52301138559198,6.26094130243708,4.63080869756292,2.7519568530681138,75.23124357656732,57098.5,9.314041663034953,2.7742002854258723,4.1316193196847095,0.0504629707809292
2005-11-18,5.9896,6.0271,5.8488,5.9144,19038,0,0.1557948926369956,5.74582,5.75703,5.499765,5.560286491726077,6.287272610723477,4.712257389276523,2.583601754005073,66.24649859943979,57471.2,3.0484885788537843,-1.25550954988648,1.1215975926685884,0.0015567365829574
2005-11-21,5.7927,5.9052,5.7832,5.7927,33431,0,-2.0576897064790933,5.77956,5.764539999999999,5.545695,5.582421111561689,6.285248499648359,4.806141500351641,2.5651771579518363,58.6429512516469,52104.95,2.1095587218149103,0.0,1.3134881768574136,-0.0207915511262874
2005-11-22,5.9144,5.9989,5.8114,5.8208,11009,0,0.4850933070934093,5.80954,5.78142,5.593965,5.605123862841528,6.266828130760537,4.921101869239463,2.524350625592349,57.32445109102034,52393.25,3.2264170423650067,-1.5825781144325626,2.986553432413297,0.0048392052072003
2005-11-23,5.9989,6.0364,5.952,6.0176,10483,0,3.3809785596481623,5.89014,5.80486,5.651604999999999,5.644407304475668,6.255430591671902,5.047779408328096,2.637259092690773,60.818822942020866,52087.15,1.41801075268818,0.3117238160329383,4.053119380273906,0.0332507993922688
2005-11-25,6.0738,6.0927,6.0645,6.0927,6434,0,1.2480058495081048,5.92764,5.832990000000001,5.712535,5.687101846906557,6.225047257209036,5.2000227427909635,2.650059457164237,58.13271090363456,45022.7,0.4650012367054169,0.3111725772992109,4.840485941425476,0.0124028244911017
2005-11-28,6.0927,6.102,6.0458,6.0552,21004,0,-0.6154906691614448,5.9558,5.85081,5.77159,5.7221588138678365,6.124733196839061,5.418446803160939,2.6618389496026857,62.0073979228909,36400.3,0.9295709418108518,-0.6154906691614498,3.0321592649311,-0.0061739262122159
2005-11-29,6.28,6.28,5.9801,5.9801,21278,0,-1.2402563086272966,5.99328,5.886419999999999,5.799235,5.746724641118519,6.124313155946707,5.474156844053294,2.206232938224363,61.591182081537504,31403.3,5.01496630491129,-4.77547770700637,6.331792318634433,-0.0124801167820714
2005-11-30,5.9989,6.1114,5.924,5.9615,52685,0,-0.311031588100541,6.021420000000001,5.9154800000000005,5.8207949999999995,5.767179437202469,6.12744663142018,5.514143368579819,2.224530811888135,56.84347892837954,32411.6,3.1634031060094414,-0.6234476320658767,5.124407060607661,-0.0031151629666996
2005-12-01,6.0832,6.1488,5.9052,6.0458,106856,0,1.4140736391847764,6.0270600000000005,5.9586,5.84282,5.793714728897473,6.147573378116979,5.53806662188302,2.171909139472029,58.62525758021785,36364.45,4.125177809388333,-0.6148079957916867,7.679977202294008,0.0140416888239403
2005-12-02,6.0271,6.0927,5.9989,6.0552,73054,0,0.1554798372423782,6.01956,5.973599999999999,5.8620350000000006,5.818618088050094,6.169595488017398,5.554474511982603,1.5215486277219985,56.84016582220178,33218.9,1.563619996999448,0.4662275389490839,2.540134119081494,0.0015535909248306
2005-12-05,6.0832,6.0927,5.6333,5.952,99969,0,-1.7043202536662694,5.99892,5.97736,5.867195000000001,5.8313211272834184,6.177273064703959,5.557116935296042,1.644629279685839,64.22623178348374,37555.85,8.155077840697276,-2.1567596002104117,0.6357365075071009,-0.0171901094820298
2005-12-06,5.8677,6.0738,5.8114,5.9144,57546,0,-0.6317204301075297,5.98578,5.98953,5.877035,5.839233400875473,6.179522256103938,5.574547743896063,1.4940481047634042,60.64713598600789,39394.9,4.515263103555089,0.7958825434156401,2.1009201236038333,-0.0063372422700375
2005-12-07,5.952,6.1114,5.8677,5.8677,9203,0,-0.7895982686324854,5.96702,5.99422,5.88782,5.841944505553999,6.171308840214816,5.6043311597851835,1.5228356672282446,61.160596172502,37903.35,4.153245735126192,-1.4163306451612874,0.8057311709730675,-0.0079273210313084
2005-12-08,5.8959,5.924,5.7646,5.7646,17737,0,-1.75707687850436,5.91078,5.96892,5.886889999999999,5.834578362167904,6.171941669554513,5.601838330445486,1.0963949677727385,42.57185122569737,37993.35,2.7651528293376932,-2.2269712851303516,-4.204333953735706,-0.0177269671307094
2005-12-09,5.6802,5.877,5.6802,5.7365,9673,0,-0.4874579329007922,5.84704,5.9333,5.883145,5.825237565770961,6.174275851210141,5.5920141487898585,0.9266892384034144,40.785248109396065,37676.85,3.4646667370867164,0.9911622830182076,-5.846340702808273,-0.0048864988416744
2005-12-12,5.5303,5.8395,5.5303,5.7365,10129,0,0.0,5.80394,5.9014299999999995,5.87612,5.816786369030869,6.174563877118462,5.577676122881538,0.9455533667069675,46.66903745851117,37225.95,5.591016762200959,3.728549988246568,-5.263244814374413,0.0
2005-12-13,5.7927,5.8395,5.7458,5.7646,5219,0,0.4898457247450416,5.77398,5.87988,5.8831500000000005,5.811816238646977,6.162608254108731,5.60369174589127,0.9603759558019216,46.669037458511106,36412.5,1.6307563785721766,-0.4850933070934147,-3.603618668584141,0.0048864988416745
2005-12-14,5.7271,5.7553,5.7271,5.7553,2006,0,-0.1613294938070275,5.7515,5.85926,5.88737,5.8064337397282175,6.155658823942886,5.619081176057113,0.96242642816029,30.01066910531928,36034.95,0.4923958024130886,0.4923958024130886,-3.4588610249098317,-0.0016145976996965
2005-12-15,5.7646,5.877,5.7646,5.8488,11441,0,1.624589508800578,5.76834,5.8395600000000005,5.89908,5.810468621658863,6.13583056027283,5.662329439727169,1.0065244595742902,31.919940696812404,32666.95,1.9498317316032348,1.4606390729625656,-3.258460418803133,0.0161153425979303
2005-12-16,5.952,5.9989,5.8021,5.8021,10456,0,-0.7984543838052138,5.78146,5.8142499999999995,5.893925,5.8096716100723045,6.134572205195587,5.6532777948044135,1.0009945968127958,31.49041977475497,29432.55,3.3918753554747356,-2.518481182795694,-4.179878451578811,-0.0080165910102286
2005-12-19,5.8021,5.8114,5.7083,5.7832,6150,0,-0.3257441271263928,5.7908,5.79737,5.887365,5.8071505043511324,6.132768103613593,5.641961896386407,0.8939021728571327,34.31075697211149,28788.15,1.806141933675517,-0.3257441271263915,-2.8360215053763405,-0.0032627582827901
2005-12-20,5.7176,5.7927,5.7176,5.7365,7414,0,-0.8075114123668459,5.7851799999999995,5.77958,5.884555000000001,5.80042188488912,6.1357410746643595,5.633368925335642,0.9031870526953578,32.84014643075042,27487.3,1.3134881768574218,0.3305582761998104,-3.007912890572151,-0.0081078944468896
2005-12-21,5.7176,5.7176,5.4553,5.5115,18476,0,-3.922252244399904,5.736420000000001,5.7439599999999995,5.86909,5.77290551489968,6.1699731275114615,5.568206872488538,1.46186312422584,16.451086274017285,27860.65,4.808168203398525,-3.6046592976073906,-6.070521669478679,-0.0400124498358276
2005-12-22,5.5771,5.7927,5.4928,5.5396,13593,0,0.5098430554295597,5.674580000000001,5.72146,5.8451900000000006,5.750685942052091,6.171284870922761,5.5190951290772405,1.4406150041530592,18.368098159509145,28016.15,5.459874745120887,-0.6723924620322327,-3.903132914686181,0.0050854775651925
2005-12-23,5.5959,5.6427,5.5864,5.5864,10936,0,0.8448263412520696,5.63144,5.70645,5.819875,5.735039661856654,6.143667960978112,5.496082039021887,1.4910998084607057,25.90297917215921,28241.25,1.007804668480584,-0.1697671509498036,-2.6165780528196625,0.0084127765632628
2005-12-27,5.4647,5.5864,5.4647,5.5115,6879,0,-1.3407561220106,5.5771,5.68395,5.79269,5.7137501702512585,6.124490744899429,5.460889255100572,1.525542120761883,24.68903128533732,27535.0,2.2270206964700825,0.8564056581331121,-3.922252244399904,-0.0134982541284554
2005-12-28,5.4553,5.5303,5.3241,5.3241,21860,0,-3.400163294928793,5.49462,5.6399,5.75989,5.676640630227329,6.139882525688301,5.3798974743117,1.7552905633393354,20.98014093529784,27564.1,3.872955053436277,-2.4050006415779266,-7.641466884085624,-0.0345931351947413
2005-12-29,5.2115,5.2489,4.8554,5.1084,48008,0,-4.051388967149383,5.414,5.57521,5.7172350000000005,5.6225224749675835,6.183638183500043,5.250831816499958,2.0153111821435106,18.728555089592035,27330.25,8.104378629978983,-1.978317183152651,-11.240074366236351,-0.0413574395865219
2005-12-30,5.1459,5.2022,4.9491,5.0428,30095,0,-1.2841594236943088,5.31464,5.49461,5.667085,5.5673108106849565,6.196212151269478,5.137957848730522,1.761619306574496,18.082267415109925,23492.2,5.114061142429953,-2.0035367962844286,-13.780604568458488,-0.0129247602649926
2006-01-03,5.1459,5.1459,5.0616,5.0616,4501,0,0.3728087570397553,5.20968,5.42056,5.617405,5.519147876334008,6.178700608298126,5.056109391701874,1.8471721536388024,19.47535052012664,20064.55,1.665481270744425,-1.6381973998717392,-12.762620430533769,0.0037211554755603
2006-01-04,5.0241,5.1553,5.0241,5.071,11071,0,0.1857120278172752,5.12158,5.34934,5.573354999999999,5.47646712620696,6.161715285163709,4.98499471483629,1.8850814368319868,18.08980493191021,15619.65,2.6114129893911477,0.933500527457653,-12.314981325217875,0.0018553979623443
2006-01-05,5.1553,5.1928,5.1553,5.1553,16460,0,1.662394005127199,5.08782,5.29122,5.5354,5.445879780853916,6.129040653310725,4.941759346689275,2.104285114395997,24.177999655706714,13565.35,0.7274067464550975,0.0,-10.131613353089865,0.0164872748890092
2006-01-06,5.1553,5.2678,5.0616,5.0616,15123,0,-1.8175469904758268,5.07846,5.246230000000001,5.495095,5.409281706486877,6.103028013882654,4.887161986117346,1.877235092156634,16.1273666092944,13861.35,4.07381065275802,-1.817546990475823,-8.16293205116574,-0.0183426728513537
2006-01-09,5.2397,5.2397,5.1553,5.1553,14709,0,1.8511932985617152,5.10096,5.207800000000001,5.4646300000000005,5.3850929725357455,6.076750126153463,4.852509873846538,2.0257987381025666,23.2506203473946,13709.95,1.637150117354947,-1.6107792430864285,-6.9373239945122345,0.0183426728513536
2006-01-10,5.1553,5.296,5.1177,5.1177,18108,0,-0.7293464977789932,5.11218,5.16093,5.43369,5.3596269751513885,6.050487149628223,4.816892850371778,1.952449499064154,22.896473079742677,14131.7,3.4839869472614673,-0.7293464977789905,-8.390018616640415,-0.0073201923294447
2006-01-11,5.1553,5.4833,5.1553,5.2489,14400,0,2.5636516403853227,5.14776,5.13467,5.40931,5.3490815489464945,6.014141372411069,4.804478627588931,2.217012255138468,31.420515165371143,14345.25,6.362384342327301,1.8156072391519305,-4.764583144334578,0.0253134114683821
2006-01-12,5.1553,5.3427,5.1553,5.3053,18732,0,1.0745108498923628,5.17776,5.13279,5.386345,5.344911877618257,5.968842159604573,4.803847840395428,1.9996140225514616,40.98461000349774,15020.9,3.635093980951629,2.909626985820407,-0.3531113239796379,0.010687790050331
2006-01-13,5.296,5.4083,5.296,5.3427,10879,0,0.7049554219365595,5.233980000000001,5.15622,5.365715,5.344701222606995,5.92182065552356,4.809609344476439,1.4130666313331048,41.46066441148408,15464.55,2.1204682779456077,0.8817975830815619,4.586563307493541,0.007024822276773
2006-01-17,5.4553,5.4647,5.3334,5.4365,21174,0,1.7556666105152718,5.29022,5.19559,5.3451,5.353443963311091,5.854401680838862,4.835798319161139,1.320481544788158,43.75364613717808,15951.2,2.461844226947154,-0.344618994372456,7.807170619497095,0.0174043282877343
2006-01-18,5.2489,5.4833,5.1648,5.3427,9855,0,-1.7253747815690224,5.33522,5.223699999999999,5.32213,5.352420728710035,5.783865468126872,4.860394531873127,1.5380379938296915,43.07515589104037,15921.15,6.166744114002483,1.7870410943245227,5.553579895685146,-0.0174043282877344
2006-01-19,5.3427,5.6053,5.071,5.3146,36285,0,-0.5259512980328229,5.34836,5.248060000000001,5.2987,5.348818754547175,5.706309245285398,4.891090754714602,1.5729675152127351,49.55167531854652,17427.9,10.536383356339972,-0.5259512980328176,4.803786235456542,-0.0052733929078868
2006-01-20,5.2489,5.3146,5.1272,5.2022,8182,0,-2.114928687013129,5.32774,5.252750000000001,5.271984999999999,5.33485506363792,5.625183839331741,4.918786160668257,1.705791292430321,54.904831625183064,17466.3,3.655016383211114,-0.8897102249995147,0.9097433708998404,-0.0213761372213936
2006-01-23,5.1459,5.5115,5.0992,5.5115,35947,0,5.945561493214391,5.3614999999999995,5.297739999999999,5.271985,5.351678390910499,5.625183839331742,4.918786160668258,2.3710604845695853,69.53079423285276,18339.85,8.085582052086604,7.104685283429521,8.888493756914805,0.057755205382581
2006-01-24,5.2397,5.4365,5.2209,5.3427,16279,0,-3.062687108772566,5.34274,5.31648,5.2621400000000005,5.35082330606188,5.594279503981821,4.93000049601818,2.6412167368525337,60.4118823616564,18474.15,4.129556206784258,1.9657613985533475,3.6350939809516314,-0.0311056752533004
2006-01-25,5.5959,5.5959,5.3334,5.399,10350,0,1.053774308870059,5.354,5.34461,5.25277,5.355411562627415,5.555680187140861,4.949859812859139,2.617439644016783,61.74112256586484,18444.85,4.921813477331536,-3.518647581264859,5.496609805185915,0.0104826080682174
2006-01-26,5.6053,5.6053,5.2865,5.3427,18748,0,-1.0427857010557595,5.3596200000000005,5.3539900000000005,5.24433,5.35420093761528,5.5255138813977815,4.963146118602218,2.5595675250366283,56.84541203974282,19038.3,6.030454932374909,-4.684851836654594,1.7870410943245263,-0.0104826080682173
2006-01-27,5.4553,5.4647,5.399,5.399,2244,0,1.053774308870059,5.39898,5.36336,5.248075,5.358467514985254,5.535654677746288,4.9604953222537125,2.55879424267683,62.67087276550998,18057.5,1.216892017040186,-1.0320239033600396,1.7661583699319472,0.0104826080682174
2006-01-30,5.5021,5.5021,5.3427,5.3427,6586,0,-1.0427857010557595,5.36522,5.36336,5.259790000000001,5.35696584689142,5.542459529197735,4.977120470802266,2.5803878008788064,57.24111282843892,15986.4,2.9835102101933604,-2.897075662019968,0.0,-0.0104826080682173
2006-01-31,5.3427,5.399,5.3427,5.3521,22391,0,0.1759410036124009,5.3671,5.354920000000001,5.275255,5.3565024329017605,5.541293362686811,5.009216637313188,2.5103700173481323,59.25896666139991,15601.2,1.0537743088700515,0.1759410036124112,-1.5524694196633826,0.001757864087326
2006-02-01,5.3427,5.4083,5.3427,5.4083,2876,0,1.050055118551585,5.3689599999999995,5.36148,5.29259,5.361435534530164,5.544834834280266,5.040345165719733,2.467264728006231,56.69297950957339,15519.95,1.2278435996780632,1.2278435996780632,1.227843599678069,0.0104458033195945
2006-02-02,5.4083,5.4083,5.3427,5.3709,13664,0,-0.6915296858532205,5.374599999999999,5.367109999999999,5.307585,5.362336912193959,5.539176175861406,5.075993824138595,2.4728468828008534,52.79911247653183,15649.6,1.2278435996780632,-0.6915296858532234,1.059345952658708,-0.0069393183316533
2006-02-03,5.3427,5.4365,5.2489,5.3898,14066,0,0.3518963302239886,5.3727599999999995,5.38587,5.31931,5.364952444365962,5.542012453369666,5.0966075466303336,2.343400262334668,52.041966530824595,15529.9,3.5740821886490455,0.8815767308664226,3.6061666218138337,0.0035127862378789
2006-02-06,5.2489,5.3898,5.1833,5.296,95697,0,-1.740324316301156,5.36342,5.36432,5.33103,5.3583855449025375,5.518514490305971,5.14354550969403,1.3753074175309263,43.908783490852365,19558.6,3.9839484498292617,0.8973308693250084,-3.9100063503583304,-0.0175564598463717
2006-02-07,5.1553,5.3427,5.1553,5.296,33156,0,0.0,5.352200000000001,5.35965,5.338065,5.3524440644356295,5.507473137193569,5.168656862806432,1.0050322758662302,47.796130250118,20480.95,3.635093980951629,2.729230112699548,-0.8740898796488539,0.0
2006-02-08,5.2489,5.2771,5.1084,5.1084,119906,0,-3.542296072507567,5.29222,5.33059,5.3376,5.329201772584617,5.509586388690394,5.165613611309606,1.4004392979357825,41.542247744052474,25570.85,3.302403883799239,-2.676751319324054,-5.382478236710508,-0.0360655749947373
2006-02-09,5.0521,5.1553,5.0521,5.0616,26401,0,-0.9161381254404356,5.23036,5.30248,5.328234999999999,5.30371588948132,5.537018950532665,5.119451049467334,1.3959809424260108,43.9049765909485,26170.9,2.042714910631226,0.1880406167732242,-5.261384693132676,-0.0092036047894322
2006-02-10,5.1459,5.1459,5.0616,5.0616,19755,0,0.0,5.16472,5.268739999999999,5.316050000000001,5.280657233340242,5.5565121559020865,5.075587844097915,1.2995761476614036,23.350313943845578,26222.05,1.665481270744425,-1.6381973998717392,-6.249305426930906,0.0
2006-02-13,5.1928,5.2209,4.9491,5.0241,18070,0,-0.7408724513987774,5.11034,5.23688,5.30012,5.256223211117362,5.5731551864735716,5.027084813526428,1.2925513520290497,27.6515151515152,26581.6,5.4919076195672085,-3.248729009397633,-5.963276994777922,-0.0074363054241324
2006-02-14,5.0334,5.0521,4.921,4.9585,36636,0,-1.3057064946955688,5.04284,5.19752,5.27622,5.227868619582376,5.580845579324807,4.971594420675194,1.2778812901110224,19.498684392743428,27354.7,2.6640926640926637,-1.4880597607978785,-7.354122680816877,-0.0131430577823624
2006-02-15,4.921,5.1833,4.921,5.0428,15903,0,1.700110920641329,5.02972,5.160970000000001,5.261225,5.210243036765006,5.581209485643692,4.941240514356307,1.3913204197579885,30.00933208905481,27657.1,5.330217435480588,2.47510668563299,-6.758131020838343,0.0168582077309346
2006-02-16,5.0897,5.1366,4.996,4.996,5162,0,-0.9280558419925256,5.0165999999999995,5.12348,5.2452950000000005,5.189838938025482,5.585193730893755,4.905396269106246,1.3933868642741694,22.792330542803157,26100.95,2.8142514011208797,-1.8409729453602224,-6.980208158781576,-0.0093238911116458
2006-02-17,5.0616,5.1741,5.0241,5.1741,11736,0,3.5648518815051933,5.0391,5.10191,5.2438899999999995,5.188339991546865,5.584769672550185,4.903010327449814,1.9322385269008364,40.22495361781077,26278.65,2.985609362870969,2.222617354196298,-4.002003784927089,0.0350278187199962
2006-02-21,5.1741,5.2397,5.1741,5.1833,9383,0,0.1778087010301243,5.07094,5.0906400000000005,5.22748,5.1878599923519255,5.544908911892553,4.910051088107447,1.8778312911519957,40.21108791463696,24950.45,1.2678533464757131,0.1778087010301284,-2.128021148036263,0.0017765080849605
2006-02-22,5.2585,5.2585,4.921,5.0616,10434,0,-2.3479250670422225,5.091559999999999,5.067200000000001,5.213425,5.175835231175552,5.534247941002839,4.892602058997161,1.9934090359229135,31.31400237145631,24658.2,6.858362121520005,-3.7444138062184926,-4.425981873111784,-0.0237592802177505
2006-02-23,5.1928,5.2115,5.0334,5.0803,10663,0,0.3694483957641825,5.09906,5.06439,5.19749,5.166736637730261,5.511080634258684,4.883899365741316,1.6738371102933844,34.01540154015403,24673.85,3.538363730281712,-2.1664612540440573,-0.5500743872836722,0.0036876761142784
2006-02-24,5.0428,5.2115,5.0334,5.071,19989,0,-0.1830600555085437,5.11406,5.06533,5.183905,5.157618862708331,5.494535391131911,4.87327460886809,1.6471715138828225,32.27707360462527,24735.9,3.538363730281712,0.5592131355596098,0.1857120278172752,-0.001832278151934
2006-02-27,5.1177,5.2489,5.0897,5.1272,9094,0,1.1082626700848142,5.10468,5.071890000000001,5.170315,5.15472182816468,5.46467933762123,4.875950662378771,1.6817989321061162,40.20654444186586,25078.4,3.1278857300037375,0.1856302635949755,1.2960328749802352,0.0110216643949982
2006-02-28,5.0992,5.1553,5.0992,5.1366,11008,0,0.1833359338430318,5.09534,5.083139999999999,5.16001,5.152995939768044,5.443182061512219,4.876837938487781,1.6530714579967414,40.85169880624421,25299.5,1.1001725760903809,0.7334483840602424,2.239207022153211,0.0018316807864778
2006-03-01,5.1648,5.1833,5.1272,5.1553,22791,0,0.3640540435307482,5.11408,5.10282,5.15017,5.153215374075849,5.4185266291729715,4.881813370827029,1.5621041853523576,53.33902890502641,25319.5,1.094164456233418,-0.1839374225526482,3.9689422204295832,0.0036339297075333
2006-03-02,5.1553,5.2865,5.1459,5.1553,15833,0,0.0,5.12908,5.11407,5.13752,5.153413909878149,5.376934791786855,4.8981052082131455,1.4961135647102823,57.14721586575135,25967.35,2.732272294448008,0.0,2.230903466328238,0.0
2006-03-03,5.1648,5.1648,5.1553,5.1553,1154,0,0.0,5.14594,5.130000000000001,5.12674,5.153593537508802,5.339883434779261,4.913596565220739,1.4441168557178243,57.14721586575135,25341.85,0.1842763757686104,-0.1839374225526482,3.1885508406725327,0.0
2006-03-06,5.1553,5.2489,5.1553,5.2209,9816,0,1.2724768684654553,5.164680000000001,5.13468,5.118295000000001,5.160003676793678,5.298372333972252,4.938217666027749,0.9797263039652104,64.39438267992983,25129.35,1.8156072391519305,1.2724768684654604,0.9045051313271824,0.0126444891242097
2006-03-07,5.1928,5.2022,5.0803,5.1459,31508,0,-1.4365339309314495,5.16654,5.13094,5.11079,5.158660469479994,5.271111215721919,4.950468784278081,1.091130595137375,63.520923520923546,21919.9,2.3994645985473317,-0.9031736250192564,-0.721548048540499,-0.0144695197243489
2006-03-08,5.1553,5.2771,5.1553,5.2397,10785,0,1.82281039273986,5.18342,5.14875,5.107975,5.166378520005709,5.2561181011592515,4.959831898840748,0.9033459664491688,64.01423487544487,20801.35,2.362617112486169,1.637150117354947,3.518650229176546,0.0180639636838488
2006-03-09,5.2022,5.2678,5.2022,5.2022,3107,0,-0.7156898295703873,5.1928,5.16094,5.112665000000001,5.169790089528974,5.266687244121551,4.958642755878451,0.9639065123413146,64.87305251009809,14961.4,1.2610049594402346,0.0,2.3994645985473406,-0.0071826317469487
2006-03-10,5.2585,5.2865,5.2489,5.2489,6838,0,0.8976971281380752,5.21152,5.17873,5.12203,5.177324366716691,5.285467947020706,4.958592052979293,0.971564596507392,56.65717337130649,13983.25,0.7163405665949113,-0.1825615669867801,3.5081837901794533,0.0089369178021765
2006-03-13,5.0521,5.1648,4.9304,5.1459,26797,0,-1.9623159138105084,5.19652,5.1806,5.126245,5.17433156988653,5.287453912839752,4.9650360871602475,1.1701013511521527,47.14765100671142,14335.35,4.754178159987019,1.8566536687713997,0.3647214854111347,-0.0198182497390766
2006-03-14,5.1459,5.2304,5.1459,5.1928,9069,0,0.9114051963699188,5.205900000000001,5.1862200000000005,5.13468,5.176090467992575,5.290964135302966,4.978395864697035,1.2020476048924778,61.29476584022037,13885.3,1.642083989195286,0.9114051963699245,1.0941089436592444,0.0090727696353697
2006-03-15,5.1928,5.2304,5.1459,5.2022,13493,0,0.1810198736712509,5.1984,5.190910000000001,5.146865,5.17857709008852,5.281864060815547,5.011865939184453,1.1992307473110806,60.66491688538934,12728.15,1.642083989195286,0.1810198736712428,0.9097433708998404,0.0018085623015302
2006-03-16,5.2489,5.2771,5.2022,5.2304,17800,0,0.5420783514666905,5.20404,5.1984200000000005,5.156245,5.183512605318185,5.286795598781209,5.025694401218791,1.2065836073792282,63.499322493224994,12823.0,1.4397754796047733,-0.3524548000533353,1.456753244234088,0.0054061439491572
2006-03-17,5.0616,5.2304,5.0241,5.1553,33377,0,-1.4358366472927542,5.18532,5.1984200000000005,5.16421,5.180825690525977,5.2708427075329904,5.057577292467009,1.3077771420868491,52.305924831774185,14233.75,4.106208077068542,1.851193298561722,0.0,-0.0144624452859179
2006-03-20,5.1459,5.296,5.1459,5.2489,15938,0,1.8156072391519285,5.205920000000001,5.20122,5.16795,5.187308958094932,5.2810916159650585,5.054808384034942,1.3756568680719188,58.09661139149246,14443.85,2.916885287316118,2.0015935016226463,0.5363060008810594,0.0179932191389373
2006-03-21,5.3053,5.3241,5.2489,5.2865,22706,0,0.7163405665949085,5.22466,5.215280000000001,5.173109999999999,5.196755723990653,5.298002238181247,5.048217761818752,1.2802279746624003,59.20830993823694,15110.0,1.4326811331898055,-0.3543626185135564,2.7322722944480127,0.0071378703496155
2006-03-22,5.2678,5.3427,5.1928,5.1928,8998,0,-1.7724392320060511,5.22278,5.210590000000001,5.17967,5.196378988372495,5.293163224467483,5.066176775532517,1.3026120437852793,52.32601414216596,15038.2,2.886689262055148,-1.4237442575648311,-0.895089413516037,-0.0178833504533223
2006-03-23,5.2865,5.3334,5.1928,5.296,6826,0,1.987367123709749,5.2359,5.21997,5.190455,5.205866703765591,5.305176933386891,5.075733066613109,1.430710868432076,57.73672055427252,14846.35,2.7075951317208453,0.1797030171190781,1.8030833109069275,0.0196787678975852
2006-03-24,5.3053,5.3334,5.1928,5.1928,9250,0,-1.94864048338369,5.243399999999999,5.21436,5.196545,5.204622255787916,5.296555072650734,5.096534927349267,1.5518564827526935,48.51621079311436,14309.4,2.7075951317208453,-2.1205209884455134,-1.0687953666482453,-0.0196787678975853
2006-03-27,5.1833,5.3427,5.1459,5.2397,14476,0,0.90317362501926,5.241560000000001,5.22374,5.202170000000001,5.207962993331924,5.298339129525592,5.106000870474409,1.4287344598172949,55.10448410970832,14578.5,3.824403894362495,1.0881098913819385,1.82281039273986,0.008991194048479
2006-03-28,5.3146,5.4833,5.3146,5.3427,97105,0,1.965761398553356,5.252800000000001,5.23873,5.212475,5.220795089205073,5.322265017281912,5.102684982718089,1.5236381843939093,55.54956896551723,18883.35,3.174274639671836,0.528732171753271,2.886689262055153,0.0194668983823318
2006-03-29,5.4083,5.5209,5.3427,5.5021,25126,0,2.983510210193363,5.31466,5.26872,5.229815,5.247586033090305,5.396425750585164,5.063204249414837,1.742299766941536,64.28231260120012,19000.1,3.3353922174181663,1.7343712441987462,5.76486870939219,0.0293986943782981
2006-03-30,5.5771,5.6053,5.4177,5.4177,12162,0,-1.533959760818604,5.339,5.28745,5.242935,5.26378736327218,5.425410103132408,5.0604598968675925,1.8660410988888747,57.76020595807282,18816.55,3.462724034184244,-2.858116225278366,3.580988069746094,-0.0154584664019604
2006-03-31,5.3427,5.4177,5.1366,5.399,33002,0,-0.3451649223840336,5.380240000000001,5.31182,5.25512,5.276664757246258,5.445337842984033,5.0649021570159665,1.7787202853146085,62.61337585966309,20408.95,5.472491531363166,1.0537743088700515,4.727173976296228,-0.0034576199081202
2006-04-03,5.1553,5.4833,5.1553,5.4365,48649,0,0.6945730690868679,5.4196,5.33058,5.2659,5.2918871613180425,5.471747137970269,5.060052862029732,1.7193266909593137,62.259784686588155,22350.6,6.362384342327301,5.454580722751328,3.5740821886490526,0.0069217202195171
2006-04-04,5.4083,5.4647,5.3616,5.4459,12055,0,0.1729053619056397,5.44024,5.34652,5.280900000000001,5.306555050716324,5.493538541834985,5.068261458165017,1.7155738624228334,62.259784686588155,21377.95,1.9229334527006776,0.6952277055636762,3.0152274661874534,0.001727560526691
2006-04-05,5.3521,5.5489,5.3521,5.5115,9335,0,1.2045759194990735,5.44212,5.37839,5.294490000000001,5.326073617314769,5.529596747535808,5.059383252464193,1.5656725512049714,63.62843013672061,21305.45,3.677061340408431,2.9782702116926023,6.137344014789714,0.0119737864388749
2006-04-06,5.3521,5.5209,5.3521,5.3802,7092,0,-2.3822915721672833,5.43462,5.38681,5.30339,5.331228510903839,5.537259814438047,5.069520185561953,1.7383056123810958,60.34022988505746,21504.7,3.1539022066104905,0.5250275592758027,1.589879154078555,-0.0241112702173132
2006-04-07,5.4553,5.5959,5.4365,5.5209,14053,0,2.6151444184230987,5.459,5.41962,5.3169900000000005,5.34929246224633,5.568488213031262,5.065491786968739,1.718832138284207,61.9866032081791,21865.45,2.932033477421147,1.2025003207889553,6.318363888460943,0.0258153422732015
2006-04-10,5.5959,5.5959,5.4647,5.5771,22531,0,1.0179499719248586,5.48712,5.45336,5.33855,5.37098841822287,5.6019419113173194,5.07515808868268,1.7212566163721097,62.59972251127296,21652.15,2.400863725364625,-0.3359602566164619,6.439299959921363,0.010128037556702
2006-04-11,5.5303,5.5303,5.4928,5.5209,15763,0,-1.0076921697656394,5.50212,5.47118,5.354955,5.385265711725454,5.620981769329746,5.088928230670255,1.723480401286163,64.70377341579278,21986.85,0.6827119137780464,-0.1699726958754551,3.335392217418165,-0.010128037556702
2006-04-12,5.4928,5.5864,5.4365,5.5303,60473,0,0.1702620949483035,5.50588,5.473999999999999,5.37136,5.399078501084935,5.638188526842359,5.104531473157642,1.4527250473126538,61.46393972012918,24335.85,2.757288696771831,0.6827119137780464,0.512531578851716,0.001701173133589
2006-04-13,5.4553,5.5396,5.4365,5.4365,26423,0,-1.696110518416738,5.5171399999999995,5.47588,5.381665,5.40264245336256,5.64139667753628,5.12193332246372,1.4732610126633443,62.034567901234546,24767.0,1.896440724730993,-0.344618994372456,0.34701072410801,-0.0171065921550434
2006-04-17,5.4365,5.5209,5.399,5.5115,8903,0,1.3795640577577428,5.51526,5.48713,5.399475000000001,5.413009838756602,5.642139888055024,5.156810111944977,1.5227118724208564,63.059773207764735,23543.3,2.2578255232450477,1.379564057757752,2.0837192072606037,0.0137013469655659
2006-04-18,5.4177,5.5959,5.3709,5.5303,19230,0,0.3411049623514683,5.5059,5.49651,5.413545,5.424180330303592,5.652045901245167,5.175044098754833,1.5144715220801237,59.80761187787538,23707.9,4.18924202647602,2.078372741200149,1.7253747815690446,0.0034052451894774
2006-04-19,5.5396,5.5396,5.2489,5.3521,42703,0,-3.2222483409580005,5.47214,5.4871300000000005,5.416825,5.417315536941345,5.649707449452889,5.183942550547111,1.8581836433893264,42.3092698933552,24707.75,5.538303263540937,-3.384720918477868,-1.7223966653812983,-0.0327530563554517
2006-04-20,5.3898,5.5584,5.3898,5.4365,23887,0,1.5769511033052463,5.45338,5.47963,5.42901,5.419142628661217,5.6366752356685685,5.221344764331431,1.891947105904087,50.96390484003279,25452.2,3.1281309139485627,0.8664514453226375,-1.3607910732105657,0.0156464642004084
2006-04-21,5.4365,5.4365,5.3521,5.399,10099,0,-0.6897820288788714,5.44588,5.48151,5.43416,5.417224283074435,5.632851259045464,5.235468740954537,1.7364682424688225,50.0,25615.85,1.576951103305237,-0.6897820288788677,0.3494293892420286,-0.0069217202195171
2006-04-24,5.399,5.5209,5.3709,5.4177,13935,0,0.3463604371179762,5.42712,5.47119,5.445405,5.417269589448298,5.608924713603163,5.281885286396837,1.4953365264129124,49.0360951599672,25850.1,2.7928280176506797,0.3463604371179837,-1.86926044666631,0.0034576199081201
2006-04-25,5.3898,5.5115,5.3241,5.5021,21604,0,1.5578566550381143,5.421480000000001,5.463690000000001,5.458525,5.425348676167508,5.59187526888066,5.32517473111934,1.552003261466764,52.67568082270045,26206.5,3.5198437294566265,2.0835652528850845,-1.3447849240644685,0.0154584664019603
2006-04-26,5.4739,5.5303,5.3616,5.4365,15044,0,-1.1922720415841417,5.43836,5.4552499999999995,5.463215,5.4264107070086975,5.585556752136411,5.3408732478635885,1.5647213315447808,46.429251571129306,22103.45,3.146448821247394,-0.6832422952556818,-1.528736256769736,-0.0119943660905636
2006-04-27,5.6053,5.6053,5.5021,5.5115,250681,0,1.3795640577577428,5.453359999999999,5.4533700000000005,5.463685,5.434514449198345,5.586725964937086,5.340644035062914,1.6366834617585906,56.60529228292582,33381.2,1.8756474800530576,-1.673416231067024,-0.3399453917509065,0.0137013469655659
2006-04-28,5.6053,5.6053,5.4647,5.5303,42376,0,0.3411049623514683,5.47962,5.46275,5.469315,5.443636882608026,5.593792540142861,5.344837459857139,1.5283384800537638,50.53899082568809,34891.9,2.572876827639213,-1.3380193745205304,1.7253747815690446,0.0034052451894774
2006-05-01,5.6146,6.3175,5.6146,6.2426,95343,0,12.879952262987548,5.6446000000000005,5.53586,5.511495,5.519728608073929,5.875982259036602,5.147007740963398,4.31540441060675,71.77540736862768,38008.95,12.519146510882337,11.185124496847507,13.264991381656554,0.1211546986558422
2006-05-02,6.1864,6.3082,5.924,5.924,36018,0,-5.103642712972157,5.72898,5.5752299999999995,5.53587,5.558230645400221,5.942057766277738,5.129682233722262,4.773468343802077,61.256632225635286,37377.4,6.485482781904116,-4.24156213629897,7.118962804911133,-0.0523848658610001
2006-05-03,6.0176,6.327,5.9426,6.3082,37663,0,6.485482781904106,5.90332,5.67084,5.578985,5.629656298219248,6.109112362154866,5.048857637845135,4.853877781652917,67.9628688865284,38657.8,6.468549119913848,4.829167774528058,17.86401599372209,0.0628384779630723
2006-05-04,6.2614,6.3082,6.177,6.28,115488,0,-0.4470371896896141,6.05702,5.755190000000001,5.61741,5.6915937936269385,6.231671137336651,5.003148862663348,4.9042108988809945,70.08620279087489,43965.45,2.124008418326059,0.2970581659053913,15.515497102915488,-0.0044803938885175
2006-05-05,6.2239,6.327,6.2239,6.3082,13458,0,0.4490445859872682,6.2126,5.84611,5.66381,5.750318194233897,6.3397292692373295,4.98789073076267,4.859289284837632,69.40425739198207,44283.75,1.6565176175709688,1.354456209129321,16.840155584367487,0.0044803938885176
2006-05-08,6.327,6.4957,6.327,6.4207,31120,0,1.7833930439745016,6.24822,5.94641,5.7088,5.814164080497335,6.460232986121575,4.957367013878425,4.837005408536503,70.73977452715921,45137.1,2.6663505610874076,1.4809546388493775,18.513391291507464,0.0176767716573539
2006-05-09,6.3645,6.4394,6.2614,6.327,35278,0,-1.4593424392978949,6.32882,6.0289,5.746295,5.863005596640446,6.543501125296672,4.949088874703328,4.947552138565679,73.63852383492555,45774.45,2.842814705976298,-0.5892057506481208,14.992457425346672,-0.0147009558612315
2006-05-10,6.2895,6.327,6.0927,6.1394,35526,0,-2.965070333491382,6.29506,6.099190000000001,5.77722,5.8893288731508795,6.585519729712089,4.968920270287911,5.085053359713556,66.23100725072739,46762.6,3.845585700920777,-2.3865172112250597,12.92927434930562,-0.0300991726503004
2006-05-11,6.1864,6.5425,6.0458,6.0552,25329,0,-1.3714695247092568,6.250100000000001,6.153560000000001,5.803465,5.905126123326986,6.612093799817778,4.994836200182222,5.156252702652412,64.83273056057865,45005.4,8.215620761520404,-2.120781068149485,9.864828086727751,-0.0138096105016261
2006-05-12,5.9801,6.327,5.9052,6.2051,23160,0,2.475558197912542,6.229480000000001,6.22104,5.841895,5.933695063962511,6.650147515192988,5.033642484807012,5.16738834805491,66.80180949129394,44842.25,7.142857142857147,3.7624788883128986,12.201869699654624,0.0244541275493433
2006-05-15,6.1394,6.3927,5.9615,6.2239,28351,0,0.3029765837778697,6.19012,6.21917,5.877515,5.961333629299415,6.687249704507724,5.067780295492276,3.1747408888151067,65.84562697576395,45814.65,7.23307892308982,1.3763559956999094,-0.299554672732516,0.0030251853468073
2006-05-16,6.2239,6.2332,5.9801,6.0082,13549,0,-3.4656726489821543,6.12636,6.22759,5.90141,5.965797093175661,6.696067791690698,5.106752208309302,2.912752358699974,61.774519092144835,45530.6,4.232370696142203,-3.4656726489821494,1.4213369345037252,-0.0352715170531331
2006-05-17,6.0082,6.0176,5.8021,5.8395,10221,0,-2.807829299956732,6.0663800000000005,6.18072,5.9257800000000005,5.953768798587503,6.678284339837109,5.173275660162892,2.023913264408246,56.504322995161424,43906.5,3.71417245480084,-2.8078292999567305,-7.43001173076313,-0.0284800261193551
2006-05-18,5.9708,6.177,5.7832,5.8395,24835,0,0.0,6.0232399999999995,6.1366700000000005,5.94593,5.942886055864884,6.6640675153460265,5.227792484653973,2.0362612965546716,56.177575321665465,43953.9,6.809378890579605,-2.199035305151731,-7.014331210191083,0.0
2006-05-19,5.8863,5.8863,5.699,5.8114,13148,0,-0.4812055826697525,5.9445,6.08699,5.96655,5.930363574353943,6.640913526827916,5.292186473172084,1.9985384683598184,38.14342278926529,44106.35,3.286541498508518,-1.2724461886074514,-7.875463682191441,-0.0048236710443684
2006-05-22,5.7927,5.7927,5.5771,5.7176,36718,0,-1.6140688990604612,5.84324,6.016679999999999,5.981545,5.910100376796424,6.616721240689809,5.346368759310191,1.788532047217423,43.524096385542165,45245.5,3.865808395044024,-1.2964593367514277,-10.950519413771088,-0.0162723687684825
2006-05-23,5.652,6.1114,5.5303,6.1114,57649,0,6.88750524695676,5.86388,5.99512,6.01201,5.929271769482479,6.607575111204648,5.416444888795352,3.09369128605823,43.86227544910179,47047.75,10.50756740140678,8.12809624911535,-3.407618144460256,0.066606742582572
2006-05-24,6.0458,6.1301,5.9426,5.9989,21188,0,-1.8408220702294087,5.89576,5.98107,6.04013,5.935903029531766,6.570861368664228,5.509398631335773,3.005408135867879,41.6711111111111,47354.95,3.1551845993336247,-0.7757451453901874,-2.2884972472880127,-0.0185797604190923
2006-05-25,6.102,6.102,5.8208,5.9144,14945,0,-1.408591575122109,5.91074,5.96699,6.060275,5.933855121957312,6.534050855842127,5.586499144157873,3.007050019514042,38.708567496272494,35568.15,4.830951072017594,-3.0744018354637928,-2.325274144536938,-0.0141860638263586
2006-05-26,5.7646,6.177,5.7646,5.9052,25603,0,-0.1555525497091814,5.9295,5.936999999999999,6.07902,5.9311260627232825,6.4900134490449775,5.668026550955022,2.8588540363900994,34.288326729655594,34729.5,7.154008951184816,2.4390243902439037,-4.83312114228619,-0.0015567365829574
2006-05-30,5.6427,5.8488,5.5584,5.6146,23258,0,-4.921086500033855,5.9089,5.87607,6.04762,5.900980723416303,6.499879239118909,5.595360760881092,3.16517478766209,30.613910961140743,31125.25,5.224525043177893,-0.4979885515799058,-9.789681710824404,-0.0504629707809292
2006-05-31,5.5771,5.624,5.4459,5.5303,27160,0,-1.5014426673315984,5.79268,5.82828,6.027935000000001,5.865677797376655,6.533929712995049,5.521940287004953,3.0527833216384894,32.43757568767661,30682.35,3.2703501716887877,-0.8391457926162215,-7.954129356546059,-0.0151282842861559
2006-06-01,5.5864,5.6053,5.5303,5.5677,3680,0,0.6762743431640184,5.706440000000001,5.8011,5.9909099999999995,5.837298959531259,6.518465705813933,5.463354294186066,2.9944420417737057,35.55384341847923,28983.2,1.35616512666581,-0.3347415151081186,-4.654508091446186,0.0067399786595211
2006-06-02,5.6146,5.7083,5.5489,5.699,17779,0,2.3582448766995334,5.66336,5.78705,5.96186,5.824127630052092,6.486366129210082,5.437353870789917,3.1226991275237994,34.83550068915922,24097.75,2.872641424426475,1.5032237381113451,-2.4060279133487517,0.0233086785826309
2006-06-05,6.3831,6.3831,6.0364,6.0927,65271,0,6.908229513949804,5.7008600000000005,5.81518,5.951085,5.849705950999512,6.454045169083206,5.448124830916794,3.84057034669733,46.78997846936777,26688.4,5.743489497051211,-4.549513559242374,4.840485941425476,0.066800612372174
2006-06-06,5.8584,6.0176,5.8488,5.952,17808,0,-2.309320990693775,5.76834,5.838620000000001,5.92765,5.859448241380511,6.379565462518329,5.475734537481671,3.889851929931541,48.57258965762469,26022.8,2.8860620982081806,1.5977058582548196,4.099622219112908,-0.0233640356942458
2006-06-07,5.8863,6.0082,5.8863,5.9896,13756,0,0.6317204301075297,5.860200000000001,5.82644,5.91078,5.8718436469633195,6.323408664973597,5.498151335026403,3.181519855327569,54.08435374149661,24946.7,2.07091041910878,1.7549224470380365,-1.9929966947016984,0.0062973344035476
2006-06-08,5.9708,5.9708,5.877,5.9052,6358,0,-1.4091091224789687,5.9277,5.81707,5.89907,5.875020442490622,6.297426629958104,5.500713370041896,3.158970286318136,51.70924605858784,23488.3,1.5960524076909968,-1.098680243853418,-1.5619530247211966,-0.0141913132565426
2006-06-09,5.924,5.924,5.8584,5.924,8160,0,0.318363476258221,5.972700000000001,5.81803,5.89251,5.87968516225342,6.284308089246031,5.500711910753968,3.127322923915669,52.94363693401654,22629.85,1.1197596613409937,0.0,0.162315704044369,0.0031785777277566
2006-06-12,5.8584,5.8677,5.3427,5.3802,65750,0,-9.179608372721136,5.8302,5.76553,5.851265,5.832115146800713,6.276737692054627,5.425792307945373,4.284276672005477,42.859561500042325,24759.35,9.826492223033306,-8.162638263006952,-8.890469416785196,-0.0962863482016325
2006-06-13,5.3427,5.7832,5.3427,5.6896,23170,0,5.750715586781152,5.77772,5.77303,5.82455,5.818542275676836,6.217349188015028,5.431750811984973,4.480178132393262,40.74269159863051,24500.3,8.244894903326037,6.492971718419538,1.335803084814602,0.0559143986934738
2006-06-14,5.7176,5.8114,5.699,5.7553,9184,0,1.15473847019123,5.73086,5.79553,5.811905,5.812519201802852,6.195997513389818,5.427812486610183,4.445089627680032,44.541543425652065,24282.05,1.9722758378662937,0.6593675668112506,4.068495379997472,0.011481222501645
2006-06-15,5.7646,5.8959,5.7365,5.7365,8734,0,-0.3266554306465274,5.69712,5.81241,5.806755000000001,5.805279277821628,6.192049831607123,5.421460168392879,4.451729840048863,45.89278293392438,24207.7,2.7786978122548547,-0.4874579329007971,3.0317725452161604,-0.0032719011419779
2006-06-16,5.6709,5.7646,5.6427,5.6615,3472,0,-1.3074174147999718,5.64462,5.808660000000001,5.797855,5.791586013267187,6.188155852784379,5.407554147215621,4.422450943894332,44.53954738964823,23139.55,2.16031332518121,-0.1657585215750482,-0.6580101772240665,-0.0131603934851035
2006-06-19,5.8021,5.8677,5.624,5.7646,7472,0,1.8210721540227848,5.721500000000001,5.77585,5.795515,5.78901591676555,6.18603503264204,5.40499496735796,3.789797666633944,53.66927592954989,22855.75,4.333214793741118,-0.6463177125523608,-5.38513302804996,0.0180468923267781
2006-06-20,5.7927,5.8208,5.6896,5.7832,12732,0,0.3226589876140551,5.740220000000001,5.75897,5.798795,5.788462019930735,6.1876580524734255,5.409931947526575,3.740134090076827,56.39185158974876,21656.45,2.305961754780648,-0.1639995166330047,-2.8360215053763405,0.003221395605215
2006-06-21,5.7365,5.7832,5.6333,5.7553,10501,0,-0.4824318716281639,5.74022,5.73554,5.78099,5.785303732318284,6.141135677542623,5.420844322457377,3.728441663141708,54.764323445753746,19299.05,2.6609624909023077,0.3277259653098527,-3.911780419393618,-0.0048359933049116
2006-06-22,5.7176,5.9989,5.7176,5.7927,16206,0,0.6498358035202267,5.75146,5.72429,5.7706800000000005,5.786008138764162,6.116063006926642,5.425296993073359,3.719299291079332,52.498799935996594,19049.95,4.919896460053167,1.3134881768574218,-1.905100589311115,0.0064773347354269
2006-06-23,5.7646,5.8208,5.7083,5.7083,17194,0,-1.457006231981628,5.760820000000001,5.70272,5.760375,5.778607363643766,6.099952668815102,5.420797331184898,3.737957847663507,37.7235564639755,19162.4,1.9708144281134456,-0.976650591541466,-3.641120864280889,-0.0146772480873941
2006-06-26,5.5864,5.7271,5.3898,5.4833,30475,0,-3.9416288562269086,5.70456,5.713030000000001,5.73928,5.75048285282055,6.093096191352464,5.385463808647536,2.5271416868405394,35.796108855082124,19406.0,6.2581171843111045,-1.8455534870399617,1.9162856399390191,-0.0402141465496333
2006-06-27,5.6053,5.7646,5.3521,5.3521,41242,0,-2.3927197125818367,5.618340000000001,5.67928,5.726155,5.712541628742402,6.116984334001167,5.335325665998834,1.7339001960687963,31.71780900487525,20305.2,7.707255096130485,-4.517153408381348,-5.931875703037126,-0.0242181022421795
2006-06-28,5.3521,5.4553,5.3427,5.3427,24155,0,-0.1756319949178908,5.535819999999999,5.63802,5.716775,5.677318616481221,6.135411839855521,5.29813816014448,1.6327360527776973,33.143542103685945,20154.95,2.107548617740103,-0.1756319949178882,-7.169044185359585,-0.0017578640873261
2006-06-29,5.2678,5.624,5.2489,5.624,56597,0,5.265128118741469,5.50208,5.62677,5.71959,5.672240653006819,6.134748860653309,5.304431139346692,2.508502103450436,42.2320041429311,22800.8,7.146259216216727,6.761836060594543,-1.9611261221999632,0.0513120113404312
2006-06-30,5.5677,5.624,5.4365,5.4833,21972,0,-2.5017780938833556,5.4570799999999995,5.608949999999999,5.708805,5.654246305101408,6.13721156280295,5.28039843719705,2.5956054794922414,53.37391190522939,23010.45,3.4489101443943717,-1.515886272608087,-3.14757573081339,-0.0253360450109255
2006-07-03,5.3334,5.3521,5.3146,5.3521,2979,0,-2.3927197125818367,5.43084,5.5677,5.671775,5.625470466520321,6.088331444017662,5.255218555982339,2.5566912181477206,37.49722160480104,19895.85,0.7056034320550868,0.3506206172422833,-7.155743676924676,-0.0242181022421795
2006-07-05,5.3709,5.8677,5.3709,5.8677,33287,0,9.633601763793642,5.5339599999999995,5.57615,5.66756,5.648539945899338,6.073754604125979,5.261365395874021,4.164614121012403,53.1229162036008,20669.8,9.249846394459036,9.249846394459036,1.4611287868308231,0.0919737269741859
2006-07-06,5.8584,6.0738,5.8208,5.9896,25079,0,2.0774749902005896,5.66334,5.59958,5.66756,5.681021855813687,6.073754604125979,5.261365395874021,4.195171923018848,56.65107478845851,21235.95,4.346481583287522,2.2395193226819723,4.071030180876756,0.0205618977048936
2006-07-07,5.8584,6.0738,5.8208,6.0458,46496,0,0.9382930412715318,5.7477,5.62489,5.67459,5.715762631450478,6.102393712490975,5.246786287509026,4.197487602235459,60.19958596528478,23242.85,4.346481583287522,3.198825617916159,4.369292385243484,0.0093391841536514
2006-07-10,6.4301,6.4301,5.652,5.7271,59111,0,-5.271428098845476,5.79646,5.62677,5.664745000000001,5.716842380836147,6.077167764571563,5.252322235428439,4.553815128923945,49.10693022148131,25790.4,13.766808209483372,-10.932955941587226,0.3293449888758459,-0.0541545216797701
2006-07-11,5.8114,5.8114,5.5209,5.6146,28427,0,-1.9643449564351936,5.84896,5.6399,5.676465,5.707105011232705,6.0676147345545735,5.285315265445427,4.397935482534603,46.15665177350233,23924.25,5.261823253455048,-3.386447327666305,2.3945434318749736,-0.0198389465113533
2006-07-12,5.5489,5.6053,5.5115,5.5303,34510,0,-1.5014426673315984,5.78148,5.657719999999999,5.6685,5.690266438734352,6.064974967683973,5.2720250323160265,4.345534954729261,44.99955551604588,24491.25,1.7018960355620047,-0.3352015714826233,3.3295342015283724,-0.0151282842861559
2006-07-13,5.399,5.6146,5.399,5.5021,11275,0,-0.5099180876263487,5.68398,5.67366,5.6558399999999995,5.672345825521557,6.0567896905046785,5.2548903094953205,4.351827895764152,43.5151298759261,24595.8,3.9933320985367704,1.90961289127617,2.983510210193363,-0.0051122260644797
2006-07-14,5.399,5.6053,5.399,5.5209,5389,0,0.3416877192344625,5.579000000000001,5.66335,5.645059999999999,5.657922413567123,6.048464383244729,5.241655616755269,4.001831533923487,45.6919540229885,24428.55,3.8210779774032178,2.2578255232450477,-1.8332147937411003,0.0034110529308907
2006-07-17,5.4647,5.4833,5.3898,5.4365,15042,0,-1.528736256769736,5.52088,5.658670000000001,5.63381,5.6368345646559685,6.047697210163411,5.219922789836589,3.948829247747837,48.849783720015715,25007.05,1.7347582470592544,-0.5160393068237965,-0.8535006291831571,-0.0154054190214544
2006-07-18,5.5021,5.5489,5.3898,5.3898,27880,0,-0.859008553297147,5.47592,5.66244,5.61507,5.6133074632601625,6.037867341524294,5.192272658475707,3.875439610528614,50.96671624185856,26027.45,2.951872054621685,-2.0410388760655076,0.7043964051493878,-0.008627192974588
2006-07-19,5.399,5.7365,5.3898,5.4553,37360,0,1.215258451148471,5.46092,5.6212,5.598675,5.598259133425861,6.019446571358105,5.177903428641895,2.082689639901852,52.80658025922235,27258.85,6.432520687224019,1.0427857010557555,-7.028307514017418,0.0120793347088113
2006-07-20,5.6802,5.7365,5.4928,5.5303,40902,0,1.3748098179751755,5.466559999999999,5.575270000000001,5.5874250000000005,5.591786835004351,6.002558180278851,5.17229181972115,1.9880398972125992,47.39678835361451,28778.9,4.436717157005543,-2.6389915848033465,-7.668291705623076,0.01365445042082
2006-07-21,5.4365,5.4928,5.3898,5.4272,7681,0,-1.864274994123294,5.44782,5.51341,5.5691500000000005,5.5761118983372695,5.978372268777214,5.159927731222787,1.915669877529694,48.40814936723229,28352.65,1.911017106386132,-0.1710659431619542,-10.231896523206183,-0.0188187164353182
2006-07-24,5.3898,5.6709,5.3898,5.5115,23336,0,1.5532871462264008,5.46282,5.49185,5.55931,5.569958384209911,5.963882002049225,5.154737997950775,1.3912060552169494,54.64668843283582,28659.75,5.215406879661573,2.257968755797983,-3.7645579787326966,0.0154134712458407
2006-07-25,5.4083,5.5115,5.3427,5.4739,12207,0,-0.6822099247028812,5.47964,5.47778,5.55884,5.56080996666611,5.963805450898056,5.153874549101944,1.2832764351389825,34.085030714516634,27746.35,3.159451213805755,1.2129504650259928,-2.505966587112174,-0.0068454761464467
2006-07-26,5.4083,5.624,5.3053,5.3802,15591,0,-1.7117594402528358,5.464620000000001,5.462770000000001,5.560245,5.543609017459813,5.962375423854608,5.158114576145392,1.3076294832311075,24.797353184449932,26463.8,6.007200346822985,-0.5195717693175185,-2.714138473500538,-0.0172657940708663
2006-07-27,5.7083,6.0364,5.4647,5.9052,69191,0,9.758001561280238,5.5396,5.503080000000001,5.588369999999999,5.578046253892212,6.004862871487629,5.17187712851237,3.420355050623162,45.80998927166527,28715.6,10.461690486211518,3.449363207960328,7.326293596990219,0.0931077704738758
2006-07-28,5.9896,5.9896,5.2585,5.7927,56085,0,-1.905100589311115,5.612699999999999,5.53026,5.596805000000001,5.598489467807239,6.023055050038597,5.170554949961405,3.523115810785284,52.22886653982061,28690.0,13.903204335837229,-3.2873647655937006,4.923110362440908,-0.0192348145433301
2006-07-31,5.8303,5.9989,5.5959,5.6146,13555,0,-3.074559359193463,5.63332,5.548070000000001,5.60337,5.6000238042065495,6.026290806820988,5.180449193179012,3.655165937620781,50.0,28269.15,7.201701245554773,-3.699638097524999,3.2760047824887506,-0.0312281562375992
2006-08-01,5.8584,5.9052,5.8021,5.8395,12556,0,4.005628183664012,5.706440000000001,5.59304,5.62774,5.622831060948783,6.045840307279698,5.209639692720303,3.792996279034371,59.21444749076171,28748.0,1.776942831043924,-0.3226136829168284,8.343537793610146,0.0392748288396166
2006-08-02,5.7927,5.9052,5.7739,5.8584,18032,0,0.3236578474184348,5.802079999999999,5.63335,5.627275,5.64526619800128,6.044270841832113,5.210279158167887,3.794376901486082,60.677255019478565,27985.25,2.274026221444769,1.134186130819819,7.389144501677247,0.0032313520282398
2006-08-03,5.9052,6.4863,5.8863,6.3645,59412,0,8.638877509217524,5.893939999999999,5.7167699999999995,5.64602,5.713764655334491,6.155126559417686,5.1369134405823145,4.542880518850582,69.56582243250766,29701.9,10.19316038937872,7.777890672627512,15.084172648861705,0.0828591455636291
2006-08-04,6.3645,6.4113,6.102,6.3738,15504,0,0.1461230261607493,6.010160000000001,5.81143,5.66242,5.7766251643502535,6.2420043432559025,5.0828356567440975,4.420075812595521,72.52366991877736,28152.3,5.068829891838733,0.1461230261607436,17.441774764150942,0.0014601637035336
2006-08-07,6.505,6.5988,6.4957,6.5614,54918,0,2.943299130816768,6.19952,5.9164200000000005,5.704134999999999,5.851365624888325,6.409720127170503,4.9985498728294955,4.436593354463075,76.36838314728125,27942.65,1.587203842541982,0.8670253651037664,19.049260636850217,0.0290081567885946
2006-08-08,6.627,7.03,6.5239,6.9269,115947,0,5.570457524308825,6.416999999999999,6.061719999999999,5.76975,5.953797470137055,6.660145586833535,4.879354413166466,4.4813559571715835,79.17988578680203,32318.65,7.75762963871304,4.525426286404106,26.544145855788372,0.0542083878518886
2006-08-09,6.9269,6.9269,6.6831,6.8143,60021,0,-1.6255467813884985,6.60818,6.20513,5.83395,6.035750092028764,6.830484630343413,4.837415369656586,4.472492491340212,75.08596436386372,33594.2,3.6480076611153542,-1.625546781388494,26.65514293148954,-0.0163890373995258
2006-08-10,6.6363,6.805,6.5614,6.6926,14286,0,-1.7859501342764594,6.6738,6.283869999999999,5.8934750000000005,6.098307226121263,6.94713298081081,4.839817019189191,3.8280717889889697,74.54418496392273,33744.75,3.712622306215134,0.8483642993836829,13.334010702431764,-0.0180209068727401
2006-08-11,6.5799,6.8425,6.5799,6.7769,13314,0,1.2596001553955238,6.7544200000000005,6.38229,5.956275,6.16293510934781,7.064728423991234,4.847821576008766,3.6585470247083407,74.54418496392275,34141.0,3.990942111582242,2.993966473654615,16.99034992317918,0.0125173318533566
2006-08-14,6.6926,7.1705,6.6926,6.9455,150867,0,2.4878631822809805,6.831239999999999,6.51538,6.031725,6.237465098933733,7.195269830294585,4.868180169705415,3.263615563774725,77.16331955109274,40932.25,7.140722589128291,3.778800466186539,23.70427100772985,0.0245741976018469
2006-08-15,7.03,7.0487,6.7487,7.0487,86155,0,1.4858541501691749,6.8556,6.6363,6.11467,6.3147255657019485,7.32125689586086,4.90808310413914,3.205157761052422,80.69013721811427,43846.0,4.4453005764073055,0.2660028449502125,20.707252333247705,0.0147492348025026
2006-08-16,7.1705,7.1705,7.0487,7.0582,83842,0,0.1347766254770288,6.904380000000001,6.756279999999999,6.194815,6.385532654682716,7.42960135232769,4.960028647672311,3.216307395833527,76.17123660795353,46170.1,1.7279782087477047,-1.5661390419078085,20.479994537757772,0.0013468588330682
2006-08-17,7.0487,7.0582,6.9362,6.9455,22903,0,-1.5967243773200024,6.95496,6.81438,6.265575,6.438862878046266,7.502219064648984,5.028930935351016,2.35613377380588,76.16432137993644,45270.15,1.7588881520140696,-1.464099763076882,9.128761096708304,-0.016096093635571
2006-08-18,6.9362,6.9455,6.6176,6.8894,47440,0,-0.807717226981497,6.977460000000001,6.86594,6.338685,6.481771175375194,7.538992340072348,5.138377659927651,2.4088506226377717,80.62950504565111,47258.1,4.954968568665372,-0.6747210288054003,8.089365841413287,-0.0081099693502527
2006-08-21,6.9362,7.3205,6.9269,7.1798,39860,0,4.215171132464368,7.02432,6.92778,6.4221,6.548250111053747,7.612197943780027,5.232002056219974,2.5628582648623657,81.22059166084323,48084.3,5.682195498707938,3.512009457628093,9.42481787423417,0.0412875290139134
2006-08-22,7.3111,7.3955,7.1705,7.2455,41758,0,0.915067272068848,7.063680000000001,6.95964,6.510680000000001,6.614654862381961,7.666858668764147,5.354501331235855,1.9846206905796653,81.62130123558109,49561.85,3.1378564953629526,-0.8972658013158059,4.599460075935835,0.0091090589848741
2006-08-23,7.3111,7.3767,7.0582,7.1049,65267,0,-1.9405148022910823,7.07302,6.9887,6.596915,6.6613448754884415,7.650824130757819,5.543005869242181,2.023657560991473,70.25385709596236,52045.65,4.512481935904328,-2.820369027916455,4.264561290227897,-0.0195958996491813
2006-08-24,7.0582,7.0768,6.805,6.8425,75162,0,-3.693225801911349,7.052420000000001,7.003690000000001,6.643780000000001,6.678597744489542,7.650479343817245,5.637080656182758,2.3240103095771696,61.261953962227885,52344.2,3.994121969140348,-3.0560199484287778,2.23978722768432,-0.0376315249219633
2006-08-25,6.6926,6.8894,6.6551,6.7019,56904,0,-2.054804530507859,7.014919999999999,6.99619,6.68924,6.680817006919109,7.61279896150077,5.765681038499229,2.39854361549269,53.453955455037125,52385.15,3.520608255322988,0.1389594477482671,-1.1067007038616516,-0.0207620936480251
2006-08-28,6.8425,6.8425,6.5425,6.5614,164727,0,-2.0964204180903945,6.891239999999999,6.95778,6.736579999999999,6.669443958641098,7.513650871522268,5.95950912847773,2.2875951505594103,39.89717507877717,59943.75,4.585403133358805,-4.108147606868839,-5.530199409689729,-0.0211870734641915
2006-08-29,6.7113,6.7113,6.4487,6.505,61861,0,-0.8595726521778868,6.7431399999999995,6.903409999999999,6.7698550000000015,6.653782629246708,7.433967889816943,6.10574211018306,2.173775147032752,41.17647058823528,62409.0,4.07213857056461,-3.0739201048977054,-7.71347908124903,-0.0086328828560118
2006-08-30,6.7675,7.4987,6.5706,7.4049,436431,0,13.83397386625671,6.803140000000001,6.938079999999999,6.84718,6.725317616937497,7.418036603249568,6.276323396750432,5.125625890923363,64.07206922438658,83328.95,14.125041853103228,9.41854451422238,4.912017228188481,0.1295708312751819
2006-08-31,7.5925,8.0986,7.4987,7.6017,732209,0,2.6576996313252055,6.954980000000001,7.0037,6.90904,6.808782605800593,7.5259430032090675,6.292136996790933,5.100316022799489,65.60111976999319,116968.8,8.000053342579367,0.1211722094171863,9.447843927723,0.0262299632495781
2006-09-01,7.4799,7.7704,7.3767,7.733,318766,0,1.7272452214636136,7.161199999999999,7.0880600000000005,6.977000000000001,6.89680331001006,7.643137529659601,6.3108624703404015,5.0624043235243725,65.10878323932312,132131.9,5.337074843764839,3.3837350766721466,12.244897959183664,0.0171249791376696
2006-09-05,7.8923,7.9672,7.5925,7.8735,288035,0,1.8168886589939204,7.42362,7.15743,7.042605,6.989822042390054,7.7899046734911215,6.2953053265088785,4.963237424990406,65.60111976999319,143787.75,4.935133355284818,-0.2382068598507369,9.661829020306968,0.0180058047514286
2006-09-06,7.8735,8.3892,7.7704,8.2672,210723,0,5.000317520797615,7.776059999999999,7.259599999999999,7.10962,7.111477085971954,8.032897328696066,6.186342671303934,5.118372562132844,69.96630994847405,148526.55,7.963553999794093,5.000317520797623,14.101166241115193,0.048793188172456
2006-09-07,8.1735,8.2954,7.9672,8.2672,119582,0,0.0,7.94852,7.375829999999999,7.182264999999999,7.221545934927006,8.228192088683542,6.136337911316456,5.011675970436654,72.67144670486124,151504.6,4.119389496937453,1.1463877164005642,16.359132429731616,0.0
2006-09-08,8.2954,8.6703,8.2579,8.5015,191899,0,2.8340913489452113,8.12848,7.541729999999999,7.272710000000001,7.343446322076815,8.445500618724564,6.099919381275439,4.6531073618040555,76.05961656590475,160385.25,4.9940057399581,2.4845094871856603,24.245524296675192,0.0279467399646201
2006-09-11,8.5391,8.6703,8.211,8.5578,165499,0,0.6622360759865886,8.29344,7.727320000000001,7.361755,7.459099053307595,8.64158872517885,6.0819212748211475,4.4462066646041105,74.09933543196922,167994.5,5.593715747168419,0.2189926338841426,27.692147003088685,0.006600529259891
2006-09-12,8.5766,8.989,8.4828,8.989,96182,0,5.03867816494894,8.51654,7.970080000000001,7.46393,7.604803905373538,8.918233355164256,6.009626644835745,4.180948956678308,77.03519925569856,165260.25,5.967369264865393,4.80843224587834,36.998201603316375,0.0491584598159677
2006-09-13,8.9983,9.3729,8.5859,9.0917,134584,0,1.1425075091778591,8.68144,8.22875,7.566080000000001,7.746413057242725,9.176229940843989,5.955930059156014,4.005418568413649,81.17429234921232,167681.7,9.166191080725364,1.0379738395030065,39.76479631053036,0.0113603018141778
2006-09-14,9.2798,9.3069,8.8953,9.1203,101990,0,0.3145726321810205,8.85206,8.40029,7.669185000000001,7.8772594327434176,9.401832098365269,5.936537901634735,1.7855787510928298,88.57017068545109,168589.1,4.627162658932244,-1.718787042824194,23.1657416035328,0.003140788876622
2006-09-15,9.2331,9.2331,9.0077,9.1957,113741,0,0.8267271909915275,8.9909,8.55969,7.781695000000001,8.002825201053568,9.606274052217074,5.957115947782928,1.8178345016692792,93.18118853026736,173131.0,2.502303584710864,-0.4050643879087183,20.968993777707624,0.0082332852072224
2006-09-18,9.2331,9.3166,8.914,9.1393,93856,0,-0.6133301434366079,9.1072,8.700320000000001,7.89419,8.111060896191324,9.764003943910456,6.024376056089543,1.990251376556203,95.9764579989299,175451.8,4.516490913170291,-1.0159101493539535,18.185697659381873,-0.0061521873893769
2006-09-19,9.3263,9.3263,9.1393,9.1479,77563,0,0.0940991104351418,9.13898,8.827760000000001,7.992595,8.209807477506436,9.910638668319054,6.074551331680945,2.0528077482841827,97.95333309141051,177336.95,2.0461085641132186,-1.9128700556490772,16.185940179081726,0.0009405486497643
2006-09-20,9.2798,9.3729,8.2954,9.0265,196209,0,-1.3270805321439871,9.12594,8.903690000000001,8.081644999999998,8.287587717743918,10.01892172394982,6.1443682760501765,1.8270272888597856,91.00748533279388,185059.5,12.989126503845489,-2.7295846893251947,9.184488097542086,-0.0133596493550963
2006-09-21,8.9796,9.3632,8.9421,9.1861,41399,0,1.7681271810779275,9.1391,8.99558,8.185705,8.37316031605402,10.1256543009924,6.245755699007601,1.8160702408534208,90.83505154639175,183866.1,4.709184643428288,2.2996570003118193,11.115008709115523,0.0175267765808414
2006-09-22,9.3069,10.395,9.2234,10.019,240764,0,9.066959863271684,9.30376,9.14733,8.34453,8.529906952620305,10.340759546024426,6.3483004539755745,3.10173495152895,93.2692307692308,192146.2,12.70247414185658,7.651312467094301,17.849791213315292,0.0867918183017087
2006-09-25,9.935,11.145,9.795,10.854,189343,0,8.334165086335954,9.6467,9.37695,8.552135,8.751249147608847,10.687828578725735,6.416441421274264,3.7070030735980737,94.6704235484548,198768.15,13.78254211332312,9.250125817815787,26.83166234312555,0.080050385364087
2006-09-26,10.938,11.182,10.348,10.536,161561,0,-2.9297954671088977,9.92432,9.53165,8.750865000000001,8.921225419265147,10.845894746579374,6.655835253420628,3.9412335669345127,84.79327689854007,198609.85,8.0595284112872,-3.675260559517288,17.209923239514957,-0.0297357112002331
2006-09-27,10.33,10.685,9.691,10.61,141151,0,0.7023538344722802,10.24102,9.68348,8.956115,9.082061093620847,10.925265652358522,6.986964347641479,3.950198119022727,85.13075815738965,202574.35,10.256939428335569,2.710551790900284,16.699847113301146,0.0069989881849117
2006-09-28,10.714,11.858,10.714,11.53,225999,0,8.671065032987757,10.709799999999998,9.92445,9.16237,9.315198132323625,11.30399635701291,7.020743642987088,4.489560308500554,87.6669734583717,192052.75,10.677618069815196,7.61620309874929,26.42128000175432,0.0831553816550759
2006-09-29,11.706,12.419,10.629,10.826,490859,0,-6.105810928013867,10.871199999999998,10.08748,9.323585,9.45908402448328,11.45595925398366,7.1912107460163375,5.241878292702302,74.29624234114574,179985.25,16.840718788220915,-7.517512386810174,17.728938525615234,-0.0630016859061814
2006-10-02,11.501,11.577,10.826,11.305,379348,0,4.424533530389785,10.9614,10.30405,9.502185,9.634885545961064,11.671658880702962,7.33271111929704,5.229865253631022,74.55679022817883,183014.35,6.937003510068348,-1.7041996348143618,23.696563194117704,0.0432944573551468
2006-10-03,11.388,11.915,11.332,11.802,318978,0,4.396284829721364,11.2146,10.56946,9.69861,9.841277398726676,11.95675590727128,7.44046409272872,5.207902837381275,76.5200884557428,184561.5,5.1447229085774655,3.635405690200208,29.01321614796839,0.0430239029050438
2006-10-04,11.577,11.782,11.201,11.342,202026,0,-3.897644467039474,11.361,10.801010000000002,9.85235,9.984203360752709,12.118828154132002,7.585871845868001,5.484842094548829,70.04673993467239,184126.65,5.187036871707878,-2.0298868446056786,25.652246164072444,-0.0397563590431406
2006-10-05,11.434,11.875,11.023,11.305,186271,0,-0.3262211250220526,11.316,11.012899999999998,10.00424,10.109993516871496,12.23023311333869,7.778246886661309,5.553037586690865,69.16534917952353,187461.1,7.729293295835982,-1.128214098303302,23.066372018593317,-0.0032675438619032
2006-10-06,11.342,11.408,10.732,11.229,93620,0,-0.6722689075630339,11.3966,11.1339,10.140615,10.216565562883735,12.312507800761512,7.968722199238488,5.052940106091857,68.91987324581258,182547.15,6.298919120387628,-0.9962969493916533,12.07705359816349,-0.0067453881395316
2006-10-09,11.023,11.482,10.911,11.173,145394,0,-0.4987087006857127,11.3702,11.1658,10.271375,10.307654556894809,12.355140014406096,8.187609985593905,4.409978763875728,68.17896192032174,181541.9,5.233250847768305,1.360791073210563,2.9390086604017096,-0.0049995640252006
2006-10-10,11.173,11.249,10.33,10.376,202106,0,-7.1332676989170345,11.085,11.1498,10.340725,10.31416364671435,12.33519822249832,8.346251777501681,4.929821929904436,60.803778720678885,186838.1,8.896418199419172,-7.133267698917037,-1.518602885345488,-0.0740047065510581
2006-10-11,10.245,10.273,9.833,9.85,250039,0,-5.069390902081727,10.786599999999998,11.0738,10.37864,10.269957585122508,12.300652812707083,8.456627187292916,5.164998315254535,55.02049335289402,192610.85,4.474727956879889,-3.855539287457292,-7.163053722902923,-0.0520239918301452
2006-10-12,9.701,10.311,9.607,10.114,335304,0,2.680203045685281,10.5484,10.9322,10.428325,10.255104481777506,12.262754539178378,8.593895460821624,4.230308394517234,50.78603342710575,204276.55,7.3279900072863615,4.257293062570872,-12.281006071118805,0.0264491474737937
2006-10-13,9.87,10.019,9.4671,9.843,224998,0,-2.6794542218706807,10.2712,10.8339,10.46069,10.215856435893937,12.225054614304591,8.696325385695408,3.9178511452427047,40.77386384376712,209839.4,5.829662726706171,-0.2735562310030319,-9.079992610382416,-0.027160060010717
2006-10-16,9.476,9.889,9.4296,9.739,232237,0,-1.056588438484196,9.9844,10.6773,10.490675,10.17044153723737,12.179240243194936,8.802109756805063,3.449013339167459,42.43114909781577,216758.45,4.871892763213696,2.7754326720135065,-13.852277753206533,-0.010622099668012
2006-10-17,9.579,9.664,9.4197,9.664,168666,0,-0.770099599548224,9.842,10.4635,10.51648,10.122209009881429,12.132874861347045,8.900085138652955,2.8072590502123203,41.01785036080517,221313.6,2.5935008545919622,0.88735776177053,-18.115573631587868,-0.0077308017866032
2006-10-18,9.599,10.311,9.515,9.776,413852,0,1.1589403973510048,9.8272,10.3069,10.553955,10.089236723226056,12.055579479618368,9.052330520381632,2.8706211358399627,30.32750112157919,232195.75,8.365738307934832,1.8439420772997144,-13.807088696878866,0.0115227612367804
2006-10-19,9.4948,9.776,9.2798,9.607,131593,0,-1.728723404255328,9.7258,10.1371,10.575,10.043309416252145,12.00604672769332,9.143953272306678,2.8444809089413643,34.46342085138923,236705.45,5.347097997801677,1.1816994565446313,-15.019902697921273,-0.0174384030016381
2006-10-20,9.515,9.786,9.167,9.2982,93945,0,-3.2143228895596954,9.61684,9.94402,10.53896,9.97234661470432,12.06229461147772,9.01562538852228,2.8681402221112076,23.26263056917503,229364.5,6.752481727937163,-2.278507619548092,-17.1947635586428,-0.0326711663883942
2006-10-23,9.3632,9.748,9.3458,9.626,186048,0,3.525413520896526,9.59424,9.78932,10.47756,9.93936122282772,12.045760522086812,8.909359477913188,3.3222148148222237,19.639468690702103,229199.75,4.303537417877536,2.806732740943252,-13.845878456994544,0.0346469378417104
2006-10-24,9.683,9.701,9.2603,9.655,95383,0,0.3012674007895288,9.59244,9.71722,10.43351,9.912279201606031,12.043729523314394,8.823290476685607,2.6720341051242076,23.244306286874338,225890.85,4.759025085580376,-0.2891665806051892,-6.948727833461832,0.0030081449995601
2006-10-25,9.833,9.833,8.5859,8.839,223225,0,-8.451579492490923,9.40504,9.61612,10.34496,9.81006213478641,12.10236982896621,8.587550171033786,3.4027600912562286,18.63872214874354,229994.55,14.524976997169771,-10.108817248042303,-10.263959390862942,-0.0883021678016667
2006-10-26,9.2798,10.545,8.839,10.516,425569,0,18.97273447222536,9.58684,9.65632,10.29426,9.8772943124258,11.964044057138338,8.624475942861661,7.178642098635378,43.55637494125728,239973.05,19.300825885281135,13.32140778896097,3.974688550524008,0.1737241587888238
2006-10-27,10.273,10.947,10.273,10.33,274263,0,-1.768733358691521,9.7932,9.70502,10.26946,9.92040913981382,11.92062089355966,8.618299106440338,7.137995117154507,42.55642284462967,229143.25,6.560887764041658,0.5548525260391355,4.947678553286594,-0.0178456237360876
2006-10-30,10.442,10.826,10.067,10.245,413705,0,-0.8228460793804571,9.917,9.75562,10.21646,9.951322555069645,11.79407669736003,8.63884330263997,7.131995543145718,48.67692804912535,230861.1,7.539485447501741,-1.8866117601992043,5.195605298285222,-0.0082625014406842
2006-10-31,10.291,10.451,9.954,10.301,210578,0,0.5466081015129465,10.0462,9.81932,10.14141,9.984625168872537,11.53331996971398,8.74950003028602,7.113555133679173,55.032808106057225,225441.1,4.992967651195498,0.0971722864638984,6.591473509933787,0.0054511962106933
2006-11-01,10.301,10.778,10.217,10.723,195251,0,4.096689641782358,10.423,9.91402,10.11046,10.054946581360864,11.41473523798497,8.806184762015029,7.187918030393343,56.564480662268785,225102.35,5.490848585690515,4.096689641782357,9.686988543371534,0.0401499893364523
2006-11-02,10.742,11.136,10.629,10.873,316439,0,1.398862258696254,10.4944,10.04062,10.08886,10.132856430755067,11.322220513991503,8.855499486008496,7.116642469343931,61.399858331857615,231610.75,4.769968952864801,1.2195121951219368,13.17789112105756,0.0138916847776037
2006-11-03,10.873,11.314,10.778,11.145,174810,0,2.5016094914007247,10.6574,10.2253,10.08466,10.229251056397445,11.302142815441124,8.867177184558876,6.926647833593444,65.00341471743212,235670.25,4.973093338281681,2.50160949140072,19.86190875653353,0.0247083148222198
2006-11-06,11.06,11.651,11.06,11.482,361255,0,3.023777478690004,10.9048,10.410900000000002,10.10011,10.348560479597689,11.381889765794304,8.818330234205694,6.916423471279368,68.37254426388552,246463.3,5.343580470162742,3.8155515370705135,19.281113650529825,0.0297896249076129
2006-11-07,11.491,11.53,10.873,11.295,262886,0,-1.6286361261104276,11.1036,10.5749,10.14606,10.43869757677886,11.531204930133084,8.760915069866916,6.9949446827560715,65.12165014136104,249502.3,6.042490572978939,-1.7056827082064203,16.98601760745728,-0.0164204418254784
2006-11-08,11.249,11.295,11.004,11.229,214837,0,-0.5843293492695967,11.2048,10.8139,10.21501,10.51396447422849,11.673451939951748,8.75656806004825,6.100737405372741,66.48508008781202,247742.2,2.644492911668487,-0.1777935816517143,27.039257834596665,-0.005860432329565
2006-11-09,11.434,11.482,11.097,11.434,252201,0,1.825630065010242,11.317,10.9057,10.281009999999998,10.601586905254347,11.83644967979262,8.725570320207376,2.0329397730480694,72.17492420781593,243587.05,3.469406145805171,0.0,8.729554963864583,0.0180916552513779
2006-11-10,11.305,11.567,11.305,11.426,112779,0,-0.0699667657862446,11.3732,11.0153,10.36016,10.680102438087268,11.98146355143459,8.738856448565407,1.851890255985825,70.01779359430606,237976.1,2.3175586023883277,1.070322865988505,10.60987415295256,-0.0006999125395086
2006-11-13,11.398,11.482,11.239,11.482,186564,0,0.490110274811828,11.3732,11.139,10.447309999999998,10.756473634459908,12.114753837482262,8.779866162517735,1.749756921265874,70.1967720539465,235692.45,2.1621140670878063,0.73697139849096,12.074182528062472,0.0048891314431742
2006-11-14,11.482,11.716,11.426,11.679,371180,0,1.7157289670789222,11.45,11.276799999999998,10.54806,10.84433328832087,12.259152416095848,8.836967583904151,1.7432619880694171,86.37295081967213,245818.15,2.53807106598984,1.7157289670789146,13.37734200563052,0.0170117655509834
2006-11-15,11.716,12.11,11.651,11.875,410606,0,1.6782258755030366,11.5792,11.392,10.653009999999998,10.9424920227665,12.421246114145417,8.88477388585458,1.4520423767130948,78.04374742055303,245655.85,3.9395760020599058,1.3571184704677424,10.74326214678727,0.0166429926242765
2006-11-16,11.931,11.931,11.219,11.332,196711,0,-4.5726315789473615,11.5588,11.4379,10.73926,10.979588020598262,12.460320828797377,9.018199171202625,2.278506204705939,68.02158273381296,248911.75,6.346376682413761,-5.020534741429876,4.2214660167387175,-0.0468047679524347
2006-11-17,11.249,11.81,10.798,11.577,236016,0,2.1620190610660117,11.589,11.4811,10.8532,11.036484399588904,12.4712070392143,9.2351929607857,2.246639649538114,72.65306122448982,256015.3,9.372105945545476,2.915814739087913,3.876177658142677,0.0213897892553213
2006-11-20,11.586,11.858,11.586,11.706,226352,0,1.1142783104431064,11.6338,11.5035,10.9572,11.100247790104246,12.509120725050655,9.405279274949343,2.0737277875784517,73.31563226020579,258030.5,2.3476609701363733,1.03573278094251,1.950879637693781,0.0110811596454376
2006-11-21,11.716,11.839,11.623,11.716,248798,0,0.0854262771228464,11.6412,11.5456,11.06025,11.158890857713368,12.51900518309625,9.60149481690375,1.9729793009848993,69.0888119953864,265701.25,1.858384238148508,0.0,3.727312970340857,0.0008538980964579
2006-11-22,11.81,11.81,11.434,11.679,71567,0,-0.3158074428132429,11.602,11.5906,11.20225,11.208425061740664,12.24385420303929,10.160645796960711,1.960114595069305,66.19774919614153,258118.35,3.2884379919538325,-1.10922946655377,4.007480630510285,-0.0031630716690586
2006-11-24,11.81,11.931,11.275,11.474,51039,0,-1.7552872677455311,11.6304,11.5946,11.25015,11.233717913003458,12.245981580560557,10.254318419439445,1.999720156403188,56.794712928541955,239391.85,5.818181818181807,-2.8450465707027965,0.3498338289312563,-0.017708751116749
2006-11-27,11.557,11.595,11.106,11.342,824735,0,-1.1504270524664406,11.5834,11.586200000000002,11.30075,11.244030492717414,12.197649425212772,10.40385057478723,2.0359752127879243,46.841155234657066,266915.45,4.40302539168018,-1.8603443800294184,-0.735165412217742,-0.011570956587843
2006-11-28,11.557,12.242,11.305,12.138,926724,0,7.018162581555276,11.6698,11.6518,11.3954,11.329170445791943,12.219796787449782,10.571003212550218,3.032702450482799,64.92035398230091,292566.4,8.288367978770466,5.0272562083585655,5.713290367531787,0.0678283778218271
2006-11-29,12.233,12.859,12.186,12.597,846652,0,3.7815126050420034,11.846,11.7436,11.5102,11.449916117621283,12.332365715143556,10.688034284856442,3.1838895614104867,71.25543816034809,324370.1,5.522731002790087,2.9755579171094495,7.860262008733621,0.0371176629565023
2006-11-30,12.654,12.654,11.875,12.588,401152,0,-0.071445582281493,12.0278,11.8149,11.60345,11.558305058800208,12.47146054444216,10.735439455557838,3.178614099432457,69.09331568497687,334665.15,6.559999999999999,-0.5215742057847379,6.00421052631579,-0.0007147111680054
2006-12-01,12.654,12.71,11.998,12.289,273014,0,-2.375278042580231,12.1908,11.9106,11.67425,11.627895053200188,12.522160093297282,10.82633990670272,2.8365788992428436,63.024449139752505,332493.9,5.934322387064523,-2.884463410779202,8.445111189551714,-0.0240394258997002
2006-12-04,12.326,13.075,12.307,12.954,384925,0,5.411343477907082,12.5132,12.0483,11.7647,11.754190762419215,12.74975144936412,10.779648550635883,3.170151019695172,68.76593574706786,342999.65,6.2403510197448515,5.094921304559469,11.894273127753308,0.0527000674582652
2006-12-05,13.075,13.075,12.747,12.916,122006,0,-0.2933456847305837,12.6688,12.1693,11.8364,11.864839261236437,12.936811865477567,10.735988134522437,3.204178021070482,66.43635397289398,331037.2,2.57315446771789,-1.216061185468443,10.336579531864,-0.0029377678646965
2006-12-06,12.972,13.002,12.879,13.002,100533,0,0.6658408175905794,12.7498,12.2979,11.92175,11.97314028397582,13.106887944446983,10.736612055553014,3.190323380791634,65.42567752532167,322919.55,0.955043093407882,0.2312673450508875,10.976442471833405,0.0066363388862481
2006-12-07,13.075,13.104,12.898,13.01,120734,0,0.0615289955391507,12.8342,12.431,12.0108,12.071888828359077,13.24346157903159,10.778138420968409,3.174018430296528,76.90827453495831,318214.4,1.5971468444720076,-0.4971319311663442,11.396523674972167,0.0006151007421369
2006-12-08,13.114,13.582,12.869,13.507,238416,0,3.8201383551114576,13.0778,12.6343,12.11445,12.20856608280107,13.483926192602436,10.744973807397564,3.0998424306112997,78.63501483679528,317525.15,5.540446033102813,2.9967973158456527,17.718319679274884,0.0374897770542132
2006-12-11,13.459,13.563,13.17,13.489,465788,0,-0.133264233360475,13.1848,12.849,12.2176,12.33051217015335,13.676589181446712,10.75861081855329,3.011838052660554,77.35501687634248,335175.6,2.9840546697038777,0.2228991752730599,18.929642038441187,-0.0013335310910843
2006-12-12,13.403,13.9,13.002,13.863,305449,0,2.7726295500037024,13.374200000000002,13.0215,12.33665,12.476463392043506,13.925682181450018,10.747617818549983,2.437151465789486,79.63014076731994,341119.85,6.90662974926934,3.432067447586354,14.211566979733073,0.0273488820686963
2006-12-13,13.863,13.966,13.591,13.826,139612,0,-0.2668974969342819,13.538999999999998,13.1444,12.444,12.604990688039363,14.132913696339692,10.75508630366031,2.3245928517244585,79.63014076731994,329541.45,2.7591788683687737,-0.2668974969342785,9.756291180439792,-0.0026725430331657
2006-12-14,13.836,14.107,13.817,13.995,259307,0,1.2223347316649755,13.736,13.2851,12.55,12.73737252727371,14.35094478129196,10.749055218708042,2.2966982141970957,85.14078617228886,321976.5,2.098863718607506,1.1491760624457856,11.17731172545282,0.0121492454443435
2006-12-15,14.097,14.284,13.873,14.154,216849,0,1.1361200428724685,13.8654,13.4716,12.6911,12.872289429438116,14.531996109021394,10.850203890978609,1.950638085744905,88.90426120641952,322983.4,2.962589202047152,0.4043413492232417,15.176173813979975,0.0112971466861762
2006-12-18,14.228,14.323,13.929,14.088,197272,0,-0.4662992793556642,13.9852,13.585,12.81665,12.988071388539248,14.679987274891364,10.953312725108637,1.4394613816747417,83.80721220527049,321046.2,2.8286309139205983,-0.9839752600506084,8.754052802223233,-0.004673898459688
2006-12-19,14.012,14.012,13.235,13.769,226171,0,-2.264338444065861,13.966399999999998,13.6703,12.9198,13.062445542011702,14.752413962852426,11.087186037147577,1.7210859072813232,71.35568513119537,321037.15,5.870797128825092,-1.7342278047387976,6.604211830288009,-0.0229036827316695
2006-12-20,13.61,14.238,13.535,14.116,181587,0,2.5201539690609343,14.0244,13.7817,13.0398,13.16278406182011,14.854738665050226,11.224861334949772,1.8194896372372735,74.78909798831933,317676.6,5.1939416328038375,3.717854518736225,8.567912628826324,0.0248892173507883
2006-12-21,14.228,14.228,13.779,13.853,120350,0,-1.8631340323037704,13.996,13.866,13.1485,13.228518913075336,14.878709296740098,11.4182907032599,2.0035018596967062,75.67301378857522,320115.75,3.2585818999927416,-2.6356480179926907,6.479631053036128,-0.0188070901372816
2006-12-22,13.741,14.314,13.489,13.986,50202,0,0.9600808489135916,13.9624,13.913899999999998,13.2741,13.300659968972925,14.850348965106576,11.697851034893423,1.6780165074787567,70.52505966587115,320073.9,6.116094595596406,1.7829852266938433,3.5463093210927665,0.009555013605933
2006-12-26,13.873,13.873,13.273,13.732,195479,0,-1.8161018161018228,13.8912,13.9382,13.3936,13.341739971927884,14.690780813594404,12.096419186405598,1.8121939226225643,64.94505494505495,288611.1,4.520455059142617,-1.0163627189504796,1.8014678627029213,-0.0183279536862295
2006-12-27,13.732,13.929,13.601,13.779,94379,0,0.3422662394407361,13.893199999999998,13.9298,13.475650000000002,13.383383784125227,14.639136462047563,12.312163537952438,1.575357357197268,64.43701226309923,246993.85,2.4115873832806365,0.3422662394407267,-0.6059294524994541,0.0034168184163205
2006-12-28,13.694,13.966,13.591,13.619,116884,0,-1.1611873140286,13.7938,13.9091,13.526749999999998,13.40582342373235,14.61509763699238,12.438402363007617,1.613974493777799,60.71051705944426,210505.45,2.7591788683687737,-0.5476851175697464,-1.4971792275423224,-0.0116798174249458
2006-12-29,13.554,14.697,13.432,13.9,173989,0,2.0632939276011397,13.8032,13.8996,13.59235,13.452887859567364,14.597429158966598,12.587270841033405,1.7117367958137797,57.48001522649411,199147.3,9.417808219178072,2.552751955142394,-0.6788138620935968,0.0204229635498257
2007-01-03,14.06,14.922,13.976,14.473,482819,0,4.122302158273383,13.9006,13.9315,13.70155,13.550041396751428,14.576548339847776,12.826551660152225,2.14758866330749,65.46197360150848,209637.55,6.768746422438464,2.937411095305834,2.2537798502190176,0.0403960045188214
2007-01-04,14.519,14.829,14.248,14.697,222506,0,1.5477095280867603,14.0936,13.9924,13.7887,13.659275549441766,14.696779778549246,12.880620221450757,2.167946742922982,63.7532981530343,201516.6,4.077765300393047,1.225979750671527,4.322827938671203,0.0153585466690797
2007-01-05,14.369,14.369,12.823,13.17,423486,0,-10.38987548479281,13.971800000000002,13.9325,13.8014,13.61267787806636,14.664058168563304,12.938741831436698,4.024276509310221,42.74657231313577,216590.6,12.056461046556963,-8.34435242536015,-4.350352240540345,-0.1097018755693577
2007-01-08,13.048,13.048,12.157,12.859,435709,0,-2.36142748671222,13.8198,13.8068,13.79425,13.54089903253623,14.686663138924924,12.901836861075076,3.930054091075682,37.821612349914254,233349.4,7.329110800361932,-1.4484978540772535,-8.904788892037407,-0.0238975604668877
2007-01-09,12.823,13.085,12.345,12.842,231173,0,-0.1322031262151024,13.6082,13.705699999999998,13.785850000000002,13.474337219913732,14.711874502346936,12.859825497653068,3.918850708514563,35.49314462627157,238871.35,5.994329688132849,0.1481712547765743,-7.29805818234317,-0.0013229059164452
2007-01-10,12.776,12.972,12.475,12.72,136874,0,-0.9500077869490696,13.2576,13.5791,13.7465,13.402495579921949,14.782741894133515,12.710258105866483,3.876211038637838,35.0589777195282,233794.25,3.9839679358717426,-0.4383218534752596,-9.051909051909046,-0.0095454914598805
2007-01-11,12.69,14.275,12.664,13.769,374865,0,8.246855345911941,13.072,13.5828,13.7605,13.437400762786526,14.78963525273434,12.731364747265658,4.8003662608585564,50.0,229248.1,12.721099178774484,8.502758077226167,0.2694436353044116,0.0792441305502591
2007-01-12,13.882,14.022,13.291,13.9,157075,0,0.9514125935071504,13.218,13.5949,13.762349999999998,13.481457832997332,14.792393693503255,12.73230630649674,4.807180093607239,47.8790259230165,221829.4,5.499962380558272,0.1296643134995006,0.878147906234128,0.0094691516744107
2007-01-16,14.238,15.185,14.088,15.044,320642,0,8.230215827338139,13.655,13.7374,13.823250000000002,13.630271372711873,15.002375612700291,12.644124387299712,5.394555748757403,59.9698643897539,230880.9,7.786768881317443,5.660907430818942,10.463323298333217,0.0790904004714439
2007-01-17,14.763,15.251,13.525,14.969,241615,0,-0.4985376229726168,14.0804,13.8443,13.871950000000002,13.757769337215503,15.156670977283865,12.58722902271614,5.4062759013579145,58.30938292476753,229996.3,12.761552680221804,1.3953803427487603,7.690647482014379,-0.0049978446749912
2007-01-18,15.044,15.044,14.323,14.379,158900,0,-3.941479056717212,14.412200000000002,13.8349,13.8832,13.816934162242598,15.182181722653931,12.584218277346064,5.469388901660873,55.1751719724844,227098.85,5.03386162116875,-4.420366923690514,-0.6494852483935665,-0.0402125870874947
2007-01-19,14.379,14.829,14.088,14.669,188978,0,2.016830099450595,14.5922,13.8321,13.91225,13.898083289648063,15.255740328643048,12.568759671356952,5.485457535519123,56.852479211579926,226684.15,5.259795570698477,2.016830099450594,-0.1905150711029368,0.0199676146600218
2007-01-22,14.669,14.894,14.032,14.219,163126,0,-3.067693775990188,14.656,13.937,13.93475,13.92864678587206,15.283202504871507,12.586297495128491,4.284286474108146,54.42216981132076,223531.9,6.143101482326112,-3.0676937759901906,7.965072133637041,-0.0311573250913883
2007-01-23,14.547,15.71,14.228,15.203,332381,0,6.920317884520721,14.6878,14.1714,13.9891,14.050013758646148,15.451151032300904,12.527048967699097,4.5108216962717735,58.70174969947909,231071.6,10.41608096710712,4.509520863408254,18.228478108717617,0.0669136783844616
2007-01-24,15.372,15.372,14.753,14.998,219364,0,-1.3484180753798647,14.6936,14.387,14.04635,14.14029816258461,15.574153552403368,12.518546447596634,4.583839536638744,53.68731563421829,236022.3,4.195756795228087,-2.432995055945879,16.788662202149183,-0.0135759179195013
2007-01-25,15.466,15.466,14.069,14.172,362408,0,-5.507400986798228,14.6522,14.532199999999998,14.05565,14.1433173851956,15.584171029244152,12.527128970755848,5.07225413413004,46.60018132366275,251632.6,9.929632525410463,-8.366739945687305,11.415094339622645,-0.0566486718759719
2007-01-26,14.257,14.998,13.91,14.314,283557,0,1.001975726785198,14.5812,14.586700000000002,14.08475,14.159572872319828,15.609482780729488,12.560017219270511,4.430765163071847,59.02777777777778,256036.5,7.821710999281087,0.3998036052465482,3.9581668966518935,0.00996989231318
2007-01-29,14.529,14.763,13.976,14.032,464766,0,-1.9700992035769136,14.5438,14.5999,14.0974,14.147423074956034,15.615636289771272,12.579163710228723,4.491811779979971,59.29919137466308,274555.85,5.631081854607892,-3.420744717461627,0.9496402877697818,-0.0198976436865784
2007-01-30,13.947,15.326,13.947,15.129,374735,0,7.817844925883688,14.529,14.6084,14.172900000000002,14.240906591626889,15.74035007811028,12.605449921889726,4.410895576616286,65.47989711655612,287448.4,9.887430988743109,8.474940847494087,0.5650093060356243,0.0752729961328706
2007-01-31,14.586,15.466,14.586,15.307,526830,0,1.1765483508493713,14.590799999999998,14.6422,14.243249999999998,14.342439297186232,15.883724883106945,12.602775116893053,4.415657616848978,67.37874512965202,305090.45,6.033182503770732,4.943096119566708,2.2579998663905476,0.0116968083468722
2007-02-01,15.109,15.7,14.95,15.597,600815,0,1.8945580453387345,14.875800000000002,14.764,14.299450000000002,14.46192126888278,16.046609194987987,12.552290805012015,4.170184436912711,63.67444643925792,310990.25,5.016722408026756,3.229862995565554,8.470686417692463,0.0187683479601183
2007-02-02,15.316,15.925,15.232,15.803,422039,0,1.320766814130936,15.1736,14.8774,14.35475,14.589643052798706,16.22085428715166,12.488645712848344,4.15513210634741,64.07752626128125,320966.9,4.549632352941186,3.179681378950118,7.730588315495268,0.0131212073572784
2007-02-05,15.654,16.684,15.654,16.497,678154,0,4.3915712206543,15.6666,15.1052,14.5211,14.771296095389305,16.53020012849416,12.51199987150584,4.047038880930815,61.515295609446824,333700.3,6.579787913632305,5.385205059409735,16.020817216400584,0.0429787507668205
2007-02-06,16.346,16.985,16.329,16.853,642770,0,2.157968115414932,16.011400000000002,15.2702,14.7208,14.969553610114133,16.825975337115523,12.615624662884478,3.6033363635524434,64.29438543247346,344053.35,4.01739236940412,3.1016762510706073,10.853121094520834,0.0213501363000956
2007-02-07,16.75,17.612,16.713,17.059,450808,0,1.2223343024980735,16.3618,15.4763,14.93165,15.168548504388978,17.088597675230822,12.774702324769176,3.4999824162857323,71.59200773445053,355035.1,5.379046251421033,1.8447761194029917,13.741832244299257,0.0121492412044996
2007-02-08,16.976,17.622,16.825,17.556,378567,0,2.913418137053747,16.7536,15.814700000000002,15.17345,15.395924837304314,17.370360891037077,12.97653910896292,2.5509907092614665,72.50896616248247,367119.75,4.736998514115903,3.416588124410944,23.878069432684157,0.028717848127605
2007-02-09,17.443,17.602,16.722,16.853,333724,0,-4.004329004329,16.963600000000003,16.068599999999996,15.32765,15.534693900418189,17.542353903222008,13.112946096777994,3.2153607739528485,69.75697569756977,365062.7,5.262528405693093,-3.3824456802155582,17.737878999580836,-0.0408670893321046
2007-02-12,17.238,17.238,16.047,16.122,481365,0,-4.337506675369385,16.8886,16.2776,15.438750000000002,15.590627814664076,17.5733906945283,13.304109305471703,3.581289307619808,57.16513332293779,381277.2,7.421948027668717,-6.4740689175078305,14.894526795895093,-0.0443438836324738
2007-02-13,16.151,16.253,15.84,15.982,350698,0,-0.8683786130753046,16.7144,16.3629,15.485649999999998,15.62790135612464,17.624984995051506,13.346315004948488,2.8441647290506973,57.75047258979206,382780.0,2.607323232323234,-1.046374837471367,5.638178333002841,-0.0087217099091381
2007-02-14,15.916,16.731,15.832,16.356,250500,0,2.3401326492304086,16.5738,16.4678,15.555,15.69724408411277,17.713653381405187,13.396346618594816,2.894337012258387,68.52103120759837,383224.25,5.678372915613951,2.764513696908779,6.8530737571046,0.023131713550125
2007-02-15,16.216,16.628,16.216,16.506,143152,0,0.9170946441672712,16.363799999999998,16.558699999999998,15.66135,15.774268457054411,17.78535785755297,13.537342142447027,2.8659934814781542,68.56368563685635,382436.85,2.540700542673896,1.7883571780957026,5.828043854587417,0.0091291486680965
2007-02-16,16.413,16.684,16.3,16.44,126484,0,-0.3998545983278756,16.281200000000002,16.6224,15.7499,15.837671461144469,17.847212054185302,13.652587945814698,2.8699144694723344,71.16736990154712,379312.15,2.3558282208588976,0.1645037470297997,4.03088021261786,-0.0040065615424585
2007-02-20,16.319,16.797,16.009,16.618,330257,0,1.0827250608272276,16.3804,16.634500000000003,15.86985,15.911988464844994,17.870696797049327,13.869003202950674,2.533910312932534,65.61123925351225,387668.7,4.922231244924731,1.8322201115264385,0.7334666909134979,0.0107690556147555
2007-02-21,16.674,16.966,16.459,16.9,274286,0,1.69695510891803,16.564,16.6392,15.954700000000004,16.006084801526423,17.98025370987252,13.929146290127482,2.4962698655385065,66.34516724810177,384763.95,3.0803815541649033,1.355403622406136,0.278882098142752,0.016827176686238
2007-02-22,16.863,17.407,16.863,17.397,276249,0,2.9408284023668685,16.7722,16.673000000000002,16.07465,16.138552915666764,18.14528766176392,14.004012338236077,2.640453573315769,67.71653543307086,387608.2,3.2259977465456946,3.166696317381243,1.981358813529499,0.0289841556333854
2007-02-23,17.313,17.481,16.985,17.145,196703,0,-1.4485256078634157,16.9,16.631899999999998,16.223300000000002,16.234405018936595,18.13995565092165,14.306644349078354,2.504340998128767,63.0901287553648,379322.95,2.9202237268177935,-0.9703690868133732,-2.3410799726589326,-0.0145911916475294
2007-02-26,17.106,17.34,16.563,16.768,214162,0,-2.1988918051910167,16.9656,16.6234,16.345999999999997,16.28522358856168,18.050459661253807,14.641540338746186,2.2526872959200777,52.817633603659814,375853.2,4.691179134214822,-1.9759148836665552,-0.5043612413220266,-0.022234277776252
2007-02-27,16.469,16.469,14.829,15.082,423414,0,-10.054866412213736,16.6584,16.519399999999997,16.398500000000002,16.17063086584152,17.848552122474945,14.94844787752506,3.7174366611579823,35.57582668187,373785.6,11.059410614336777,-8.421883538769812,-6.450812554273655,-0.1059703283581763
2007-02-28,15.016,15.681,14.763,15.447,329370,0,2.420103434557741,16.3678,16.465899999999998,16.4144,16.10171364052328,17.811860764913646,15.016939235086356,3.83459191552367,37.2022864401397,371517.35,6.218248323511476,2.870271710175807,-3.347515955449887,0.0239128299516586
2007-03-01,14.988,15.681,14.781,15.579,188671,0,0.8545348611380899,16.0042,16.3882,16.428,16.05193138904487,17.78478552003173,15.071214479968273,3.7500617061923465,33.33895162649587,354609.4,6.088897909478375,3.9431545236189023,-4.750550256786501,0.0085090437981776
2007-03-02,15.288,15.438,14.586,14.651,200856,0,-5.956736632646519,15.5054,16.2027,16.380699999999997,15.91850935199298,17.913948371406406,14.84745162859359,4.092312975389206,32.12081844754789,334611.45,5.84121760592349,-4.16666666666667,-11.23833757421544,-0.0614152610111156
2007-03-05,14.163,14.36,13.346,13.704,527341,0,-6.463722612790934,14.892600000000002,15.9291,16.27575,15.70760369942222,18.21032384128075,14.341176158719245,4.412711545901044,31.032318795105112,339876.55,7.597782106998347,-3.2408388053378494,-16.642335766423354,-0.0668208314973571
2007-03-06,13.741,14.444,13.741,14.181,381002,0,3.4807355516637273,14.7124,15.6854,16.159950000000002,15.562212870905816,18.3046162824685,14.015283717531505,4.640771257180854,36.58173148562061,325018.95,5.116075977003138,3.2020959173277017,-14.664821278132145,0.03421527945739
2007-03-07,14.06,14.35,13.769,13.873,277047,0,-2.1719201748818806,14.3976,15.3827,16.01095,15.401335454629072,18.357453376246497,13.664446623753504,4.506466905596134,31.316779533483786,306732.8,4.219623792577526,-1.3300142247510751,-17.911242603550292,-0.0219585353806204
2007-03-08,13.929,14.266,13.601,13.817,258293,0,-0.4036617890867067,14.0452,15.0247,15.84885,15.25044636371202,18.33431725671651,13.363382743283488,4.225973015498179,29.47641581437945,297107.05,4.889346371590317,-0.8040778232464648,-20.57826061964706,-0.0040447870240559
2007-03-09,13.787,14.379,13.694,14.041,260336,0,1.6211912860968347,13.9232,14.7143,15.6731,15.135260995739444,18.147369687040985,13.198830312959013,4.3943028711509795,32.121031450290616,291195.5,5.002190740470269,1.842315224486832,-18.104403616214636,0.0160819030579726
2007-03-12,13.76,14.397,13.628,14.032,374223,0,-0.0640979987180379,13.988799999999998,14.4407,15.532050000000002,15.030188519954736,18.044448432615717,13.019651567384289,4.429201347233969,30.229357798165125,293220.45,5.642794247138245,1.9767441860465136,-16.316793893129777,-0.0006411855026779
2007-03-13,13.853,14.491,13.817,14.032,165102,0,0.0,13.959,14.3357,15.42755,14.935122946625713,18.009527901572728,12.845572098427272,3.316802431956936,27.08533077660593,277407.3,4.878048780487801,1.2921388868837096,-6.9619413870839475,0.0
2007-03-14,13.376,13.723,13.141,13.525,482209,0,-3.613169897377422,13.8894,14.1435,15.3047,14.800825523137547,18.00662275396993,12.602777246030072,3.2404371596703165,19.112954690491375,283982.85,4.4288866905106214,1.1139354066985714,-12.442545478086354,-0.0368006108972819
2007-03-15,13.386,13.873,13.263,13.535,305205,0,0.0739371534195898,13.833000000000002,13.9391,15.16365,14.680270711410165,17.928296757677412,12.399003242322586,3.1925756247995127,20.046465316959825,286718.1,4.599261102314705,1.1131032421933431,-13.120225945182618,0.0007390983337192
2007-03-16,13.628,14.163,13.591,13.91,224615,0,2.770594754340605,13.8068,13.865,15.03385,14.606911596037769,17.776814763670185,12.290885236329816,2.9789826754724347,26.27822045152722,290791.25,4.208667500551843,2.0692691517464046,-5.057675244010651,0.0273290828690871
2007-03-19,14.069,14.482,14.012,14.116,147354,0,1.4809489575844603,13.8236,13.906199999999998,14.91765,14.560158110700836,17.606161877561426,12.229138122438574,2.1486470309899826,39.37059859154928,291834.75,3.3542677704824353,0.3340678086573233,3.0064214827787428,0.0147008998776719
2007-03-20,14.172,14.294,13.882,13.956,283295,0,-1.133465570983283,13.8084,13.8837,14.78455,14.502619243015042,17.380608751666585,12.188491248333415,1.871419700733978,32.818621802258576,289486.65,2.96787206454402,-1.524132091447933,-1.5866299978844922,-0.0113993824884959
2007-03-21,14.022,14.266,13.882,14.051,189462,0,0.6807108053883626,13.9136,13.901500000000002,14.642100000000005,14.45960788653742,17.055651730933924,12.22854826906608,1.7408056587619722,32.240818224081806,285245.45,2.7661720213225784,0.2068178576522601,1.283067829597062,0.0067840442996754
2007-03-22,14.135,14.201,13.273,13.658,238044,0,-2.7969539534552723,13.9382,13.8856,14.455149999999998,14.38326427829576,16.52497453108303,12.385325468916967,1.9730743465196865,36.81975046456065,283335.2,6.991637158140593,-3.3746020516448554,-1.1507563146848088,-0.0283681370853056
2007-03-23,13.563,14.06,13.563,13.976,235136,0,2.3283057548689534,13.9514,13.8791,14.296699999999998,14.344477204172357,15.940955595446551,12.652444404553444,2.052602258947004,54.33397068196304,285256.85,3.6643810366438094,3.045049030450492,-0.4629299907414008,0.023016142292858
2007-03-26,13.92,14.051,13.714,13.723,160487,0,-1.81024613623354,13.872800000000002,13.8482,14.14445,14.285288899013082,15.323226792406096,12.965673207593907,2.1289318513500644,42.14138641043243,282573.1,2.4573428613096087,-1.4152298850574654,-2.2021094640820915,-0.0182683155442592
2007-03-27,13.628,13.723,13.346,13.356,137144,0,-2.6743423449683057,13.752800000000002,13.780599999999998,14.058149999999998,14.19678519434517,15.200068473446947,12.916231526553048,2.2644099902190393,41.305079044735976,268259.6,2.8248164243968277,-1.9958908130319948,-4.817559863169896,-0.027107535206088
2007-03-28,13.346,13.741,13.217,13.535,89095,0,1.3402216232405006,13.6496,13.7816,13.962550000000002,14.133758032978962,14.920166443379602,13.004933556620404,2.0299285533713984,45.44573643410853,256245.85,3.964591056972075,1.4161546530795748,0.0739371534195898,0.0133132009848565
2007-03-29,13.545,13.76,12.803,13.366,159010,0,-1.24861470262283,13.5912,13.7647,13.8519,14.0606382203143,14.476649516121586,13.227150483878416,2.069160948638489,38.90167707990793,254762.8,7.474810591267662,-1.3215208564045793,-1.24861470262283,-0.0125647539773861
2007-03-30,13.441,13.441,12.298,13.403,478723,0,0.2768217866227829,13.4766,13.714,13.7895,13.998006008855794,14.320448902288652,13.258551097711347,1.8190745874403784,39.75236233300752,268656.15,9.294194177915111,-0.2827170597425806,-3.644859813084111,0.0027643934074813
2007-04-02,13.376,13.498,12.889,12.954,345103,0,-3.349996269491906,13.3228,13.5978,13.752,13.898576865155242,14.401158483608992,13.102841516391008,1.9160257458961512,34.67879476975557,259544.25,4.724959267592521,-3.1549043062200868,-8.231793709266078,-0.0340739417356343
2007-04-03,12.898,13.9,12.898,13.769,349625,0,6.291492975142798,13.4054,13.5791,13.731400000000002,13.886236211330932,14.348599583858588,13.114200416141417,2.949218092834181,53.18870883429168,257975.4,7.768646301752215,6.752984958908362,-1.3399254800802507,0.0610150677015098
2007-04-04,13.92,13.92,13.291,13.451,154054,0,-2.3095359140097305,13.388600000000002,13.5191,13.710299999999998,13.84478514358513,14.335913332742106,13.084686667257891,3.0125982704252374,48.984034833091435,251825.75,4.732525769317579,-3.3692528735632146,-4.270158707565297,-0.0233662357357908
2007-04-05,13.432,13.873,13.432,13.797,124301,0,2.5722994572894287,13.474800000000002,13.533,13.709300000000002,13.840234177529403,14.33425881127391,13.084341188726096,3.015467304005066,48.623629719853845,245126.15,3.2832042882668175,2.717391304347828,1.0177185532288746,0.025397724499452
2007-04-09,13.797,13.92,13.17,13.273,124160,0,-3.79792708559833,13.4488,13.462700000000002,13.6709,13.786211874907556,14.30436429301559,13.03743570698441,3.141531898146564,40.47026904815737,238317.35,5.694760820045558,-3.797927085598326,-5.030051516886102,-0.0387192805818313
2007-04-10,13.273,13.648,13.131,13.507,175929,0,1.762977473065619,13.5594,13.4411,13.64465,13.759620267773505,14.258311067090444,13.030988932909551,3.1753068536301488,45.00778296642207,228402.65,3.937247734369046,1.762977473065622,-1.573999854259278,0.0174761729345618
2007-04-11,13.572,13.572,13.094,13.254,149649,0,-1.8731028355667425,13.4564,13.4309,13.60575,13.711465956556978,14.214641615970717,12.996858384029284,3.1130105035694653,41.43931256713211,227630.0,3.650526958912477,-2.343059239610961,-0.7637017070979413,-0.0189086759125919
2007-04-12,13.17,13.489,13.123,13.31,264584,0,0.4225139580503967,13.4282,13.4084,13.595000000000002,13.673231103551553,14.217337528998078,12.972662471001929,3.0813788713287646,45.97035664659566,216748.75,2.788996418501878,1.063022019741842,-1.662356852604352,0.0042162387409851
2007-04-13,13.376,13.572,13.038,13.507,106958,0,1.480090157776104,13.3702,13.4225,13.5936,13.657399569879976,14.2166314345364,12.9705685654636,3.0916547023566574,44.4126757207529,206836.4,4.095720202485036,0.9793660287081358,1.0549154571300343,0.0146924371716067
2007-04-16,13.469,14.172,13.469,14.012,123461,0,3.738802102613459,13.518,13.4834,13.5987,13.691171039415217,14.234182112878798,12.9632178871212,3.2948902580053923,53.24792088109687,201778.7,5.219392679486236,4.031479694112415,4.543758859956726,0.0367060357566133
2007-04-17,14.088,14.473,14.022,14.145,208650,0,0.9491864116471628,13.645600000000002,13.6025,13.60015,13.734392845185196,14.240713986696148,12.959586013303852,3.005390676046311,59.3594306049822,204843.5,3.216374269005851,0.4045996592845002,9.194071329319131,0.0094470994182901
2007-04-18,14.107,14.248,13.843,13.843,151208,0,-2.135030045952635,13.7634,13.6099,13.5945,13.744736383738989,14.223741648836922,12.965258351163078,2.4660588094901557,53.550023052097735,198239.15,2.925666401791515,-1.8714113560643608,0.5374391749582319,-0.0215815150479326
2007-04-19,13.797,13.986,13.356,13.694,117707,0,-1.0763562811529237,13.8402,13.634200000000002,13.57665,13.739904347192416,14.170632907781254,12.982667092218747,2.361865679036365,53.798054654932855,194651.4,4.716981132075477,-0.7465391027034844,1.8065571332986472,-0.0108219090067266
2007-04-20,13.863,13.956,13.451,13.498,119536,0,-1.4312837739155926,13.838399999999998,13.6043,13.568650000000002,13.716865837935996,14.162329436803772,12.974970563196232,2.25267478862463,51.0609783337056,188726.0,3.7543677050033377,-2.632907740027413,-2.167137783576145,-0.0144162543776565
2007-04-23,13.591,14.088,13.535,13.61,116619,0,0.8297525559342045,13.758,13.638,13.55035,13.706688139084948,14.112908170091124,12.987791829908875,1.874026006698818,57.92270531400964,182800.15,4.085703731067595,0.1397983959973521,2.5389889248851105,0.0082632903421598
2007-04-24,13.601,13.853,13.356,13.498,197646,0,-0.8229243203526804,13.6286,13.637099999999998,13.5391,13.686813078219714,14.096092261119312,12.982107738880693,1.822324268141312,46.05760837940063,184658.1,3.721174004192871,-0.7572972575546029,-0.066632116680243,-0.0082632903421599
2007-04-25,13.619,13.684,12.795,12.935,375065,0,-4.17098829456215,13.447,13.6052,13.518050000000002,13.61521183267498,14.132985332500365,12.903114667499642,2.1930677783671317,42.99293862031504,196554.15,6.948026572880026,-5.0223951831999365,-2.406820582465663,-0.0426047106832222
2007-04-26,12.889,13.498,12.71,13.123,216577,0,1.4534209509083684,13.3328,13.5865,13.49745,13.568334515277362,14.137101377087522,12.85779862291248,2.250197546169709,40.43700340522132,202928.25,6.199842643587713,1.81550159050353,-1.4049586776859635,0.0144296002761569
2007-04-27,13.123,13.197,12.879,12.972,136278,0,-1.1506515278518648,13.2276,13.532999999999998,13.47775,13.511540751917613,14.157461664875523,12.798038335124476,2.1956546268034125,45.22373849571565,201791.65,2.469135802469133,-1.1506515278518616,-3.9609091582142657,-0.011573227469078
2007-04-30,12.954,12.954,11.829,12.025,305839,0,-7.300339192106064,12.9106,13.3343,13.408849999999996,13.369965442211171,14.349677021407208,12.468022978592789,2.626635113499777,30.822981366459615,193147.45,9.51052498097895,-7.17153002933457,-14.18070225520982,-0.0758053724532465
2007-05-01,12.025,12.551,12.025,12.475,171237,0,3.7422037422037313,12.706,13.1673,13.384900000000002,13.28473063819106,14.39622573751876,12.373574262481243,3.031576805688649,40.40876631371582,184454.15,4.374220374220372,3.742203742203736,-11.806291975963234,0.0367388256457573
2007-05-02,12.419,12.541,11.754,12.541,160139,0,0.5290581162324726,12.627199999999998,13.0371,13.3235,13.21389914883953,14.384526216254052,12.26247378374595,3.0578293825125367,40.55514615573568,174979.85,6.695592989620562,0.9823657299299452,-9.405475691685329,0.0052766352043304
2007-05-03,12.597,12.626,12.251,12.505,137997,0,-0.2870584482896121,12.5036,12.9182,13.2762,13.146384944188148,14.39601005908167,12.156389940918327,3.064093606313295,37.18670076726343,174177.0,3.0609746143171987,-0.7303326188775006,-8.682634730538918,-0.0028747125123303
2007-05-04,12.57,12.634,12.233,12.326,127322,0,-1.4314274290283868,12.3744,12.800999999999998,13.20265,13.068253044741658,14.370629321193782,12.03467067880622,3.0640965780283858,26.47879464285711,174328.05,3.278018474617835,-1.941129673826569,-8.68276781745443,-0.0144177117895309
2007-05-07,11.603,11.697,10.554,10.667,991192,0,-13.459354210611718,12.102799999999998,12.5067,13.07235,12.839562278575784,14.698766438547766,11.445933561452234,4.943494127145138,15.96868884540116,217679.65,10.83001705514496,-8.066879255364992,-21.62380602498163,-0.1445559888967056
2007-05-08,10.639,10.742,10.245,10.357,541000,0,-2.9061591825255473,11.6792,12.1926,12.914849999999998,12.603127775854285,14.928117809727176,10.90158219027282,4.9186422024883845,15.943728018757312,235933.2,4.851146900927298,-2.6506250587461233,-23.270114090976445,-0.029492244036604
2007-05-09,10.291,10.498,10.265,10.301,319355,0,-0.5406971130636151,11.2312,11.9292,12.7672,12.383877511487208,15.085734164873072,10.448665835126926,4.915424181841286,16.23880597014923,244418.5,2.269849001461264,0.0971722864638984,-20.3633552377271,-0.0054216417051853
2007-05-10,10.301,10.583,10.198,10.208,287060,0,-0.902824968449667,10.7718,11.6377,12.6121,12.17665108182176,15.179419134202366,10.044780865797634,4.778869945665785,16.578626574563174,245542.3,3.775250049029219,-0.9028249684496648,-22.21290863369656,-0.0090692512991222
2007-05-11,10.235,10.676,10.17,10.526,192295,0,3.1152037617554917,10.4118,11.3931,12.46305,12.019446216886356,15.154733290590032,9.771366709409966,5.080742123907824,19.92979719188766,249809.15,4.97541789577188,2.8431851489985385,-18.855997533148315,0.0306766603291532
2007-05-14,10.554,10.554,10.291,10.367,151367,0,-1.5105453163594795,10.3518,11.2273,12.2808,11.8620703867067,15.023997642398855,9.53760235760114,4.719609472317817,19.748792270531386,251204.45,2.555631134000582,-1.7718400606405096,-13.787941787941785,-0.015220702590612
2007-05-15,10.311,10.48,10.282,10.33,304115,0,-0.3569017073406066,10.3464,11.0128,12.090050000000002,11.716158921306064,14.817958431477464,9.36214156852254,4.393474645202499,21.983222198322196,255977.7,1.925695390001949,0.1842692270390857,-17.194388777555105,-0.0035754012094279
2007-05-16,10.357,10.432,10.273,10.311,307680,0,-0.1839303000968017,10.348400000000002,10.7898,11.91345,11.582334262134056,14.620768928192035,9.206131071807963,4.357566320221948,18.61607142857143,263801.3,1.5477465200039005,-0.4441440571594031,-17.781676102384182,-0.0018409965957406
2007-05-17,10.282,10.376,10.282,10.33,137485,0,0.1842692270390911,10.372800000000002,10.572300000000002,11.74525,11.463064332407004,14.404360090553554,9.086139909446446,4.37880356330483,19.618215271389147,264790.2,0.9142190235362714,0.466835246061078,-17.393042782886848,0.0018409965957407
2007-05-18,10.376,10.376,10.208,10.339,257853,0,0.0871248789932277,10.3354,10.3736,11.5873,11.356010586463478,14.182561195657144,8.992038804342858,4.419122111438714,25.27859237536657,271706.05,1.6457680250783626,-0.3565921356977548,-16.120395911082262,0.0008708694730089
2007-05-21,10.367,10.593,10.301,10.563,307623,0,2.1665538253216043,10.3746,10.3632,11.43495,11.280485768705052,13.883869114952244,8.986030885047757,1.7115381341002178,19.97487437185933,281256.25,2.8346762450247533,1.8906144496961488,-0.974969532202108,0.0214341762364691
2007-05-22,10.629,10.732,10.432,10.649,180611,0,0.8141626431884763,10.4384,10.3924,11.2925,11.220344266923618,13.560929783839487,9.024070216160512,1.4074477504545322,20.474406991260892,280404.5,2.875766871165634,0.1881644557343077,2.819349232403212,0.0081086621922214
2007-05-23,10.639,10.732,10.498,10.695,245471,0,0.4319654427645814,10.5152,10.4318,11.1805,11.17031147959756,13.325297622645271,9.035702377354728,1.377156408998768,21.84194150591162,273924.8,2.22899599923795,0.5263652598928559,3.82487137171148,0.0043103515011222
2007-05-24,10.639,10.705,10.386,10.507,160039,0,-1.757830762038337,10.5506,10.4617,11.0497,11.107138957731124,13.00654322584255,9.092856774157452,1.4880383527325705,21.780949426000618,271097.9,3.071442326208366,-1.2407181126045652,2.929075235109724,-0.0177346408277307
2007-05-25,10.593,10.649,10.489,10.526,71837,0,0.1808318264014508,10.588,10.4617,10.9274,11.051792390328162,12.67269423247036,9.182105767529642,1.1130674109451295,45.54643082754264,267875.85,1.5254075698350495,-0.6324931558576435,0.0,0.001806685224949
2007-05-29,10.545,10.835,10.432,10.48,191196,0,-0.4370131103933028,10.5714,10.473,10.85015,10.99733597220167,12.526288202441483,9.174011797558514,0.9962317122894192,54.66262319939352,262143.7,3.8631134969325194,-0.6164058795637696,1.0899971062023672,-0.004379708038691
2007-05-30,10.414,10.798,10.414,10.705,549102,0,2.146946564885499,10.5826,10.5105,10.76165,10.969494451039608,12.2533196791108,9.2699803208892,1.1653272610233507,63.575268817204304,281036.95,3.687343960053777,2.794315344728254,3.6302032913843263,0.02124224314875
2007-05-31,10.752,10.977,10.705,10.798,149950,0,0.8687529191966359,10.6032,10.5592,10.6745,10.953161646178692,11.910150691570443,9.438849308429557,1.1579233898611525,69.8252688172043,280527.5,2.5408687529191987,0.4278273809523751,4.7231112404228615,0.0086500097544491
2007-06-01,10.901,11.258,10.873,11.145,115870,0,3.213558066308564,10.7308,10.6407,10.6065,10.971431965590243,11.527668022846736,9.685331977153266,1.437726376906096,70.40210942649966,279421.15,3.54088108157822,2.2383267590129328,7.889641819941917,0.0316300350417368
2007-06-04,11.06,11.623,11.06,11.239,166225,0,0.8434275459847651,10.8734,10.7307,10.55215,10.996914635534033,11.097930474472443,10.00636952552756,1.4174747184403866,80.02754820936636,281366.3,5.0904159132007125,1.6184448462929502,8.704903762452854,0.008398905698298
2007-06-05,11.369,11.369,10.93,11.229,167704,0,-0.0889758875344925,11.0232,10.797300000000002,10.58025,11.01901800357841,11.20332484555025,9.957175154449748,1.3625877979281849,81.54385964912272,240191.9,4.016468435498628,-1.2314187703404045,6.305026980971307,-0.0008901549457285
2007-06-06,11.154,11.201,10.921,10.995,156927,0,-2.0838899278653455,11.0812,10.8319,10.61215,11.01673057466618,11.252196141428463,9.972103858571534,1.6038991650101084,70.85365853658531,220988.25,2.5638677776760472,-1.4254975793437394,3.24913137383791,-0.021059093583677
2007-06-07,10.967,11.258,10.788,10.921,102346,0,-0.6730331969076797,11.1058,10.8545,10.64315,11.007613377078926,11.279791607846736,10.006508392153265,1.634011321320517,67.43362831858403,210137.8,4.356692621431209,-0.4194401385976214,2.1131369798971456,-0.0067530827911331
2007-06-08,10.911,11.033,10.752,10.901,151781,0,-0.1831334126911388,11.057,10.8939,10.6778,10.997459722119029,11.289674290494371,10.06592570950563,1.4917792801447851,66.47127784290736,203373.85,2.6134672619047503,-0.0916506278067985,3.7498810316931586,-0.0018330130693697
2007-06-11,10.891,11.013,10.742,10.995,123629,0,0.8623062104394119,11.0082,10.9408,10.701249999999998,10.997225462869595,11.324472145069342,10.078027854930657,1.497288918804785,63.70558375634513,199940.55,2.52280767082479,0.9549169038655698,4.455633669010073,0.008586095860503
2007-06-12,10.901,11.258,10.882,11.126,221548,0,1.191450659390636,10.9876,11.0054,10.7392,11.009489704501064,11.36912283570842,10.10927716429158,1.4789165888867213,64.71314003701417,203449.6,3.455247197206391,2.0640308228602846,6.16412213740456,0.011844087646377
2007-06-13,11.163,11.295,10.882,11.126,127975,0,0.0,11.0138,11.0475,10.779,11.02058592312001,11.400594215240634,10.157405784759366,1.3837386345243106,63.68253968253965,194642.6,3.79525822459107,-0.3314521186061167,3.9327417094815464,0.0
2007-06-14,11.106,11.595,11.106,11.408,94368,0,2.534603631134291,11.1112,11.1085,10.833850000000002,11.057482501870483,11.474860476964702,10.1928395230353,1.5387005787228865,76.99221090473335,183977.0,4.40302539168018,2.7192508553934776,5.6491942952398455,0.0250301520188387
2007-06-15,11.613,11.923,11.557,11.697,182173,0,2.533309957924268,11.2704,11.1637,10.9022,11.118388930263771,11.605497077305834,10.198902922694163,1.4187992865506969,80.19597730789064,186211.4,3.166911828329148,0.7233273056057835,4.952893674293413,0.0250175349966298
2007-06-18,11.706,11.782,11.557,11.689,95819,0,-0.0683936051979028,11.4092,11.2087,10.9697,11.17273284166722,11.703860774016716,10.235539225983285,1.4231128017387125,81.79905312993161,178109.7,1.94687202561218,-0.1452246711088284,4.0039149390515005,-0.0006841700429366
2007-06-19,11.603,11.754,11.408,11.613,209852,0,-0.6501839336128024,11.5066,11.2471,11.022200000000002,11.214663047222723,11.783572334392648,10.260827665607357,1.4553451320591504,75.91324200913239,173221.15,3.0329593267882196,0.0861846074291113,3.419716804702122,-0.0065230683620125
2007-06-20,11.679,12.054,11.679,11.81,97670,0,1.6963747524326278,11.6434,11.3286,11.08025,11.271361804630082,11.896850366087536,10.263649633912468,1.227014272299474,77.26293103448275,169074.1,3.210891343436938,1.1216713759739725,7.412460209186,0.0168214699456502
2007-06-21,11.951,12.074,11.819,11.951,105799,0,1.1939034716342167,11.752,11.4316,11.14305,11.33608925180817,12.0254370674719,10.260662932528096,1.1288837117415111,74.42424242424242,162090.5,2.1575429393349608,0.0,9.431370753594017,0.011868326675473
2007-06-22,11.951,11.951,11.434,11.482,1140928,0,-3.9243577943268497,11.709,11.4897,11.1918,11.349985513540725,12.03299954450996,10.350600455490037,1.8930711344290216,55.99999999999996,211134.95,4.521602238936516,-3.924357794326845,5.329786258141445,-0.040034365139299
2007-06-25,11.482,11.736,10.977,11.342,200882,0,-1.219299773558602,11.6396,11.524399999999998,11.2326,11.349224988441607,12.014925386604494,10.450274613395504,1.966342078679787,52.62180974477961,217587.2,6.914457502049744,-1.219299773558603,3.155979990904978,-0.0122679421536086
2007-06-26,11.444,11.81,11.444,11.689,227719,0,3.0594251454769905,11.6548,11.5807,11.29305,11.381584513351932,12.015030747665444,10.571069252334556,2.1385858929957404,65.29982363315699,219413.35,3.1981824536875187,2.14085983921705,5.060219306129787,0.030135579033797
2007-06-27,11.641,12.485,11.538,12.438,283640,0,6.407733766789292,11.7804,11.7119,11.3797,11.48219551208032,12.21206001826106,10.54733998173894,2.8187513103086297,75.77302072714919,206140.25,8.207661639798918,6.84649085130144,11.792198454071556,0.0621080740560643
2007-06-28,12.392,12.438,11.988,12.091,278916,0,-2.7898375944685694,11.8084,11.7802,11.44435,11.540176891882194,12.2872635624035,10.6014364375965,3.0248171155676618,68.19571865443423,212588.55,3.753753753753762,-2.428986442866367,5.987026647966331,-0.0282949284895879
2007-06-29,12.157,12.842,12.13,12.411,210512,0,2.6465966421305165,11.9942,11.8516,11.50765,11.623112425988651,12.441183699670558,10.57411630032944,3.0329642001119934,70.25171624713957,217320.65,5.869744435284416,2.0893312494858893,6.104129263913838,0.0261218019552745
2007-07-02,12.505,12.71,12.354,12.485,298941,0,0.5962452662960249,12.2228,11.9312,11.56995,11.705196956846876,12.59026666395114,10.549633336048856,3.023099049235723,69.75865077057283,223956.45,2.881657762667975,-0.1599360255897748,6.809821199418242,0.0059447475843523
2007-07-03,12.475,12.664,12.345,12.654,80208,0,1.3536243492190625,12.4158,12.0353,11.6412,11.795559151432888,12.755920186744811,10.526479813255188,2.989764046845756,71.1751662971175,219581.65,2.5840421223167196,1.43486973947896,8.96409196590029,0.0134454469929559
2007-07-05,12.644,12.71,12.091,12.362,95378,0,-2.3075707286233538,12.4006,12.0905,11.70955,11.849505898915467,12.825076682310607,10.594023317689391,3.136092463966796,63.18407960199006,216504.2,5.119510379621219,-2.230306864916166,4.674005080440291,-0.0233461194876109
2007-07-06,12.336,12.644,12.279,12.345,107344,0,-0.1375182009383579,12.4514,12.1299,11.78075,11.896695813304472,12.865718663141726,10.695781336858277,3.131696847771641,59.68320382546326,216754.1,2.9725547683036093,0.0729571984435825,3.296795247259654,-0.0013761284399387
2007-07-09,12.326,12.551,11.988,12.167,289333,0,-1.4418793033616928,12.4026,12.1984,11.84405,11.922439069180236,12.858325676218236,10.829774323781765,2.838236564331104,56.79749715585892,223631.7,4.696363029696368,-1.289956190167132,5.9658596063403735,-0.0145237539918308
2007-07-10,12.11,12.316,11.931,11.998,147258,0,-1.389003041012582,12.3052,12.264,11.8942,11.92963534830593,12.82768257954572,10.960717420454284,2.8509134674655057,55.33388750346356,224813.15,3.226887938982496,-0.9248554913294806,5.783812378769171,-0.0139873995744107
2007-07-11,11.97,12.251,11.923,12.223,116507,0,1.8753125520920344,12.219,12.3174,11.94905,11.95757483894346,12.819247672642955,11.078852327357042,2.7605613164666023,55.67775639263129,219561.1,2.750985490228964,2.1136173767752724,4.568397638805721,0.0185794535642245
2007-07-12,12.26,12.869,12.26,12.842,96710,0,5.0642231857972675,12.315,12.3578,12.03485,12.041805806663133,12.901740941965995,11.167959058034004,2.455980089320807,60.82624544349938,217997.85,4.967373572593801,4.747145187601964,3.248110628718437,0.0494016265767309
2007-07-13,12.833,12.916,12.531,12.57,76611,0,-2.118050147952033,12.36,12.4057,12.092949999999998,12.092110015552358,12.938440446271494,11.247459553728502,2.3682649566649014,63.88463501786626,217110.0,3.072380496369003,-2.049403880620275,3.961624348689119,-0.0214080267697005
2007-07-16,12.495,12.739,12.485,12.634,63591,0,0.5091487669053318,12.4534,12.428,12.1398,12.143718585499752,12.996675253464314,11.282924746535688,2.2372268051404474,66.81415929203538,211180.9,2.0344413295955257,1.1124449779912056,1.7967931673515514,0.0050785698743526
2007-07-17,12.634,12.634,12.186,12.392,60747,0,-1.9154662023112337,12.5322,12.4187,12.17495,12.167364434499776,13.01139497726959,11.338505022730407,2.3270450613212863,59.40594059405938,209427.3,3.676349909732483,-1.9154662023112308,-0.7448938726471788,-0.0193404893619412
2007-07-18,12.289,12.438,11.941,12.298,64465,0,-0.7585539057456403,12.5472,12.3831,12.2092,12.179805916928368,13.003811219070815,11.41458878092918,2.28081304981539,47.728747566515246,202157.95,4.162130474834602,0.0732362275205496,-2.813339655444913,-0.0076144555832895
2007-07-19,12.362,12.786,12.362,12.392,63720,0,0.7643519271426147,12.4572,12.3861,12.2383,12.200014877220903,13.013752628435093,11.462847371564903,2.179295152931584,55.3199010250972,200460.45,3.4298657175214324,0.2426791781265115,0.2426791781265036,0.0076144555832894
2007-07-20,12.362,12.634,11.866,12.025,68062,0,-2.961588121368619,12.3482,12.3541,12.242,12.183346793676057,13.012370245913614,11.471629754086388,2.379405096580582,43.289290681502095,198573.6,6.472273723242885,-2.726096100954536,-2.592142567841238,-0.0300632871227425
2007-07-23,12.064,12.654,12.064,12.307,68374,0,2.345114345114352,12.2828,12.3681,12.28325,12.195123289516433,12.965595451944246,11.600904548055752,2.466141951760857,47.1141374837873,144945.9,4.890583554376657,2.014257294429711,1.1506534067559748,0.0231803901983747
2007-07-24,12.326,12.362,11.388,11.689,136206,0,-5.02153246120095,12.1422,12.3372,12.3006,12.146921071467249,12.894026943137597,11.707173056862404,2.9388584007338103,36.34305123124824,141712.1,8.552862662451705,-5.1679376926821385,-2.5754292382063615,-0.0515199775645664
2007-07-25,11.538,11.848,11.126,11.201,138633,0,-4.174865257934801,11.9228,12.235,12.2762,12.056833350375127,13.00108070887891,11.55131929112109,3.0786277350616618,34.43282381335479,137257.8,6.489304332194871,-2.9207834980065845,-8.361286099975462,-0.0426451685960307
2007-07-26,11.623,12.495,11.295,12.269,242520,0,9.534862958664393,11.8982,12.177700000000002,12.26775,12.07703969795845,12.988618153504072,11.54688184649593,4.162825994607146,49.205020920502086,135201.8,10.624169986719782,5.557945452981166,-4.4619218190313115,0.0910726957794432
2007-07-27,12.177,12.438,11.126,11.474,227962,0,-6.479745700546092,11.788,12.0681,12.2369,12.01960734577193,13.03796584261848,11.43583415738152,4.573458549013759,43.57976653696499,132654.1,11.792198454071556,-5.773178943910646,-8.71917263325378,-0.0669921496293664
2007-07-30,11.633,13.17,11.501,12.654,311716,0,10.284120620533388,11.8574,12.0701,12.24905,12.080025693793653,13.068396973606069,11.429703026393932,5.774916872474662,55.118601747815234,137714.3,14.511781584210071,8.776755780967942,0.1583029919265399,0.0978897645450133
2007-07-31,12.869,13.067,11.679,12.597,270115,0,-0.4504504504504569,12.039,12.0906,12.254650000000002,12.12926134200378,13.082276225068163,11.427023774931838,5.734811379347463,52.99679487179486,136273.0,11.884579159174583,-2.1136063408190244,1.6542930923176158,-0.0045146803545266
2007-08-01,12.541,12.607,11.885,12.186,226672,0,-3.2626815908549656,12.236,12.0794,12.23125,12.134665023717703,13.037523526788227,11.424976473211771,5.840268036517876,44.562334217506624,143596.2,6.074884307951195,-2.8307152539669915,-0.910717189786958,-0.0331709385438632
2007-08-02,12.203,12.354,11.866,11.988,132837,0,-1.6248153618906969,12.1798,12.039,12.212549999999998,12.12069692622078,13.023390622927218,11.40170937707278,5.856995302368567,45.11581067472305,145469.15,4.1125905949772426,-1.7618618372531334,-3.260167850225948,-0.0163816023718858
2007-08-03,12.034,12.064,11.285,11.444,221870,0,-4.537871204537858,12.1738,11.9809,12.1675,12.05624959991404,13.04475444907426,11.29024555092574,5.9604365693678485,40.75799937868904,151195.45,6.902968542312804,-4.902775469503073,-4.831600831600824,-0.0464405742665528
2007-08-06,11.388,11.557,11.182,11.426,266928,0,-0.1572876616567686,11.9282,11.8928,12.13045,11.996225828493657,13.06829197411962,11.19260802588038,5.8873183277236985,42.22722883810749,150075.2,3.35360400643892,0.333684580259925,-7.15852766718128,-0.001574114885593
2007-08-07,11.398,11.746,11.116,11.295,305998,0,-1.146507964291965,11.6678,11.8534,12.0953,11.929442416256164,13.10405892482822,11.08654107517178,5.687283570382685,41.97728363461845,158012.2,5.6675062972292265,-0.9036673100543936,-3.3706903926768783,-0.0115313103823041
2007-08-08,11.444,11.52,10.967,11.398,571181,0,0.9119079238601112,11.5102,11.8731,12.05405,11.878828852803196,13.107311895756306,11.000788104243696,5.517361638875584,42.06070287539936,180745.9,5.0423999270538795,-0.4019573575672941,1.7587715382554991,0.0090777514928411
2007-08-09,11.145,11.613,10.545,11.351,635641,0,-0.4123530443937429,11.3828,11.781299999999998,11.9795,11.82855943825051,13.008727917063414,10.950272082936586,4.465221973502609,44.32659932659933,207692.45,10.128022759601702,1.848362494392116,-7.482272393838119,-0.0041320556396053
2007-08-10,11.106,14.547,10.46,12.776,475371,0,12.553960003523912,11.6492,11.9115,11.9898,11.918791872702842,13.047635247345188,10.931964752654814,5.627358057880238,53.31074403501341,227630.45,39.07265774378585,15.036916981811633,11.347394108419028,0.1182625651395089
2007-08-13,13.197,13.807,11.848,12.392,180511,0,-3.0056355666875367,11.8424,11.8853,11.9777,11.96385931339781,13.009730823692864,10.945669176307137,4.7484360273653685,55.1321360782596,233476.45,16.53443619176232,-6.099871182844584,-2.0704915441757565,-0.0305173077981437
2007-08-14,12.428,12.561,11.961,12.298,92252,0,-0.7585539057456403,12.043,11.8554,11.973,11.995682235931351,12.997918173883864,10.948081826116136,4.751865945918538,58.49728892331526,235051.7,5.016302984700273,-1.0460251046025166,-2.3735810113519107,-0.0076144555832895
2007-08-15,12.223,12.739,11.623,11.81,138778,0,-3.96812489835745,12.1254,11.817800000000002,11.9486,11.9779982134617,12.964132922060635,10.933067077939365,4.808211539332075,46.0936170212766,238767.35,9.60165189710059,-3.3788758897161113,-3.085507959954037,-0.0404900173220069
2007-08-16,11.706,12.082,11.249,12.064,230059,0,2.150719729043171,12.268,11.8254,11.9322,11.98618885979868,12.92798513852377,10.93641486147623,4.833334540066022,55.53055868016499,247084.3,7.405102675793405,3.0582607209977835,0.6339673006339641,0.0212791810563292
2007-08-17,12.485,12.925,11.858,12.054,112996,0,-0.0828912466843467,12.1236,11.8864,11.93365,11.992647063627375,12.930088346786649,10.937211653213351,4.548839497655102,42.79538904899136,249331.0,8.998144712430427,-3.452142571085296,5.3303040894791875,-0.0008292562047478
2007-08-20,12.091,12.223,11.314,12.167,213117,0,0.9374481499917042,12.0786,11.9605,11.92665,12.009252105186674,12.913970302104088,10.939329697895912,4.541528711988653,44.90521327014218,256568.15,8.034293795297867,0.6285667025060004,6.485209172063722,0.0093308137444596
2007-08-21,12.12,12.475,12.017,12.345,142919,0,1.4629736171611896,12.088,12.0655,11.95945,12.041228095168895,12.957060719352976,10.961839280647023,4.4972463153705915,51.99398043641836,256903.8,3.8112673712241008,1.856435643564368,9.296148738379827,0.0145237539918309
2007-08-22,12.466,12.889,11.782,12.186,188031,0,-1.287970838396113,12.1632,12.1443,12.0087,12.055015895629,12.943961989751118,11.07343801024888,4.5543323320535505,52.50759878419453,259373.7,9.395688338142923,-2.2461094176159104,6.913493595367615,-0.0129633709708402
2007-08-23,12.307,12.345,11.716,11.81,89360,0,-3.085507959954037,12.1124,12.1902,11.98575,12.03168104842624,12.916633875396508,11.05486612460349,4.706624833076883,54.841269841269835,251715.7,5.368726527825208,-4.0383521573088474,4.043696590608747,-0.0313411216170316
2007-08-24,11.81,12.044,11.623,11.875,141663,0,0.5503810330228509,12.0766,12.1001,12.0058,12.016759043814217,12.907076895357248,11.10452310464275,2.094070802131106,55.86621374444735,247400.75,3.6221285382431487,0.5503810330228578,-7.052285535378832,0.0054887197114338
2007-08-27,11.802,12.213,11.577,11.772,98425,0,-0.8673684210526278,11.9976,12.0381,11.9617,11.993448658689053,12.814439017272276,11.108960982727725,1.9367299468181287,56.27796788628588,236736.2,5.493651204975376,-0.2541942043721349,-5.003227888960615,-0.0087115195494785
2007-08-28,11.736,11.951,11.557,11.726,137097,0,-0.3907577302072695,11.8738,11.9809,11.91815,11.967977357861525,12.721831601001924,11.114468398998078,1.9346576805159532,54.38268305718869,230085.3,3.4091892359608904,-0.085207907293795,-4.651162790697672,-0.0039152318292029
2007-08-29,11.858,12.044,11.726,11.905,95830,0,1.5265222582295568,11.8176,11.9904,11.9041,11.961979514255663,12.697828814884838,11.110371185115165,1.573585691862218,57.150232318017544,223543.2,2.711922224117343,0.3963568898633734,0.8044030482641684,0.0151498813968025
2007-08-30,11.746,12.138,11.716,11.754,92363,0,-1.268374632507352,11.8064,11.9594,11.8924,11.942171941469413,12.68781830107419,11.096981698925813,1.4423902755988407,30.34615384615381,221519.5,3.601911915329469,0.0681082921845659,-2.569628647214861,-0.0127648717483674
2007-08-31,11.923,12.177,11.726,12.054,91390,0,2.5523226135783617,11.8422,11.9594,11.9229,11.952822232758038,12.69227784844883,11.15352215155117,1.6950248018076537,43.28298887122417,214995.5,3.846153846153835,1.0987167659146206,0.0,0.0252029468703937
2007-09-04,11.819,12.186,11.633,11.782,168543,0,-2.2565123610419846,11.8442,11.9209,11.9407,11.936553448685844,12.677454218818536,11.203945781181469,1.7991884987840314,40.42316258351892,210076.25,4.753717871572259,-0.3130552500211592,-3.164296868578942,-0.0228236119613568
2007-09-05,11.706,11.81,11.53,11.746,133824,0,-0.3055508402648121,11.8482,11.861,11.96325,11.918405501191954,12.642125502112105,11.284374497887894,1.6895153711749589,48.57270294380018,201467.55,2.428447528187347,0.3417051084913798,-4.852166869177809,-0.0030601859991678
2007-09-06,11.754,11.819,11.52,11.726,89864,0,-0.1702707304614303,11.8124,11.815,11.97965,11.9000811677451,12.61551535317468,11.343784646825318,1.6671894374218872,41.583665338645424,177401.7,2.595486111111122,-0.2382167772673021,-3.7748235680288738,-0.0017041585583043
2007-09-07,11.52,11.931,11.52,11.792,114160,0,0.5628517823639712,11.82,11.8132,12.0017,11.88978772319795,12.573093532008016,11.430306467991985,1.3821035478216308,43.65310077519378,151327.65,3.5677083333333295,2.361111111111113,-0.1524132091447971,0.0056127369049573
2007-09-10,11.961,11.961,11.623,11.736,131969,0,-0.4748982360922582,11.7564,11.7993,11.9497,11.875141273369572,12.401085282972042,11.498314717027958,1.3741944035134697,39.262580966616845,134157.55,2.908027187473122,-1.8811136192626003,-1.1705263157894663,-0.0047602946063001
2007-09-11,11.875,11.875,11.595,11.819,171330,0,0.7072256305385105,11.7638,11.804,11.92105,11.869794485429614,12.324415564899766,11.517684435100232,1.3678653512100698,36.24476987447696,133698.5,2.414833980163858,-0.471578947368414,0.3992524634726546,0.0070473651894229
2007-09-12,11.792,11.792,11.219,11.323,119122,0,-4.196632540824097,11.6792,11.7637,11.8723,11.817718820150604,12.317362786817842,11.427237213182156,1.9211505876304067,30.81369497554465,135042.0,5.1074070772796185,-3.977272727272722,-3.436807095343686,-0.042872350698201
2007-09-13,11.361,11.697,11.239,11.285,175013,0,-0.3356001059789837,11.591,11.7017,11.84605,11.766983694421974,12.362748619271846,11.329351380728154,1.807862423375008,36.26373626373623,136853.75,4.075095649079085,-0.668955197605849,-5.207895842083154,-0.0033616450624034
2007-09-14,11.163,11.454,11.163,11.418,79117,0,1.1785556047851031,11.5162,11.6681,11.81375,11.733747152096072,12.353340829385964,11.274159170614038,1.8599418427483088,38.45376452753912,129306.65,2.6068261220102156,2.2843321687718263,-2.858601327207766,0.0117166472725683
2007-09-17,11.501,11.501,11.033,11.07,59097,0,-3.0478192327903275,11.383,11.5697,11.76455,11.670533137610732,12.385251292681414,11.143848707318586,1.7545476603757433,34.217625899280534,126611.7,4.241819994561769,-3.7475002173723952,-8.163265306122447,-0.0309523108215218
2007-09-18,11.106,11.895,10.957,11.885,71806,0,7.362240289069555,11.3962,11.58,11.75045,11.690958553076376,12.344915518454275,11.15598448154572,3.047879327499967,52.656197794854656,119546.15,8.560737428128126,7.014226544210336,0.8742149040909863,0.0710383540916117
2007-09-19,11.915,12.177,11.501,11.988,90284,0,0.8666386201093834,11.5292,11.6042,11.7326,11.71924821468815,12.270660219677625,11.194539780322376,3.0518902994387824,51.42269454919438,116914.4,5.877749760890359,0.612673101133029,2.0602758385833475,0.0086290486422595
2007-09-20,11.951,12.458,11.895,12.054,119235,0,0.5505505505505548,11.683,11.637,11.726,11.751129337098805,12.243488265821258,11.208511734178744,3.049497815374723,55.296610169491544,113474.6,4.7330811265237545,0.8618525646389402,2.7972027972027913,0.0054904056064356
2007-09-21,12.147,12.372,11.941,12.082,89878,0,0.232288037166084,11.8158,11.666,11.7396,11.78264082880368,12.280165551796458,11.199034448203545,3.048331854917787,50.54687500000001,113500.5,3.609412946989357,-0.5351115501769943,2.4592944369063785,0.0023201866556971
2007-09-24,12.13,12.13,11.126,11.679,121602,0,-3.335540473431553,11.9376,11.6603,11.7298,11.77277027367952,12.267126951335138,11.192473048664864,3.2547268415924173,48.08621330360461,112497.45,9.023907963329153,-3.718054410552354,-0.4856850715746486,-0.0339243844201211
2007-09-25,11.577,11.754,11.369,11.547,46321,0,-1.1302337528897977,11.87,11.6331,11.71855,11.751268342852898,12.261548487930003,11.175551512069996,3.262109178070724,46.42985288841047,109892.25,3.386401618436096,-0.25913449080072,-2.3013791352906376,-0.0113666943267095
2007-09-26,11.482,11.746,11.482,11.679,48133,0,1.14315406599117,11.8082,11.6687,11.7162,11.744385643533574,12.259469478542025,11.172930521457976,2.955176295891374,49.18937564677474,105444.05,2.299251001567681,1.7157289670789146,3.144043098118865,0.0113666943267096
2007-09-27,11.716,12.203,11.482,12.157,123381,0,4.092816165767621,11.8288,11.7559,11.7288,11.78368224891133,12.30140387703851,11.15619612296149,3.1655981490283533,55.51192993053459,106821.6,6.27939383382686,3.764083304882219,7.72707133362871,0.0401127782772285
2007-09-28,12.11,12.11,11.603,11.716,103722,0,-3.627539689068038,11.7556,11.7857,11.7269,11.777236320443585,12.29940397378493,11.154396026215071,3.4521344495447424,49.72943722943721,107389.55,4.3695595966560346,-3.2535094962840643,2.6099141706078077,-0.0369497066081699
2007-10-01,11.689,12.588,11.577,12.326,148817,0,5.206555138272462,11.885,11.9113,11.7405,11.829499528020383,12.356956939205224,11.124043060794778,3.5454525196787197,56.002841581813875,110260.9,8.732832339984444,5.449567969886222,11.345980126467923,0.0507554235745644
2007-10-02,12.298,12.907,12.194,12.869,90002,0,4.405322083400942,12.1494,12.0097,11.79485,11.928499572970823,12.59192393172222,10.997776068277782,3.0583349447895296,68.10304449648712,106333.85,5.847137936690169,4.643031387217431,8.279343710559539,0.0431104659714764
2007-10-03,12.766,12.776,12.345,12.485,109269,0,-2.9839148340974453,12.3106,12.0594,11.8318,11.98149961364027,12.685820485394364,10.97777951460564,3.288409633866221,62.998266897746966,105106.1,3.4912920210611516,-2.2011593294689065,4.145812479145805,-0.0302933947797912
2007-10-04,12.561,12.945,12.392,12.898,103092,0,3.307969563476165,12.4588,12.1438,11.8904,12.06878536472215,12.866032243052553,10.914767756947452,3.4106174758915504,65.11437908496733,105767.5,4.462556488056818,2.6829074118302665,7.001825120292016,0.032544336856449
2007-10-05,13.002,13.002,12.279,12.475,143152,0,-3.2795782291828224,12.6106,12.1831,11.92455,12.107472472843847,12.932943923654191,10.916156076345809,3.6407283037855263,64.13196539931602,107217.1,5.888101636941125,-4.0532225811413705,3.252772719748376,-0.0333456189506033
2007-10-08,12.561,12.803,12.233,12.588,107246,0,0.9058116232464996,12.663,12.274,11.96715,12.153236999239672,13.013285399307255,10.921014600692745,3.3988117708951253,58.23377840243616,105980.95,4.659527507561516,0.2149510389300155,7.783200616491137,0.0090173375645781
2007-10-09,12.579,12.588,12.242,12.522,97530,0,-0.5243088655862649,12.5936,12.3715,12.0023,12.18835728502637,13.074395459221684,10.930204540778316,3.3657371478397673,56.30907372400757,102290.95,2.826335566083959,-0.4531361793465329,8.443751623798379,-0.0052568818790416
2007-10-10,12.475,12.541,12.316,12.541,47034,0,0.1517329500079878,12.6048,12.4577,12.0632,12.221942305500049,13.110921256622436,11.015478743377566,3.3712185618766912,55.81839904420549,98686.55,1.826891848002595,0.5290581162324708,7.380768901447032,0.001516179518794
2007-10-11,12.551,12.72,12.354,12.392,79817,0,-1.188103022087561,12.5036,12.4812,12.11855,12.238138276404806,13.108543189769012,11.12855681023099,3.2014338949546035,53.599628425452835,93926.75,2.962603205439546,-1.266831328181027,1.933042691453468,-0.0119521737273452
2007-10-12,12.362,12.505,12.008,12.495,61154,0,0.8311814073595825,12.5076,12.5591,12.1724,12.262601297699586,13.118122647669674,11.226677352330324,2.8996064205235483,60.18472291562654,93028.6,4.1389073950699675,1.075877689694217,6.649026971662675,0.0082774611723481
2007-10-15,12.458,12.73,12.167,12.73,148661,0,1.8807523009203744,12.536,12.5995,12.2554,12.307115459823436,13.076978813850488,11.433821186149512,2.484109366548368,64.39522998296422,97506.8,4.627270485740122,2.1833360089902087,3.277624533506418,0.0186328482823995
2007-10-16,12.73,13.002,12.242,12.851,100401,0,0.9505106048703916,12.6018,12.5977,12.3037,12.3589139874593,13.146888959280297,11.460511040719709,2.0619123027090867,64.29965836993655,98936.55,6.208135925502367,0.9505106048703884,-0.1398710078483134,0.009460216755689
2007-10-17,13.002,13.002,12.438,12.907,79731,0,0.4357637537934833,12.675,12.6399,12.34965,12.411112655320318,13.220121445161563,11.479178554838438,1.774650575839656,60.20130576713819,98408.9,4.534491075735649,-0.7306568220273854,3.3800560672807345,0.0043481705280465
2007-10-18,12.879,12.879,12.505,12.786,52942,0,-0.9374757883319208,12.753800000000002,12.628699999999998,12.38625,12.446816211956476,13.265887933888935,11.506612066111064,1.4691679188649582,65.94159713945172,95094.25,2.9908036785285788,-0.7221057535522942,-0.8683516824313897,-0.0094189775085156
2007-10-19,12.71,12.72,12.138,12.186,68491,0,-4.692632566870014,12.692,12.5998,12.39145,12.421976572722528,13.26472151984247,11.518178480157529,1.83402787987858,47.90794979079497,94024.9,4.794859120118642,-4.1227380015735715,-2.3166332665330636,-0.0480630705182324
2007-10-22,12.054,12.505,11.633,12.466,72069,0,2.2977186935827953,12.6392,12.587599999999998,12.4308,12.426169280082288,13.23726978603605,11.624330213963953,1.9761622685229303,43.46415828738242,91548.25,7.495916788446675,3.4179525468723995,-0.969176993962506,0.0227171865603561
2007-10-23,12.475,12.579,12.017,12.458,91277,0,-0.0641745547890204,12.5606,12.5812,12.47635,12.429200777217307,13.167270141626238,11.785429858373762,1.9700014256340503,49.50129294421871,93796.05,4.676707997004255,-0.136272545090176,-0.5111004631847993,-0.000641951554705
2007-10-24,12.411,13.002,12.12,12.925,118818,0,3.748595280141287,12.5642,12.6196,12.53865,12.476419750815658,13.146563523974535,11.930736476025464,2.3070940163962823,50.48895327779791,97330.3,7.277227722772289,4.141487390218364,3.061956781755848,0.0368004335625391
2007-10-25,13.873,15.082,13.694,14.501,363297,0,12.193423597678898,12.9072,12.8305,12.65585,12.669236917404644,13.700722044545763,11.610977955454237,4.3273694568323915,75.88145120081758,109326.1,10.135825909157294,4.526778634758164,17.01904454486767,0.1150541921712651
2007-10-26,14.612,14.612,13.667,13.817,293434,0,-4.716916074753463,13.2334,12.962700000000002,12.7609,12.77854768717563,13.830094463135476,11.691705536864522,4.778232664395014,63.701226309921985,118811.7,6.914465500841445,-5.440733643580618,10.58023209283714,-0.0483178944912256
2007-10-29,14.107,14.753,13.31,13.525,233490,0,-2.113338640804807,13.4452,13.0422,12.820849999999998,12.849638383635094,13.921368590674694,11.720331409325302,4.872605972084198,60.645298238166,123045.35,10.841472577009764,-4.125611398596434,6.245090337784753,-0.0213598933419872
2007-10-30,13.515,13.732,12.982,13.028,152051,0,-3.6746765249537905,13.5592,13.0599,12.8288,12.866625204241275,13.933073917200844,11.72452608279916,5.063049933899176,54.69261900173444,126147.8,5.777230010784163,-3.603403625601184,1.3773247218115348,-0.0374389373185581
2007-10-31,13.151,14.228,13.151,13.779,176981,0,5.764507215228742,13.73,13.1471,12.8935,12.953518041932584,14.06268406096757,11.72431593903243,5.3569401981373295,61.97547919184943,129533.4,8.189491293437761,4.775302258383394,6.756023863020055,0.056044806597779
2007-11-01,13.732,14.088,13.33,13.873,355014,0,0.6821975469917918,13.604399999999998,13.2558,12.942249999999998,13.041087752224716,14.19083469349967,11.693665306500325,5.32360730922317,61.916291940505026,142129.5,5.6864216054013434,1.0267987183221674,8.501486000312841,0.0067988110868223
2007-11-02,13.873,13.873,13.207,13.459,130159,0,-2.984213940748215,13.5328,13.3831,12.99145,13.080888918679506,14.240059580377348,11.742840419622654,5.147164786986299,56.114745848012085,141479.85,5.042780343757087,-2.984213940748214,10.446413917610364,-0.0302964778470098
2007-11-05,13.179,13.572,13.01,13.432,196142,0,-0.200609257745743,13.5142,13.4797,13.03365,13.114328069281456,14.281896648197543,11.785403351802454,5.143919333629189,54.95142321459008,145924.65,4.319754035357413,1.919720767888308,7.749077490774914,-0.0020081074763388
2007-11-06,13.403,13.667,12.925,13.403,163235,0,-0.2159023228112011,13.5892,13.5742,13.077700000000002,13.141820634111795,14.312024379441556,11.843375620558447,5.147182356825187,54.24657534246577,149209.9,5.740812379110244,0.0,7.585487237116717,-0.0021613572788801
2007-11-07,13.207,13.498,12.522,12.907,128322,0,-3.700664030440948,13.4148,13.572399999999998,13.096,13.119456764196386,14.307461752985596,11.884538247014405,5.219341062911681,50.97345132743363,153274.3,7.794282063568112,-2.2715226773680675,-0.1392649903288245,-0.0377087626433089
2007-11-08,13.048,13.403,12.233,12.982,133173,0,0.5810800340900313,13.2366,13.4205,13.1255,13.10636564379673,14.292706561793713,11.958293438206288,3.0866756403664573,56.99472759226713,155942.1,9.564293304994685,-0.5058246474555543,-10.475139645541686,0.0057939827582262
2007-11-09,12.786,12.795,12.233,12.466,161463,0,-3.974734247419509,13.038,13.2854,13.12405,13.045378439625614,14.294621695683954,11.953478304316048,2.9965252044760597,50.0,160957.55,4.594130630262399,-2.502737368997343,-9.777809944271551,-0.040558844224618
2007-11-12,12.466,13.535,12.194,13.114,231679,0,5.198138937911123,12.9744,13.2443,13.14325,13.051913826327937,14.299112289193012,11.987387710806988,3.5340377296337,54.995431008224195,165108.45,10.997211743480394,5.19813893791113,-3.03881700554528,0.0506754234547688
2007-11-13,13.291,13.714,12.674,13.479,159858,0,2.7832850388897157,12.9896,13.2894,13.17465,13.09258870001099,14.331204096852773,12.018095903147229,3.4276460428100908,54.28527227722771,168081.3,8.205775603597925,1.4144910089534184,3.4617746392385573,0.0274525569147047
2007-11-14,13.535,13.591,12.879,12.954,146016,0,-3.89494769641664,12.999,13.2069,13.177,13.07938977620042,14.331453345231134,12.022546654768869,3.0902656331600533,35.71032699057824,171395.55,5.528379532572403,-4.292574806058363,-5.98737208795993,-0.0397282979954072
2007-11-15,12.879,12.962,12.289,12.682,75098,0,-2.099737532808399,12.938999999999998,13.087799999999998,13.1718,13.041543130848,14.334575735267071,12.009024264732927,3.0899691692858076,38.65226954609077,172503.35,5.476442346814225,-1.5296218650516282,-8.585021264326386,-0.0212209554828854
2007-11-16,12.69,12.803,12.044,12.674,161457,0,-0.0630815328812595,12.9806,13.0093,13.1962,13.006539023148193,14.290329906652378,12.10207009334762,3.00272297330947,40.97943608225566,177151.65,6.30189305878446,-0.1260835303388496,-5.832528419644845,-0.0006310143765147
2007-11-19,12.626,12.674,12.186,12.392,106271,0,-2.2250276155909687,12.8362,12.9053,13.1925,12.948011497134075,14.297473731528486,12.087526268471516,3.043857734614946,42.9364726788094,178861.75,4.004595437387161,-1.8533185490258195,-7.742703990470523,-0.0225015477867576
2007-11-20,12.354,13.067,12.269,12.345,114090,0,-0.379276952872809,12.6094,12.7995,13.186850000000002,12.890581830740356,14.308664371547312,12.06503562845269,3.0410431154912234,31.12164296998419,180002.4,6.504197571114191,-0.0728508984944031,-7.893755129448632,-0.0037999803174245
2007-11-21,12.298,12.298,11.772,11.866,60616,0,-3.880113406237351,12.3918,12.6954,13.1339,12.793002608765084,14.39862179591094,11.86917820408906,3.0606751633339133,26.010040640688487,177092.3,4.4682296975874936,-3.5127663034639807,-8.065390873169598,-0.0395739549606914
2007-11-23,11.923,12.531,11.905,12.307,55862,0,3.7165009270183846,12.3168,12.6279,13.024200000000002,12.746716646025552,14.164084130768789,11.884315869231216,3.363023087700426,36.31828978622328,161720.55,5.258294834103328,3.2206659397802593,-5.199507009705739,0.0364910383537482
2007-11-26,12.251,12.561,11.633,11.651,91921,0,-5.330299829365403,12.1122,12.5464,12.9159,12.642362679737404,14.146596319803756,11.685203680196242,3.5420122062228088,31.597437487084107,151644.9,7.977305939998288,-4.897559382907516,-6.537782769132039,-0.0547761929523955
2007-11-27,11.66,12.466,11.66,12.251,99122,0,5.149772551712295,12.084,12.4601,12.8522,12.605090043571938,14.08203517937186,11.62236482062814,3.5332107050991497,39.35304990757856,144926.5,6.91252144082332,5.068610634648365,-6.580753393320126,0.0502155530742294
2007-11-28,12.392,12.954,12.147,12.289,187017,0,0.3101787609174788,12.0728,12.3411,12.81525,12.57498622989842,14.067055580162464,11.563444419837538,3.350159519814626,43.76009693053312,146674.8,6.643615707582122,-0.8311814073595849,-8.828548111877732,0.0030969869904266
2007-11-29,12.251,12.279,11.905,12.025,61578,0,-2.14826267393603,12.1046,12.2482,12.72755,12.522606588955712,13.940218822755734,11.514881177244268,3.2178199877042415,40.692472281657274,140904.65,3.14153716925662,-1.8447473675618244,-7.171530029334572,-0.0217167373106351
2007-11-30,12.12,12.289,11.961,11.988,95265,0,-0.3076923076923199,12.0408,12.1788,12.6333,12.471691675721836,13.761167498749922,11.50543250125008,3.1805770341391413,44.87344487344488,127917.2,2.742245631636146,-1.0891089108910863,-5.472322977448362,-0.0030816665374082
2007-12-03,12.034,12.12,11.249,11.266,120085,0,-6.022689356022681,11.9638,12.038,12.52365,12.35686389708166,13.736707949758893,11.310592050241109,3.615009576235309,30.489864864864856,127413.5,7.742910480931626,-6.381917899285364,-11.109357740255644,-0.0621168089818944
2007-12-04,11.229,12.11,11.229,11.726,106123,0,4.083081839162084,11.8588,11.9714,12.43835,12.296781621169124,13.622036885162128,11.254663114837872,3.935332400819693,31.856758435106627,122912.55,7.8457565232879185,4.42603971858582,-5.374435119431875,0.0400192580695011
2007-12-05,11.905,12.428,11.754,12.419,133869,0,5.909943714821764,11.8848,11.9788,12.38915,12.308421466772064,13.482354516908448,11.295945483091554,4.425412038834763,44.648929785957186,121444.25,5.734218138506051,4.317513649727015,0.5994329688132849,0.0574189594238721
2007-12-06,12.345,13.207,12.345,12.833,93307,0,3.333601739270464,12.0464,12.0755,12.38545,12.358381327079488,13.471753916958583,11.299146083041418,4.28143837926296,51.4685858782338,119693.5,6.982584042122316,3.953017415957874,8.149334232260252,0.0327924202964283
2007-12-07,12.823,13.346,12.823,13.058,53767,0,1.7532922933063189,12.2604,12.1506,12.38925,12.42501167688144,13.484832493470735,11.293667506529264,4.180196002750709,53.58342665173573,115723.2,4.078608749902516,1.8326444669734023,6.102218249776548,0.0173809945021177
2007-12-10,13.058,13.058,12.26,12.326,85747,0,-5.605758921733795,12.4724,12.2181,12.38225,12.415581993368924,13.477556710229258,11.28694328977074,4.22482104332261,49.431818181818194,111937.4,6.508972267536706,-5.6057589217337975,5.793494120676335,-0.0576901202243902
2007-12-11,12.298,12.71,11.586,11.697,74711,0,-5.103034236573112,12.4666,12.1627,12.3114,12.347145613048072,13.390607779613596,11.232192220386406,4.254254661214423,44.929577464788714,104089.0,9.701363714828243,-4.886973491624661,-4.52207983021794,-0.0523784538714815
2007-12-12,12.025,12.72,11.762,12.362,107528,0,5.685218432076611,12.4552,12.17,12.25555,12.348560316567305,13.185650271900313,11.325449728099688,4.67031651111348,53.77128953771289,101472.5,8.1448733208638,2.8024948024948,0.5940271787777673,0.0552948525685117
2007-12-13,12.233,12.354,11.782,12.1,50356,0,-2.1193981556382524,12.3086,12.1775,12.21285,12.324887905465657,13.08451610579944,11.34118389420056,4.668741581846297,48.382054087853675,96689.5,4.854863350874208,-1.0872230850976938,0.6237006237006071,-0.0214217986343862
2007-12-14,11.951,12.054,11.398,11.577,120864,0,-4.3223140495867725,12.0124,12.1364,12.1576,12.253660485897496,13.044013328799409,11.271186671200594,4.881259937821084,49.40932311621967,98977.8,5.7553956834532425,-3.129445234708397,-3.4284284284284205,-0.0441850813791039
2007-12-17,11.482,11.848,11.173,11.239,123646,0,-2.919581929688164,11.795,12.1337,12.08585,12.15702615390726,13.026891589773676,11.144808410226322,4.5609821426067585,41.56947684105299,97087.25,6.041349682269764,-2.116356035533866,-0.2396591514290724,-0.0296304986874612
2007-12-18,11.388,11.651,10.854,11.538,92616,0,2.660379037280891,11.7632,12.1149,12.04315,12.098071282106568,13.003013208455732,11.08328679154427,4.442527359510074,44.00447070094204,96404.5,7.342915054357846,1.3171759747102243,-1.6032747740064912,0.0262560632985675
2007-12-19,11.538,11.633,11.305,11.567,57401,0,0.2513433870688253,11.6042,12.0297,12.00425,12.047493064763083,12.975596731957118,11.032903268042883,3.926189962903299,46.20106171201061,93570.05,2.9013710747456822,0.2513433870688153,-6.860455753281269,0.0025102804785668
2007-12-20,11.697,11.754,11.285,11.754,84059,0,1.6166681075473257,11.535,11.9218,11.99865,12.019541344309456,12.974633018618224,11.022666981381777,3.767517358521513,48.106183230819035,94742.2,4.155959237926446,0.4873044370351405,-8.408010597677862,0.0160373918771941
2007-12-21,11.941,12.269,11.762,12.269,173792,0,4.381487153309527,11.6734,11.8429,11.99675,12.04329931151808,12.970350561129225,11.023149438870776,4.047491524736775,58.39892815273824,100638.7,4.310491413024993,2.74683862323088,-6.04227293613111,0.0428821476185872
2007-12-24,12.269,12.269,11.839,12.269,42000,0,0.0,11.8794,11.8372,12.02765,12.064794615183024,12.994249742994718,11.06105025700528,3.636405406351333,54.92651061513336,98142.65,3.6320635188782817,0.0,-0.4624371247768932,0.0
2007-12-26,12.167,12.382,11.923,12.345,90962,0,0.6194473877251694,12.0408,11.902,12.03235,12.091480842308451,13.004421098763972,11.06027890123603,3.1610373185268563,49.24397221087045,97734.65,3.8497022561435847,1.4629736171611805,5.5398820210310395,0.0061753669880971
2007-12-27,11.52,12.326,11.408,11.408,76234,0,-7.59011745646011,12.009,11.8066,11.9883,12.026387428755266,12.990772333257596,10.985827666742402,3.5454964036497643,36.846963263799154,92195.5,8.046984572230024,-0.9722222222222232,-7.717197864423242,-0.0789362591252027
2007-12-28,11.641,11.951,11.154,11.361,107462,0,-0.4119915848527222,11.9304,11.7327,11.9551,11.96301719744524,12.995710124676148,10.914489875323852,3.512766737943443,33.80416109944646,94489.7,7.145418683880228,-2.40529164161154,-6.107438016528921,-0.0041284260841725
2007-12-31,11.266,11.305,10.48,10.639,179624,0,-6.355074377255532,11.6044,11.6389,11.88765,11.836920321498075,13.08269913354159,10.692600866458408,3.800932876756159,33.86880856760375,98707.65,7.872137404580146,-5.565418072075277,-8.102271745702694,-0.0656599430535385
2008-01-02,10.649,11.004,10.348,10.573,116932,0,-0.6203590563022776,11.2652,11.572300000000002,11.853,11.716546957545878,13.158979769328107,10.547020230671892,3.7255675050643218,37.95542220317189,98550.0,6.339389253962106,-0.713682035871901,-5.925794109796245,-0.0062229127838394
2008-01-03,10.573,10.705,9.935,10.029,120093,0,-5.145181121725151,10.802,11.4214,11.76815,11.555828199684369,13.308373944755946,10.227926055244057,3.796431022667535,24.334433443344334,99248.5,7.7503774534474035,-5.1451811217251535,-13.078523140925636,-0.0528226856443182
2008-01-04,9.87,10.142,9.589,9.973,129752,0,-0.5583806959816418,10.515,11.262,11.64585,11.405082656857283,13.348367550724772,9.943332449275228,3.7675908336275423,25.4897441806868,99042.65,5.767024715820201,1.0435663627153144,-13.78058269214143,-0.0055994546863402
2008-01-07,10.142,10.583,9.954,10.489,132647,0,5.173969718239246,10.3406,11.1355,11.52865,11.317836689537543,13.209655247494734,9.847644752505268,4.224915476039361,37.442289935364734,101009.65,6.31906771147277,3.42141589430094,-10.762293687255395,0.0504456475597359
2008-01-08,10.48,10.601,9.935,10.058,120820,0,-4.10906664124322,10.2244,10.9144,11.37865,11.19785224291492,13.019981202344317,9.737318797655684,3.8483265384524263,36.655367231638415,104362.3,6.703573225968801,-4.026717557251914,-18.02102860868857,-0.0419587512296939
2008-01-09,10.002,10.376,9.617,10.376,80016,0,3.161662358321738,10.185,10.7251,11.28115,11.119580600732546,12.917195202695428,9.645104797304572,4.140522197364433,36.92619261926192,104075.75,7.892274097951528,3.7392521495700737,-15.42913032847013,0.0311271092643697
2008-01-10,10.235,10.432,9.963,10.265,103282,0,-1.0697764070932814,10.2322,10.5171,11.20955,11.03819197209135,12.89360256512522,9.52549743487478,4.074594359268325,35.616438356164394,105504.3,4.707417444544828,0.2931118710307879,-16.848926690968003,-0.0107553965432457
2008-01-11,10.161,10.357,9.786,9.935,108414,0,-3.214807598636138,10.2246,10.3698,11.0882,10.933126069987413,12.772366337578076,9.404033662421924,3.583395439104741,30.52045405868496,105548.6,5.834866135295318,-2.2241905324279014,-12.91199158485272,-0.0326761744671166
2008-01-14,10.002,10.161,9.72,10.019,45298,0,0.8454957221942561,10.1306,10.2356,10.98415,10.846066444274326,12.662237793324543,9.306062206675456,3.640214368753139,23.454459650778674,105295.7,4.5370370370370265,0.1699660067986348,-11.812340462987414,0.0084194142733457
2008-01-15,9.85,10.198,9.85,10.086,81861,0,0.6687294141131783,10.1362,10.1803,10.9096,10.773679163867248,12.609132245246071,9.210067754753933,3.181404835666704,24.645760743321716,103345.55,3.532994923857876,2.395939086294423,-5.1978569414418585,0.0066650333774075
2008-01-16,10.011,10.778,9.691,10.536,127571,0,4.46162998215347,10.1682,10.1766,10.87445,10.751043053022748,12.574376249174108,9.174523750825893,3.5430401287764264,30.668946356058967,103541.8,11.2165927148901,5.244231345519932,-0.3499479807055783,0.0436496407864462
2008-01-17,10.536,10.695,9.954,10.067,203940,0,-4.451404707668938,10.1286,10.1804,10.8009,10.68589609559201,12.507222225384666,9.094577774615336,3.435799291788722,34.07741629066729,109108.0,7.444243520192884,-4.45140470766894,0.3789011865589886,-0.0455352166936935
2008-01-18,10.002,10.742,9.4394,9.599,113449,0,-4.6488526869971185,10.0614,10.143,10.7025,10.582382181726103,12.449304420709456,8.955695579290545,3.7507357605385545,30.98013816925733,111910.4,13.799605907155136,-4.029194161167771,-3.7501253384137234,-0.0476038213658863
2008-01-22,9.2506,10.311,8.7827,9.505,157672,0,-0.9792686738201885,9.9586,10.0446,10.590050000000002,10.479774354895047,12.341395404629072,8.838704595370931,3.216252133931035,35.83916083916084,115591.05,17.401254739430925,2.750091885931728,-9.38125655448565,-0.0098409504410073
2008-01-23,9.0358,10.076,8.9046,9.917,192272,0,4.334560757496053,9.9248,10.0305,10.47245,10.426176797285995,12.05703222619671,8.88786777380329,3.393431067045603,42.45977011494251,116515.05,13.15499854008041,9.752318555080898,-1.4018691588785104,0.0424324802635955
2008-01-24,9.954,10.414,9.767,9.992,113226,0,0.7562770999294255,9.816,9.9921,10.3586,10.3848266261159,11.709683993648918,9.00751600635108,3.218116978283904,49.52331873228551,120076.35,6.624347291901303,0.3817560779586121,-3.7008481110254343,0.0075343166192886
2008-01-25,10.086,10.179,9.589,9.85,143125,0,-1.4211369095276316,9.7726,9.9506,10.23385,10.333890756962006,11.225650123114583,9.242049876885416,3.2289943168074355,48.449710108394235,122684.5,6.152883512357908,-2.3398770573071648,-4.042864101315158,-0.0143133176392791
2008-01-28,9.786,10.179,9.392,9.85,119782,0,0.0,9.8228,9.9421,10.15595,10.287805922965624,10.99195112691916,9.319948873080842,3.0698384971495485,40.74181396696608,124861.9,8.379471890971049,0.6539955037809121,-0.8555611474584834,0.0
2008-01-29,9.824,10.104,9.645,9.935,91940,0,0.8629441624365519,9.9088,9.9337,10.08465,10.25420535887366,10.702756539956034,9.466543460043964,3.0704047719693652,48.01932367149759,124085.8,4.758942457231723,1.129885993485349,-0.8384070266493571,0.0085924208197826
2008-01-30,10.123,10.601,9.992,10.123,93525,0,1.89229994967286,9.95,9.9374,10.05885,10.241709610409504,10.619980165966396,9.497719834033608,3.125740542662253,45.74789915966386,119780.85,6.0948759007205755,0.0,0.3668451318659338,0.0187461866128343
2008-01-31,9.917,12.362,9.617,11.802,319906,0,16.585992294774286,10.312,10.064,10.1203,10.390308695132408,11.05998843660775,9.180611563392253,6.02277415578294,66.91613471274488,129929.55,28.5432047416034,19.007764444892608,12.01594533029613,0.1534589460183624
2008-02-01,11.915,11.961,10.395,10.723,184819,0,-9.142518217251306,10.4866,10.1296,10.155,10.421993581310272,11.131044433845965,9.17895556615404,6.668056532670933,57.44520030234317,133165.85,15.064935064935073,-10.00419639110364,6.516340518525876,-0.0958780413969683
2008-02-04,10.732,11.173,10.245,10.563,259265,0,-1.4921197426093435,10.6292,10.226,10.1845,10.43542276404263,11.172968565642194,9.196031434357806,6.451377209954325,55.06706408345753,139641.5,9.058077110785758,-1.5747297800968945,10.042712782581532,-0.0150336383969834
2008-02-05,10.33,10.536,9.607,10.029,302766,0,-5.055381993751784,10.648,10.2784,10.1615,10.396715834133808,11.141506766893716,9.181493233106284,6.7231769844619,49.51156812339332,148147.45,9.67003226813782,-2.913843175217814,5.512887953708567,-0.0518764327349539
2008-02-06,10.132,10.179,9.635,9.758,162065,0,-2.7021637251969377,10.575,10.2625,10.1465,10.335885754692493,11.14223437590956,9.15076562409044,6.6722872749481255,43.12234794908061,150209.7,5.6460819927348265,-3.691275167785241,-1.6033074518503665,-0.0273934347124258
2008-02-07,9.691,10.152,9.664,9.87,196567,0,1.147776183644189,10.1886,10.2503,10.121199999999998,10.291515682817018,11.118094462027264,9.124305537972733,6.67817850268972,48.14115870919041,156037.25,5.0496688741721805,1.847074605303875,-1.2209767814251538,0.0114123920517447
2008-02-08,9.87,10.188,9.3263,9.4483,168886,0,-4.272543059777101,9.93366,10.21013,10.080365,10.211209427310637,11.118512056361071,9.04221794363893,6.808408933638917,48.56549964780017,159317.45,9.239462595026977,-4.272543059777098,-4.078172588832485,-0.0436650223025318
2008-02-11,9.655,9.824,9.2331,9.551,221620,0,1.086968025994106,9.73126,10.18023,10.061165,10.148332338995337,11.124529347669377,8.997800652330623,6.820933674700723,50.437146006766255,164977.75,6.399800716985622,-1.0771620921802094,-3.0355329949238508,0.0108110299097422
2008-02-12,9.579,9.635,9.1766,9.505,102550,0,-0.4816249607370926,9.62646,10.13723,10.035465,10.087062592424353,11.127576866787704,8.943353133212293,6.812895861941027,45.791967969930965,167840.35,4.995314168646331,-0.7725232278943506,-4.3281328636134875,-0.004827885112208
2008-02-13,9.814,9.983,9.505,9.701,133084,0,2.0620725933718997,9.61506,10.09503,10.016215,10.050294726479176,11.118104894728525,8.914325105271473,6.819017804062194,47.09951359540706,170401.5,5.028932140978429,-1.1514163439983651,-4.168724686357783,0.0204109970387539
2008-02-14,9.843,9.843,9.532,9.589,125921,0,-1.154520152561589,9.55886,9.87373,9.968865,10.006361895385922,11.058023257844637,8.879706742155367,3.419307131901788,47.38288143751004,170319.0,3.262694083088543,-2.580514070913335,-18.751059142518212,-0.0116123648076023
2008-02-15,9.551,9.748,9.4296,9.655,88092,0,0.688288664094272,9.6002,9.76693,9.948265,9.97289885773012,11.045165483467466,8.851364516532536,2.398605551029055,48.07022405193571,164526.6,3.3766013404598145,1.088891215579512,-9.959899281917384,0.0068593077089336
2008-02-19,9.589,9.589,8.8765,9.1766,175705,0,-4.9549456240289835,9.52532,9.628290000000002,9.927145,9.897060871279631,11.067755679416766,8.786534320583232,2.7051409574408884,43.03683572661499,167639.4,8.02681236974033,-4.300761288976951,-13.12505916879675,-0.0508191502224942
2008-02-20,9.1299,9.85,8.9234,9.85,258597,0,7.338229845476518,9.59432,9.61039,9.944395,9.892578883538716,11.068439307939018,8.820350692060982,3.5369902282322547,47.69861073644456,172685.65,10.383934374789863,7.887271492568379,-1.7848240103699342,0.070814689526014
2008-02-21,9.879,9.879,9.2982,9.3458,81971,0,-5.118781725888311,9.52328,9.56917,9.915835,9.840504704154077,11.07139466349398,8.76027533650602,3.805090462739027,24.180052140274128,167170.6,6.246370265212621,-5.39730741977932,-4.224226275876186,-0.0525444106639464
2008-02-22,9.3458,9.4948,9.0265,9.2701,55265,0,-0.809989514006304,9.4595,9.50918,9.87974,9.786180446615592,11.069863987171791,8.689616012828207,3.768747282509989,30.64400095920702,164272.55,5.18805738658394,-0.8099895140063046,-6.078014184397162,-0.008132877513956
2008-02-25,9.523,9.617,9.1299,9.4019,106813,0,1.4217753853787984,9.40888,9.50454,9.857335,9.74958230884268,11.066535141502683,8.648134858497318,3.57074877550212,34.414346693870954,162456.95,5.335217253201039,-1.271658090937732,-0.4910936358921702,0.0141176295043946
2008-02-26,9.3069,9.579,9.2234,9.515,89634,0,1.2029483402291152,9.47656,9.50094,9.840585,9.727241136571948,11.05945521592241,8.621714784077591,3.5748296677107896,42.221549636803886,160949.55,3.8554112366372575,2.2359754590680025,-0.3769238823159826,0.0119577042376233
2008-02-27,9.4296,9.739,9.4197,9.532,88703,0,0.1786652653704701,9.41296,9.50364,9.820435,9.708646742612714,11.046039205494536,8.594830794505462,3.570643853065248,46.29508196721313,160787.7,3.3897045553467744,1.0859421396453657,0.2840610205155025,0.0017850584883829
2008-02-28,9.3632,9.87,9.2331,9.674,185965,0,1.4897188417960503,9.4786,9.50094,9.797985,9.705347052840075,11.016683141071946,8.579286858928056,3.5398927526930115,46.81818181818182,165409.7,6.898008252916127,3.3193779904306076,-0.2783218224925332,0.0147873151642957
2008-02-29,9.532,9.739,9.2701,9.3069,181382,0,-3.794707463303693,9.48596,9.47273,9.67323,9.667399714474351,10.463783658353703,8.882676341646295,3.731189554975447,47.66311892642296,158483.5,5.058197861943253,-2.3615190935795156,-2.941912608196895,-0.0386858138557796
2008-03-03,9.2701,9.3545,8.6141,9.0917,131267,0,-2.3122629446969523,9.42392,9.4164,9.591665,9.6125711702387,10.2520850840929,8.931244915907103,3.7690689696726993,42.68141113483538,155805.9,8.595210178660558,-1.924466834230482,-5.834282755049191,-0.0233941511395714
2008-03-04,8.9796,9.2234,8.6422,8.7546,121215,0,-3.707777423364167,9.27184,9.3742,9.501245,9.530859630215968,10.093369696948564,8.909120303051438,3.6244588039425776,39.058034412365096,148903.4,6.7251394320890405,-2.505679540291323,-4.598653095917882,-0.0377826328895456
2008-03-05,8.7827,9.2798,8.6141,9.2798,169861,0,5.999131884951914,9.2214,9.31718,9.463785,9.506949189243018,10.00820219403182,8.919367805968179,3.3181259708049233,44.39625352562395,142258.15,7.728027304071223,5.659990663463396,-5.788832487309648,0.0582607183258348
2008-03-06,9.2137,9.2137,8.6047,8.6422,105184,0,-6.8708377335718325,9.01504,9.24682,9.407995,9.424592123600826,10.046091156670355,8.769898843329642,3.61906932562883,38.949063915215454,139414.1,7.077527397817472,-6.20271986281297,-7.5285154828907075,-0.0711828148087576
2008-03-07,8.5297,8.9046,8.5297,8.7078,141381,0,0.7590659785702725,8.89522,9.19059,9.349885,9.356326207067417,10.021619726071322,8.678150273928676,3.648642917719005,38.94336274921791,136654.8,4.39523078185634,2.087998405571129,-6.065738233675999,0.0075619956892633
2008-03-10,8.7078,8.7453,8.2016,8.2203,196819,0,-5.598428994694416,8.72094,9.07243,9.288485,9.248133234965756,10.12630276507381,8.45066723492619,3.8915182988859622,38.86080372743156,138051.45,6.629194303550542,-5.5984289946944195,-12.567672491730386,-0.0576124709697572
2008-03-11,8.4547,8.7922,8.2579,8.6703,77648,0,5.474252764497645,8.704080000000001,8.987960000000001,9.24445,9.193101498302353,10.11606861891638,8.372831381083621,4.394458852016863,35.50416554029145,130852.85,6.470167960377336,2.5500609128650154,-8.877561744613782,0.053296687517459
2008-03-12,8.6797,8.6797,7.9672,8.0142,167968,0,-7.567212207190044,8.45096,8.836179999999999,9.16991,9.0808251651307,10.190041039879636,8.149778960120365,4.853925309571743,34.22648661454632,134123.75,8.942915955417215,-7.6673156906344655,-15.923206042803184,-0.0786884240409591
2008-03-13,7.958,8.6422,7.6299,8.6235,219289,0,7.602755109680315,8.44722,8.73113,9.116035,9.037270387499204,10.13187034155762,8.100199658442381,5.613579986977084,43.2002692129727,138434.0,13.26753954835582,8.36265393314903,-10.85900351457515,0.0732760665203405
2008-03-14,8.5485,8.7641,8.0798,8.2203,100430,0,-4.675595755783613,8.34972,8.62247,9.0476,8.95946368392785,10.112504755810097,7.982695244189904,5.668918354799223,38.24512534818942,137159.45,8.469269041312884,-3.8392700473767407,-11.67520871611386,-0.0478843299968403
2008-03-17,7.9766,8.2672,7.5925,7.8735,228654,0,-4.218824130506182,8.280359999999998,8.50065,8.958525,8.856038571172817,10.104455474376543,7.812594525623454,5.746138921165968,34.39549784208222,144187.55,8.886401053671394,-1.292530652157566,-13.399034284017286,-0.0431040143741507
2008-03-18,8.0142,8.3797,7.733,7.8173,246506,0,-0.7137867530323194,8.10976,8.406920000000001,8.890559999999999,8.757111088203978,10.138712071369008,7.642407928630989,5.683261845646667,33.82022683953272,147727.6,8.362860468123626,-2.4568890219859782,-10.706371507550315,-0.0071634639822133
2008-03-19,7.9298,8.0422,7.508,7.5925,186309,0,-2.8756731863942786,8.02542,8.23819,8.777685,8.646195746470266,10.068100388486087,7.487269611513913,5.139038377092175,30.661315197799937,144113.2,7.11507725093233,-4.253575121692855,-18.18250393327442,-0.0291783084583469
2008-03-20,7.7142,7.7611,7.4893,7.6017,288390,0,0.1211722094171863,7.82106,8.13414,8.690479999999999,8.546719961092146,10.052959027902183,7.328000972097816,4.850349716847218,33.02878299295352,154434.15,3.6291776267474902,-1.4583495372170778,-12.039758394853171,0.0012109885514619
2008-03-24,7.6204,8.0798,7.611,8.0236,159626,0,5.550074325479826,7.78172,8.06572,8.628155000000001,8.496899012416703,9.993033225491436,7.263276774508567,5.279608113958031,39.78969505783387,159652.2,6.159505978189473,5.291060836701486,-7.857323319322917,0.0540152924791767
2008-03-25,7.9954,8.1735,7.7423,7.9016,152656,0,-1.5205144822772798,7.78734,8.033850000000001,8.55314,8.440203868377017,9.90380420681772,7.2024757931822805,5.008920154167344,41.49619172947322,161944.35,5.56940444054093,-1.1731745753808425,-3.8769874578786663,-0.0153219283566249
2008-03-26,7.836,7.9111,7.686,7.8455,138681,0,-0.7099827882960374,7.79298,7.951370000000002,8.469665,8.383565404722063,9.775652325278877,7.163677674721125,4.582862162396219,34.22563403207003,164396.7,2.928701535258916,0.1212353241449727,-9.512934961881347,-0.0071251515947945
2008-03-27,7.8735,7.8735,7.611,7.7142,102661,0,-1.6735708367854207,7.81732,7.92137,8.378775000000001,8.319816318558058,9.625122557971997,7.132427442028005,3.9680077081482503,38.514851485148505,165094.6,3.4489554592037863,-2.023242522385216,-3.7433555439095656,-0.0168773326808647
2008-03-28,7.7798,7.8267,7.4517,7.508,73625,0,-2.672992662881435,7.798579999999999,7.809819999999999,8.270475,8.242500478695385,9.415223109962518,7.12572689003748,2.8691858409515323,35.650385112184836,159477.6,5.032408712105962,-3.4936630761716216,-12.93558299994202,-0.0270936676118586
2008-03-31,7.5548,7.7423,7.3581,7.4237,139629,0,-1.1228023441662185,7.6786,7.730160000000001,8.176315,8.164519480724396,9.27081398420266,7.08181601579734,2.619191249391307,39.45571027691003,157389.95,5.221456626031175,-1.7353205908826177,-9.690643893775164,-0.0112915335396066
2008-04-01,7.508,7.611,7.3205,7.4893,168558,0,0.8836563977531409,7.59614,7.69174,8.096195,8.100212863512548,9.142072496046476,7.050317503953524,2.4073688920907057,32.596522251694665,159254.5,3.968308175671057,-0.2490676611614269,-4.879659617704957,0.0087977500330814
2008-04-02,7.4987,7.5267,7.208,7.2831,408247,0,-2.7532613194824584,7.48366,7.6383199999999984,8.02262,8.022392590797066,9.080442437791117,6.964797562208882,2.5140204558630344,37.5794230573205,173606.1,4.4214761376248575,-2.875165028604961,-6.833561459839077,-0.0279187394707031
2008-04-03,7.2361,7.3393,7.1705,7.2831,171557,0,0.0,7.39744,7.607379999999999,7.922785,7.951983772625917,8.849833764458385,6.9957362355416155,2.396343168574782,21.282886279886867,173690.9,2.354089672965624,0.649521150896197,-4.075074086269348,0.0
2008-04-04,7.2643,7.3767,7.1238,7.255,84938,0,-0.3858247174966744,7.34684,7.572709999999999,7.853425,7.885604365709163,8.761216406308755,6.945633593691244,2.389684809290177,25.35865625159543,172678.6,3.5500715910047926,-0.1280233470534054,-4.560821921412317,-0.0038657094108827
2008-04-07,7.3393,7.4705,7.1049,7.1331,91616,0,-1.6802205375603063,7.28872,7.48366,7.774690000000001,7.813937283260672,8.642758920135304,6.906621079864698,1.1458735343871682,28.64805629253661,170190.35,5.145744486199674,-2.8095322442194752,-11.098509397278033,-0.0169449637918218
2008-04-08,7.0768,7.1612,6.8613,6.9269,184822,0,-2.8907487628100026,7.17624,7.386189999999999,7.71002,7.729457541997751,8.629501292216677,6.790538707783322,1.2686506171327212,26.36691793183988,169590.5,4.3708918135047305,-2.1181890119828255,-12.33547635921839,-0.0293335398719601
2008-04-09,6.955,6.955,6.7675,6.7769,200555,0,-2.1654708455441707,7.075,7.279329999999999,7.615349999999999,7.638737776093203,8.508033105203296,6.722666894796703,1.2768307691163845,27.457158651188493,175735.85,2.7705947543405984,-2.5607476635513975,-13.620546810273405,-0.0218926124189091
2008-04-10,6.7394,6.8894,6.73,6.7863,141298,0,0.1387064882173216,6.97564,7.186540000000001,7.553955,7.557553225989088,8.498529592022434,6.609380407977565,1.3664304850760352,27.465177979217316,174402.35,2.3684992570579455,0.6959076475650643,-12.02846698296648,0.0013861037963025
2008-04-11,6.7206,6.7487,6.4394,6.5988,236266,0,-2.76291941116662,6.8444,7.095620000000001,7.452720000000001,7.466243394942508,8.347320713285063,6.55811928671494,1.3769821959548418,4.762509525019013,175251.2,4.8032425381246755,-1.8123381840907116,-12.109749600426213,-0.0280180597301302
2008-04-14,6.6176,6.627,6.1864,6.2989,149413,0,-4.544765714978483,6.67756,6.983140000000001,7.35665,7.355067833519413,8.31460914757398,6.398690852426019,1.718188551090577,4.279112226849975,177700.35,7.122074227337384,-4.815945357833665,-15.151474332206316,-0.0465127993416573
2008-04-15,6.3175,6.9737,6.2332,6.805,175416,0,8.0347362237851,6.653180000000001,6.9147099999999995,7.303224999999999,7.302680420803278,8.258994890550976,6.347455109449022,3.469636448911353,26.38125936350839,175038.45,11.879933260604504,7.716660071230706,-9.137035503985691,0.0772826211254543
2008-04-16,6.8613,7.3487,6.6926,7.2361,184886,0,6.335047759000756,6.745019999999999,6.91001,7.274165000000001,7.296339428345823,8.198963627924018,6.349366372075984,4.069053290938561,40.44755244755246,171957.45,9.803364910498168,5.4625216795651035,-0.645329598659905,0.0614247511240662
2008-04-17,7.2175,7.4049,6.8988,6.9831,177733,0,-3.4963585356752924,6.7843800000000005,6.88001,7.243695,7.266507101836697,8.164479863095002,6.322910136904999,4.217315417893401,39.70501706350763,171528.65,7.336058444946948,-3.247661932802216,-4.119125097829224,-0.0355894429735095
2008-04-18,7.1705,7.5267,7.03,7.2643,106939,0,4.0268648594463885,6.91748,6.88094,7.226825000000001,7.266296901661773,8.132227228439259,6.3214227715607425,4.437312687503745,47.09780787997961,162456.1,7.0654338549075355,1.3081375078446522,0.1281874569262653,0.0394789957516744
2008-04-21,7.208,7.3393,7.0487,7.1519,81323,0,-1.5472929256776349,7.088080000000001,6.88282,7.18324,7.255401958646367,8.007426742763426,6.359053257236573,4.431584281157486,43.95989974937344,158540.95,4.122746038276555,-0.7783018867924503,0.2635600229914159,-0.015593884335106
2008-04-22,7.0675,7.1424,6.6456,6.8425,123832,0,-4.3261231281197965,7.095580000000001,6.8743799999999995,7.130284999999999,7.216077962584808,7.894012149610545,6.366557850389452,4.561031790134157,42.393481113182794,157099.75,7.475622968580721,-3.1835868411743853,-1.2184382624261914,-0.044224893737857
2008-04-23,6.8799,6.9081,6.6644,6.7206,107818,0,-1.7815126050420238,6.9924800000000005,6.86875,7.074039999999999,7.168889585195778,7.779449967845975,6.368630032154023,4.542643612484153,40.68122328617341,155556.6,3.656743292719532,-2.315440631404526,-0.8307633283654803,-0.0179757256690854
2008-04-24,6.7394,6.9831,6.5706,6.8143,49536,0,1.39422075409934,6.958720000000001,6.871550000000001,7.029044999999999,7.135119148510466,7.67480597085013,6.383284029149868,4.563968781332509,42.85436326490905,152900.35,6.277965482604336,1.111374899842722,0.4125959654008859,0.0138459090092316
2008-04-25,6.8519,6.9455,6.6363,6.8706,55269,0,0.8262037186504756,6.879980000000001,6.8987300000000005,6.997175000000001,7.109926848652326,7.605222321132544,6.3891276788674585,4.450629657039562,45.65123753354759,151982.55,4.6592227596702935,0.272917001123775,4.118930714675395,0.0082280933923681
2008-04-28,6.8425,7.2831,6.8425,7.2736,134086,0,5.8655721479929035,6.90432,6.9962,6.989669999999999,7.125514767828295,7.5789671803228496,6.400372819677149,4.358128674148042,55.39208062459174,151705.4,6.439166971136279,6.300328827183044,15.474130403721295,0.0569999160108753
2008-04-29,7.2925,7.3674,7.1238,7.2643,65465,0,-0.1278596568411782,6.98868,7.04213,6.97842,7.138732408987505,7.535252827979286,6.421587172020714,3.723273216288645,57.92726563008262,146550.75,3.419523288132736,-0.3866986630099417,6.749448934606916,-0.0012794146704267
2008-04-30,7.3111,7.3111,6.9831,7.0019,92027,0,-3.6121856200872826,7.0449399999999995,7.01871,6.964360000000001,7.125700750988695,7.502693887392769,6.426026112607233,3.3672780162046245,53.23996152921375,130739.75,4.697054316850673,-4.229185758640966,-3.236550075316824,-0.0367903992089887
2008-05-01,7.583,9.532,7.5736,8.9609,540232,0,27.978120224510494,7.474260000000001,7.21649,7.04825,7.300481631846915,8.08650685595954,6.009993144040461,9.375047516029948,73.16374762194285,149173.5,25.8582444280131,18.170908611367537,28.32266471910756,0.2466891275743343
2008-05-02,9.0077,10.198,8.9983,9.645,493613,0,7.6342778069167005,8.029140000000002,7.454559999999999,7.16775,7.523769095480542,8.726099475701991,5.6094005242980085,9.49318578757464,80.51396158966969,169607.25,13.332518364579975,7.075058005928259,32.77260025054029,0.0735689779866864
2008-05-05,9.635,10.442,9.2894,9.889,384041,0,2.52980819077242,8.55222,7.72827,7.305545,7.749029181625253,9.28221971271688,5.328870287283122,9.351695412395395,79.53570334048422,184228.5,12.407690485930194,2.636222106901916,38.27094897859309,0.0249833819301613
2008-05-06,9.776,10.245,9.532,10.058,209606,0,1.7089695621397505,9.11096,8.04982,7.4621,7.96893116432761,9.779169428576044,5.145030571423954,8.967465272778306,78.45403029019701,185467.7,7.48006714225765,2.884615384615385,46.99305809280232,0.0169453094619192
2008-05-07,10.002,11.192,9.945,10.882,349723,0,8.192483595148147,9.88698,8.46596,7.667355000000001,8.246366291534503,10.415961371063752,4.918748628936249,8.775744383904117,85.25417292077327,192926.1,12.538964303670186,8.798240351929604,61.92006666071481,0.0787417103139606
2008-05-08,10.882,11.314,10.086,10.123,248756,0,-6.974820804999082,10.1194,8.79683,7.83419,8.42509331138836,10.757156473617917,4.911223526382084,9.548202619662549,73.79275905118601,198299.0,12.17529248463216,-6.974820804999085,48.555244118985065,-0.0722999854471189
2008-05-09,10.104,10.451,9.963,10.367,130998,0,2.4103526622542892,10.2638,9.14647,8.0226,8.610036805541851,11.092374662054056,4.952825337945946,9.495278161929203,76.18543434705413,193035.6,4.898123055304641,2.602929532858291,50.889296422437646,0.0238176217243605
2008-05-12,10.357,10.705,10.17,10.61,109810,0,2.3439760779395913,10.408,9.48011,8.238154999999999,8.800509490728341,11.402293568044875,5.074016431955123,9.506793880092845,81.01997464060466,191055.45,5.260570304818094,2.442792314376751,45.869995600527936,0.0231692682849164
2008-05-13,10.583,10.938,10.46,10.498,78475,0,-1.0556079170593755,10.496,9.80348,8.422805,8.962175253516119,11.664863309469403,5.180746690530596,9.55819930657228,81.15227287721844,186208.4,4.569789674952196,-0.8031749031465638,44.51495670608316,-0.0106121897957837
2008-05-14,10.516,10.817,10.048,10.489,90239,0,-0.085730615355295,10.4174,10.15219,8.585449999999998,9.107587134133633,11.902354072998383,5.26854592700161,9.303057606005744,80.73468158779546,181476.05,7.653264331210193,-0.2567516165842454,49.80219654665163,-0.000857673850641
2008-05-15,10.451,10.667,10.114,10.507,102200,0,0.1716083516064337,10.4942,10.3068,8.761645,9.240864549930428,12.094503274167057,5.428786725832942,4.312064673921975,80.61045826458805,177699.4,5.467668578208414,0.5358338914936289,17.253847269805476,0.0017146127271712
2008-05-16,10.573,10.873,10.067,10.357,217711,0,-1.4276196821166875,10.4922,10.378,8.916279999999999,9.347163164222769,12.243602652856216,5.588957347143781,3.8510272203617513,77.11014982063728,183238.0,8.00635740538392,-2.042939563037937,7.382063245204762,-0.0143790820998964
2008-05-19,10.33,10.33,9.701,9.85,318247,0,-4.89523993434392,10.3402,10.3741,9.051185,9.395052386677744,12.295043009920583,5.807326990079417,4.178343763820318,70.90468105748242,195084.2,6.483867642511076,-4.6466602129719305,-0.3943775912630176,-0.0501911644227442
2008-05-20,9.786,10.47,9.711,10.096,319420,0,2.4974619289340083,10.2598,10.3779,9.21386,9.461809302232243,12.314505300850104,6.113214699149897,4.220588834885734,75.0814675507855,204863.6,7.815878900216252,3.167790721438795,0.3778087094849836,0.0246678506148598
2008-05-21,10.152,10.367,9.758,9.776,151617,0,-3.1695721077654504,10.1172,10.2673,9.36663,9.491732225829177,12.24300888515178,6.490251114848222,3.214799423929815,58.99847651851361,207053.55,6.241032998565299,-3.703703703703699,-10.163572872633708,-0.0322089033696178
2008-05-22,9.85,10.367,9.85,10.282,123298,0,5.175941080196411,10.0722,10.2832,9.540015,9.566995823369254,12.176665795212433,6.903364204787568,3.002667814506262,57.320156285911295,210741.65,5.248730964467018,4.38578680203046,1.5706806282722583,0.0504643912040735
2008-05-23,10.208,10.301,9.898,10.17,97256,0,-1.0892822408091862,10.0348,10.2635,9.704985,9.624424792572182,12.0332306854215,7.376739314578499,2.9187492146651426,53.330173026783605,212841.0,4.07152960193979,-0.3722570532915386,-1.90026044178645,-0.0109525835728443
2008-05-27,10.179,10.583,9.954,10.32,97261,0,1.474926253687325,10.1288,10.2345,9.857305,9.69067005042245,11.896450365330043,7.818159634669958,2.8482137842903015,53.11904761904763,210999.75,6.31906771147277,1.3852048334806957,-2.7332704995287394,0.0146415499929481
2008-05-28,10.404,10.404,9.935,10.104,170849,0,-2.093023255813964,10.1304,10.1951,9.99929,9.730034807525072,11.633466395683818,8.365113604316182,2.899638012224108,39.17037861915367,216268.95,4.72068444891796,-2.883506343713963,-3.75309582777672,-0.0211523750052267
2008-05-29,10.058,10.395,10.039,10.198,141032,0,0.9303246239113384,10.2148,10.166,10.159095,9.774602921094113,10.983641501130135,9.334548498869864,2.9273646948801404,51.28117526477624,218719.2,3.546169937244744,1.3919268244183791,-2.7743350176375303,0.0092602375847741
2008-05-30,10.282,10.395,10.086,10.208,137191,0,0.0980584428319275,10.2,10.1361,10.22145,9.815878833370864,10.82291714483455,9.619982855165452,2.9263009946513963,47.04790196806534,198567.15,3.0636525877453824,-0.7197043376774931,-2.8457218996859157,0.00098010396947
2008-06-02,10.142,10.265,9.655,9.935,76869,0,-2.6743730407523425,10.153,10.0939,10.23595,9.827223706383162,10.791103264754929,9.680796735245073,3.0074904124287003,37.605582078589805,177729.95,6.317969963749366,-2.0410175507789288,-4.074538959158048,-0.0271078505986538
2008-06-03,10.002,10.226,9.927,10.217,179545,0,2.838449924509301,10.1324,10.1306,10.25235,9.864345258156192,10.783194917386824,9.721505082613175,2.6938119628043733,45.14344970618737,167505.15,3.0119875088143577,2.1495700859828015,3.7258883248731056,0.0279891236055063
2008-06-04,10.208,10.414,9.927,10.414,136762,0,1.9281589507683217,10.1944,10.1624,10.27015,9.916693328807984,10.797417943469128,9.742882056530874,2.650196138131637,48.78286270691332,163862.95,4.905812430744436,2.0180250783699014,3.149762282091917,0.0190980551314206
2008-06-05,10.47,10.778,10.311,10.507,142013,0,0.8930286153255196,10.2562,10.2355,10.2514,9.972913011778653,10.709142929462946,9.793657070537057,2.3460177969828986,50.0,153477.45,4.529143633013292,0.3533906399235819,7.477495908346965,0.0088906469659308
2008-06-06,10.414,10.526,10.179,10.273,77461,0,-2.227086704102033,10.2692,10.2346,10.2589,10.00149272494259,10.712683115363618,9.805116884636384,1.9235806705540617,48.70370370370371,144912.7,3.408979271048232,-1.3539466103322453,-0.0875316086364597,-0.0225226074725116
2008-06-09,10.265,10.282,10.039,10.188,63497,0,-0.8274116616372895,10.3198,10.2364,10.24995,10.019255322567105,10.701812799390831,9.798087200609167,1.9087090732893717,55.99716110716822,141537.65,2.4205598167148157,-0.7501217730150994,0.1769911504424737,-0.0083085371169159
2008-06-10,10.086,10.376,10.039,10.301,118779,0,1.1091480172752188,10.3366,10.2345,10.2345,10.046088148989286,10.654537842906231,9.81446215709377,1.8813383335451497,53.81750465549348,141986.1,3.3569080585715687,2.1316676581399947,-0.1841085271317877,0.0110304207843457
2008-06-11,10.245,10.245,9.927,9.973,104839,0,-3.18415687797301,10.2484,10.2214,10.20825,10.039127372895068,10.62455448118206,9.791945518817938,2.0409300943523765,53.65763089491275,143304.3,3.2033847083711056,-2.654953635919946,-1.2965162311955547,-0.0323595364818254
2008-06-12,10.029,10.339,9.907,10.019,78208,0,0.4612453624786905,10.1508,10.2035,10.18475,10.037210480238397,10.587155856920404,9.782344143079598,2.0196015933784066,44.111061352440665,142702.75,4.360553144241449,-0.0997108385681502,-1.755246126691512,0.004601848857395
2008-06-13,10.142,10.563,9.907,10.32,79638,0,3.0042918454935563,10.1602,10.2147,10.1754,10.064142815453788,10.554281678516425,9.796518321483576,2.255903136595274,53.09661436829067,141574.65,6.6215807005147935,1.7550778939065357,1.0971786833855912,0.0296004697762906
2008-06-16,10.32,11.033,10.32,10.854,93129,0,5.174418604651154,10.2934,10.3066,10.20025,10.139367309220091,10.68082810581539,9.71967189418461,2.52079708342485,59.515324305060574,135345.55,6.908914728682163,5.174418604651152,9.25012581781579,0.0504499155877963
2008-06-17,10.864,10.864,10.46,10.649,65762,0,-1.88870462502303,10.363,10.349799999999998,10.2402,10.187903755961036,10.730917884435549,9.749482115564453,2.5633149634983043,59.7495527728086,122721.3,3.862332695984702,-1.9790132547864656,4.22824703924829,-0.0190676846079663
2008-06-18,10.545,10.563,10.291,10.545,58162,0,-0.976617522772083,10.4774,10.3629,10.26265,10.221912922059984,10.766498045179512,9.75880195482049,2.540966771916818,56.18538324420677,109658.4,2.643086191818096,0.0,1.2579220280391823,-0.0098141771025087
2008-06-19,10.536,10.778,10.245,10.619,55915,0,0.7017543859649145,10.5974,10.3741,10.3048,10.259730739006653,10.77730133945748,9.832298660542522,2.5354980145421524,57.16277448588359,104873.3,5.202537823328465,0.7877752467729706,1.065956029313786,0.0069930354909706
2008-06-20,10.536,10.835,10.142,10.516,125420,0,-0.9699595065448708,10.636599999999998,10.3984,10.3165,10.284137335291732,10.798124662770825,9.834875337229176,2.43454264265514,60.76324564653576,104979.4,6.832971800433854,-0.1898253606681812,2.3654239267984156,-0.0097469425540737
2008-06-23,10.601,10.742,10.152,10.301,49828,0,-2.044503613541271,10.526,10.4097,10.32305,10.285743303359189,10.799824458428894,9.846275541571108,2.523755975996892,51.595744680851055,102608.0,5.81166272655636,-2.829921705499488,1.1091480172752188,-0.0206569289660784
2008-06-24,10.179,10.536,9.786,9.992,63970,0,-2.9997087661391975,10.3946,10.3788,10.30665,10.257767750658312,10.805901344778157,9.807398655221848,2.6779676972710056,42.31049562682216,100943.45,7.664009809932557,-1.8371156302190723,-2.9997087661391975,-0.0304562050782796
2008-06-25,10.019,10.33,9.889,10.265,75500,0,2.732185748598881,10.3386,10.408,10.314699999999998,10.258456536309902,10.805310403905878,9.82408959609412,2.615977798843775,45.861833105335165,96176.0,4.459500455051074,2.455334863758863,2.9279053444299485,0.0269552776476203
2008-06-26,10.058,10.058,9.4296,9.4671,106351,0,-7.773015099853875,10.10822,10.35281,10.278155000000002,10.18308924713753,10.897392957747607,9.658917042252396,3.655702972271381,38.44720318816479,94441.95,6.664121489776864,-5.874925432491544,-5.508533785806968,-0.0809174203715861
2008-06-27,9.4296,9.748,8.7641,9.0358,200404,0,-4.555777376387704,9.81218,10.22439,10.219545,10.073823604553004,11.051946207604052,9.387143792395948,3.631207565283832,34.97470137186373,97602.6,11.226480756723454,-4.1762110800034,-12.443798449612409,-0.0466281654259799
2008-06-30,8.9421,9.73,8.7265,8.7265,117721,0,-3.4230505323269655,9.49728,10.01164,10.159119999999998,9.945507070786052,11.22202860249731,9.096211397502683,2.878204241579179,30.467683910184817,99645.2,11.499455680971762,-2.4110667516578905,-19.601068730421968,-0.0348300915905765
2008-07-01,8.7078,9.0358,8.5766,8.7359,93813,0,0.1077178708531523,9.24606,9.820330000000002,10.085065,9.830306397377855,11.32297087394053,8.84715912605947,2.9639717462919517,33.33602737142702,95358.6,5.354103024508558,0.3226991892326447,-17.96506714245467,0.001076598967832
2008-07-02,8.7359,8.7359,8.1923,8.5859,111679,0,-1.7170526219393525,8.91024,9.62442,9.993660000000002,9.71179150238949,11.389228324752414,8.59809167524759,2.9469834868118303,31.22199219057103,94104.45,6.635499188262166,-1.7170526219393574,-18.57847321005215,-0.0173196491830354
2008-07-03,8.6422,8.6422,8.1266,8.3328,33861,0,-2.947856369163393,8.683380000000001,9.3958,9.88495,9.580458978352397,11.441581498832498,8.328318501167502,2.7982566121603543,23.630573248407643,88696.85,6.344596756331073,-3.5801069172201534,-21.52933421226103,-0.029921788715547
2008-07-07,8.4734,8.6797,8.061,8.1453,62874,0,-2.2501440092165925,8.50528,9.15873,9.778565,9.443777170890264,11.505087313206412,8.05204268679359,2.7566168532342803,10.416483998246392,87967.5,7.675226398709843,-3.872117449902036,-22.54374286801064,-0.0227584603637688
2008-07-08,8.1172,8.3141,7.686,8.1642,163468,0,0.232035652462148,8.39282,8.94505,9.677375,9.321912678424525,11.535100019451036,7.8196499805489665,2.888099443213729,11.599802188292005,92966.05,8.172001040853498,0.5790173951608784,-20.74361712455103,0.0023176686544958
2008-07-09,8.1829,8.2859,7.8735,7.883,46745,0,-3.444305627005695,8.222240000000001,8.734150000000001,9.556475,9.184873375717425,11.552864529414917,7.560085470585086,2.90413850311972,10.99747992732813,89364.35,5.237823077411568,-3.664959855308022,-21.106885508406737,-0.0350502003649593
2008-07-10,7.8735,8.0142,7.6392,7.9298,40155,0,0.5936826081441193,8.09102,8.500630000000001,9.454315,9.065342578030052,11.566699940273514,7.341930059726485,2.549130081029568,10.28238908253087,86130.15,4.908890983349053,0.7150568362227756,-22.749147588894303,0.0059192725699804
2008-07-11,7.7798,8.0704,7.6766,8.0422,40660,0,1.417438018613315,8.032900000000001,8.35814,9.355475,8.967900427741474,11.540357068719072,7.17059293128093,2.0522214568370276,13.564863909508633,84252.75,5.129875205168951,3.3728373480037988,-15.051071605877208,0.0140748629535551
2008-07-14,8.1829,8.1829,7.6766,7.7237,53978,0,-3.960359105717337,7.94858,8.22693,9.22566,8.849405148908954,11.476763277950525,6.974556722049478,1.9636199055472323,13.163536574907797,82969.75,6.595367740926979,-5.6117024526757024,-14.521127072312357,-0.0404091537686156
2008-07-15,7.7048,7.7048,7.208,7.4799,73391,0,-3.1565182490257304,7.811719999999999,8.10227,9.056955,8.718976087108102,11.299952178565372,6.813957821434629,1.9368343043193057,13.413532958550562,81982.85,6.892341842397329,-2.9189596095940176,-14.285223170801586,-0.0320741009196281
2008-07-16,7.5361,7.7798,7.1798,7.7517,54123,0,3.6337384189628175,7.78546,8.00385,8.912090000000001,8.626854555002568,11.095606651642388,6.728573348357614,2.5028335296022304,13.383257087910463,81400.9,8.35677874035488,2.860896219529987,-11.266154603418087,0.0356927512361472
2008-07-17,7.8173,8.0236,7.4893,7.7798,77484,0,0.3625011287846647,7.755459999999999,7.92324,8.77383,8.546182692621372,10.870451724885712,6.67720827511429,2.537552513048816,18.308853912324835,82367.0,7.134178094080888,-0.4797052690826824,-9.38864883122329,0.0036184567697869
2008-07-18,7.686,8.0236,7.5643,7.836,40858,0,0.7223836088331437,7.71422,7.87356,8.63468,8.47854624570505,10.57959379606008,6.68976620393992,2.481609032710142,23.769129864451244,81614.15,6.0719432069061225,1.9516003122560543,-5.961981566820285,0.0071978691632973
2008-07-21,7.9486,8.061,7.7986,8.0329,31563,0,2.512761613067882,7.776059999999999,7.86232,8.510525,8.436103746114094,10.256634112012248,6.764415887987753,2.581556700346511,34.05223949232041,76921.3,3.364706485779492,1.0605641244999096,-1.3799368961241565,0.0248171083825744
2008-07-22,7.8455,8.3141,7.8173,8.2859,55613,0,3.149547485963966,7.937259999999999,7.87449,8.409769999999998,8.421798627436562,9.940087143738712,6.879452856261285,2.7814583386336813,40.695558680009896,77210.55,6.355135404807279,5.613408960550627,1.4906543200803537,0.0310096665681552
2008-07-23,8.2579,8.511,7.9672,8.2298,62149,0,-0.6770537901736762,8.03288,7.90917,8.32166,8.403513043871175,9.659179711453207,6.984140288546792,2.5043227316119516,42.33962913565371,77119.5,6.825484486394205,-0.3402802165199413,4.39934035265761,-0.0067935619759015
2008-07-24,8.3703,8.4641,7.9111,8.2954,53223,0,0.7971032102845887,8.136000000000001,7.94573,8.223180000000001,8.393216563502492,9.199500500870798,7.246859499129204,2.5063562984407204,49.1248596031449,76005.65,6.9901783569920735,-0.8948305317611019,4.610456758051917,0.0079394312430243
2008-07-25,8.4172,8.7641,8.211,8.3892,113618,0,1.1307471610772168,8.24664,7.98043,8.169284999999999,8.392834033645112,8.957332610837641,7.381237389162355,2.4960624135639957,55.96887083353728,76369.0,6.736085738643268,-0.3326521883761666,4.31473974783021,0.0112440200236557
2008-07-28,8.3421,8.6797,7.9298,8.1923,51645,0,-2.3470652744004283,8.27852,8.027289999999999,8.12711,8.37373555425034,8.80206766073808,7.45215233926192,2.2156060419979604,50.63256944757103,68931.05,9.456732830588416,-1.795710912120459,6.0670404080945595,-0.0237504756034367
2008-07-29,7.2736,7.4987,5.8584,6.28,556934,0,-23.3426510259634,7.877340000000001,7.907299999999999,8.004785,8.17433216813126,9.022235490247466,6.987334509752534,7.909829721507085,29.193707491822863,90891.7,27.999112385634316,-13.660360756709192,-16.041658310939976,-0.2658247082402587
2008-07-30,6.327,7.4799,6.327,6.7675,162468,0,7.762738853503182,7.58488,7.808879999999999,7.906364999999999,8.040348152118758,9.003715035360097,6.809014964639902,8.300260627967539,36.46253115609495,94324.45,18.221906116642955,6.962225383278017,-12.69656978469238,0.0747617620262118
2008-07-31,5.8021,6.7206,5.7832,6.7206,154266,0,-0.6930181012190562,7.269920000000001,7.70296,7.8131,7.914657851916972,8.982008158113718,6.644191841886282,8.287811304806668,34.36864266452194,96453.8,16.20901922810901,15.830475172782265,-13.614745880356816,-0.0069543062427073
2008-08-01,6.7206,6.7206,6.2051,6.6551,129465,0,-0.974615361723652,6.9231,7.58487,7.729215000000001,7.794699961258212,8.979081256887035,6.4793487431129675,8.263724364342107,36.55646135265702,101234.0,8.307682390291863,-0.9746153617236571,-15.070188871873412,-0.0097939582334123
2008-08-04,6.6363,6.8799,6.5239,6.7206,136859,0,0.9842076001863154,6.62876,7.45364,7.65798,7.6924047268526685,8.968903810223182,6.3470561897768185,8.199908103319126,39.99894628697876,104933.25,5.456858627508083,1.270286153428866,-16.336565872847906,0.0097939582334123
2008-08-05,6.7582,7.03,6.6926,6.9644,145642,0,3.6276522929500343,6.76564,7.32149,7.59799,7.62307094334289,8.921127769649564,6.274852230350437,8.23085366859046,39.553090416921016,104041.95,5.041388996802447,3.0511082832706924,-15.948780458369027,0.0356340222466946
2008-08-06,6.9175,6.9175,6.5988,6.6363,104094,0,-4.711102176784787,6.739400000000001,7.162139999999999,7.535655,7.529092758262615,8.918382914743194,6.152927085256806,8.291576867476312,35.94552739608173,106909.4,4.829665999878776,-4.065052403324902,-19.362560451043752,-0.0482568792473567
2008-08-07,6.7113,6.7206,6.5799,6.6176,177063,0,-0.2817835239515953,6.7188,6.99436,7.470045000000001,7.442283924142366,8.897820566138703,6.042269433861298,8.261331277963869,34.88562496898726,113754.8,2.1383303697624556,-1.3961527572899324,-20.22566723726403,-0.0028218128110859
2008-08-08,6.6551,7.0393,6.6551,6.9831,101642,0,5.5231503868471865,6.784400000000001,6.85375,7.41709,7.398552121843093,8.83403623587769,6.00014376412231,8.551143533257507,37.50000000000002,116803.9,5.773016183077638,4.928551036047547,-16.76083535974825,0.0537601778021222
2008-08-11,7.0111,7.0393,6.7956,6.8519,81293,0,-1.8788217267402871,6.81066,6.719710000000001,7.3735,7.346490015000894,8.804302299778751,5.942697700221248,8.546937649814264,32.41526462942073,118169.65,3.5861439755135613,-2.2706850565531833,-16.36170550394883,-0.0189669581776527
2008-08-12,6.8331,7.0861,6.8331,7.0487,94608,0,2.872196033217067,6.82752,6.7965800000000005,7.351940000000001,7.318129061191285,8.788973106456552,5.91490689354345,3.733014545413555,35.99962068229773,119230.5,3.7025654534545103,3.155229690769932,12.240445859872606,0.0283172165814762
2008-08-13,7.0393,7.1612,7.0393,7.1238,102943,0,1.0654446919290184,6.925020000000001,6.832210000000001,7.320545,7.29962153155402,8.748210122867462,5.892879877132539,2.94751594593831,36.14343835746049,121671.5,1.7317062776128327,1.2004034492066007,5.2648688585149594,0.010598088259855
2008-08-14,7.1238,7.5267,7.1238,7.4517,84386,0,4.602880485134331,7.0918399999999995,6.905320000000001,7.304140000000001,7.314105195215541,8.717049323123023,5.89123067687698,3.1663414378479104,39.49391487549588,122016.6,5.655689379263873,4.6028804851343335,10.878492991697165,0.0450009033623632
2008-08-15,7.5454,7.6766,7.1238,7.3674,84101,0,-1.131285478481414,7.168699999999999,6.9765500000000005,7.280709999999999,7.3191808909092995,8.671857429320413,5.889562570679586,3.178019347636715,40.51642868639489,124178.75,7.759903422330772,-2.3590531979749243,10.70306982614837,-0.0113773318676428
2008-08-18,7.3299,7.4799,6.955,7.0019,68287,0,-4.961044601894837,7.1987,7.004679999999999,7.22916,7.288963663203652,8.578735389598542,5.879584610401459,3.707307289315372,62.88049102522927,126014.95,7.547088425593095,-4.474822303169215,4.1856381870666315,-0.0508833216157134
2008-08-19,7.03,7.03,6.4487,6.5332,99678,0,-6.693897370713664,7.0956,6.96156,7.141525,7.216986171469971,8.428340183842632,5.854709816157366,4.142606430947533,45.79126998383331,128218.2,9.014219920294025,-7.066856330014229,-6.191488139681822,-0.0692846715998243
2008-08-20,6.5895,6.8425,6.5895,6.6644,104435,0,2.0082042490663143,7.0037199999999995,6.96437,7.063255,7.164358917044259,8.258533006816187,5.867976993183814,3.9340691249637745,49.020154822512026,130332.5,3.839441535776616,1.1366568024888006,0.4234287178096041,0.0198830578759295
2008-08-21,6.5988,6.7769,6.5706,6.5895,67501,0,-1.1238821199207605,6.83128,6.96156,6.97796,7.10961044875433,8.03894593154994,5.9169740684500605,3.9524166226496535,48.860002780481025,131046.4,3.1397437068152163,-0.1409347154027951,-0.4246252417794971,-0.0113024539709696
2008-08-22,6.5799,6.8894,6.5143,6.8143,95023,0,3.41148797329085,6.72066,6.94468,6.899215000000001,7.08148564411106,7.72742851245319,6.071001487546812,3.672737690453273,51.542894780174535,130116.65,5.758101407672347,3.5623641696682307,-2.417264538671937,0.0335458721710366
2008-08-25,6.7956,7.03,6.7956,6.8799,112586,0,0.9626814199551026,6.69626,6.9474800000000005,6.833595,7.0622870113385785,7.39561921178371,6.27157078821629,3.636690363835097,48.52184865129622,133163.7,3.4492907175231022,1.2405085643651748,0.408645777083727,0.0095807716830555
2008-08-26,6.9362,6.9831,6.8706,6.8988,57035,0,0.274713295251372,6.76938,6.93249,6.864534999999999,7.046716819782524,7.362747988801023,6.366322011198975,3.5072473436029794,55.148876073908426,108168.75,1.6374115797747026,-0.5392001384043247,-2.1266332798955956,0.0027433664792094
2008-08-27,6.8894,7.1894,6.8894,7.0861,51294,0,2.714964921435614,6.85372,6.92872,6.880465000000001,7.0504675988508545,7.385935458400205,6.374994541599797,3.6085334648055354,58.61942083379328,102610.05,4.354515632711118,2.85511074984759,-0.5292119374491144,0.0267876352427738
2008-08-28,7.1238,7.6299,7.0956,7.5454,76138,0,6.481703616940204,7.0449,6.93809,6.921705,7.097604018007916,7.501395263847448,6.342014736152553,3.910701005302064,59.99999999999999,98703.65,7.530018603077964,5.9181897302001705,1.2574311901982105,0.0628029873785536
2008-08-29,7.5361,7.6299,7.0956,7.1142,85228,0,-5.7147401065549825,7.10488,6.91277,6.944659999999999,7.099184587721448,7.516201087162868,6.37311891283713,4.329506075990857,54.21500883818096,96491.8,7.530018603077964,-5.598386433301044,-3.436761951298961,-0.0588453193464931
2008-09-02,7.255,7.6017,7.1331,7.208,44673,0,1.3184897810013751,7.1705,6.93338,6.969029999999999,7.109547960319405,7.541907942726618,6.3961520572733805,4.016634249394009,52.64749875353166,91882.5,6.569373764562397,-0.647829083390761,2.9434867678773013,0.0130987335960939
2008-09-03,7.208,7.4143,7.1424,7.1424,89241,0,-0.9100998890122058,7.21922,6.9943,6.977930000000001,7.112676726003271,7.55601211436343,6.3998478856365715,3.2260167645609217,50.31010336778927,89062.45,3.8068436379928254,-0.9100998890122072,9.32468009551215,-0.0091426659812913
2008-09-04,7.1238,7.1612,6.8143,6.8613,92172,0,-3.9356518817204367,7.174259999999999,7.01399,6.98918,7.088736085431531,7.547694980621356,6.430665019378645,3.540097291575985,40.00067746087664,88466.35,5.0907650088783845,-3.684831129453384,2.954504531540736,-0.0401519261674593
2008-09-05,6.8894,6.9926,6.7863,6.8799,66614,0,0.2710856543220785,7.04116,7.04303,7.002294999999999,7.068846934438052,7.535831469329687,6.4687585306703115,3.5029444398613774,41.55551706218604,82943.9,3.03994813079293,-0.1378929950358531,4.40701115410882,0.0027071887986128
2008-09-08,7.0861,7.3111,6.8894,7.2175,66847,0,4.907048067559128,7.06182,7.08335,7.014014999999999,7.083004369253476,7.5560070577195795,6.472022942280418,3.6696157297004417,53.77107675085707,81204.15,6.120997474380926,1.8543345422729032,5.916968727528871,0.0479045155990542
2008-09-09,7.208,7.3205,6.9831,6.9926,54231,0,-3.1160374090751675,7.018739999999999,7.094620000000001,7.02105,7.074394429324573,7.557809401162539,6.48429059883746,3.8515581563027927,58.7846106776809,79851.05,4.831665019833594,-2.988346281908987,1.638105205017526,-0.031656185526409
2008-09-10,7.1424,7.4143,6.8894,7.1894,50505,0,2.814403798301046,7.028139999999999,7.1236799999999985,7.028085,7.085347340817471,7.570033334204373,6.486136665795627,3.937666718165209,59.793314430682,77645.9,7.618950852033554,0.6580421146953364,4.2123267814692555,0.0277552719872813
2008-09-11,7.0768,7.1424,6.8613,7.0768,55817,0,-1.56619467549447,7.07124,7.122750000000001,7.025735,7.084533308358664,7.566341740129284,6.4851282598707165,3.90060778951055,58.96398219344396,75289.6,4.096891259673828,0.0,-0.1312428557316391,-0.0157858908839001
2008-09-12,7.0111,7.2925,6.8519,7.1798,49883,0,1.4554600949581609,7.131220000000001,7.08619,7.01214,7.09360632661022,7.520347932579144,6.503932067420855,3.250045022670073,57.03886299734238,73564.45,6.430333192253255,2.406184478897752,-4.845336231346242,0.0144496993870421
2008-09-15,7.1142,7.3205,6.805,6.8238,40586,0,-4.958355385943891,7.05248,7.05715,6.984960000000001,7.067910485980676,7.470822213085962,6.49909778691404,3.1200446417134904,49.028302213600305,71388.7,7.575312270389424,-4.081976891287846,-4.081976891287842,-0.0508550260826506
2008-09-16,6.7956,6.9737,6.327,6.9175,86290,0,1.3731352032591904,7.03746,7.0281,6.98074,7.05358567779204,7.467448093213505,6.494031906786495,3.123380434421356,50.31571838595308,72288.85,10.221273905484432,1.7938077579610352,-4.030244173140951,0.0136379312426272
2008-09-17,6.805,6.8988,6.0927,6.2426,115726,0,-9.756414889772314,6.8481000000000005,6.9381200000000005,6.966210000000001,6.976348946573751,7.521668812343501,6.410751187656501,4.318544697199596,37.77217245078426,73091.25,13.230587424294646,-8.264511388684781,-12.59800627240143,-0.1026576704123913
2008-09-18,6.4207,6.5332,6.0082,6.2239,176755,0,-0.299554672732516,6.677520000000001,6.87438,6.944185,6.9046871421381555,7.5792600781141,6.3091099218859,4.219338196100529,28.037227854412507,76707.25,8.738057987417188,-3.0650863613001644,-9.289784734671269,-0.0030000423575813
2008-09-19,6.402,6.8894,6.1301,6.552,249275,0,5.271614261154567,6.551960000000001,6.841590000000001,6.942310000000001,6.8710978905059505,7.581998904324059,6.302621095675943,4.646594890716628,40.32491223239484,85795.95,12.386421102429008,2.3430178069353245,-4.766057646186727,0.0513736266417969
2008-09-22,6.5239,6.5239,5.877,6.1864,138004,0,-5.579975579975571,6.42448,6.73848,6.910915,6.805888567600622,7.633339200430706,6.188490799569294,4.499995216900926,33.92295102606067,87945.0,11.007316658158931,-5.173285917932531,-14.286110148943544,-0.0574170122380795
2008-09-23,6.3082,6.4863,6.2614,6.3457,80531,0,2.5750032328979655,6.3101199999999995,6.6737899999999994,6.884205,6.762061084971991,7.649676582132318,6.1187334178676815,4.62215226395615,37.82139472316487,86342.25,3.5918484683936476,0.5944643479914974,-9.25120842033007,0.0254240838575643
2008-09-24,6.5143,6.5143,6.1394,6.1394,47235,0,-3.2510203760026446,6.28948,6.56879,6.846235,6.702760029260373,7.680871269407248,6.011598730592752,4.481188338349728,38.70654860611369,85852.25,6.106459914649644,-5.755031238966585,-14.604834895818842,-0.0330504006558062
2008-09-25,6.2989,6.4113,5.9989,6.4113,85690,0,4.428771541192944,6.32696,6.5022400000000005,6.812495,6.675001931235576,7.660750121689934,5.9642398783100665,4.853008887926413,43.20751435032178,87572.05,6.874593675507175,1.7844385527631816,-9.403967895093835,0.0433350409676713
2008-09-26,6.2426,6.3175,5.952,6.2144,67438,0,-3.071140018404994,6.25944,6.4057,6.745945000000001,6.6311350806417115,7.560262849426289,5.931627150573712,4.822586632365383,34.841478526309416,87137.05,6.140793010752687,-0.4517348540672156,-13.446056993231004,-0.0311928788073039
2008-09-29,5.9989,6.4487,5.6615,6.0082,81833,0,-3.3180998970133824,6.2238,6.32414,6.690644999999999,6.571807930104406,7.548706898085962,5.832583101914036,4.711971663528011,35.03951367781153,86967.3,13.904442285613344,0.155028421877353,-11.952284650781086,-0.0337439768189758
2008-09-30,5.8677,6.3175,5.8208,6.2708,91076,0,4.3706933857061925,6.20882,6.25947,6.643784999999999,6.5431405081897,7.485084744505356,5.802485255494643,4.978999762142755,36.3132487037368,89287.45,8.533191313908736,6.869812703444284,-9.348753162269608,0.0427787353564007
2008-10-01,6.2144,6.3082,5.6615,6.0082,79889,0,-4.187663456018365,6.18258,6.2360299999999995,6.5870750000000005,6.492193793124015,7.439688428477741,5.73446157152226,4.109251677340521,34.759541331507776,88819.85,11.422767817716151,-3.3180998970133873,-3.7548457373530297,-0.0427787353564007
2008-10-02,6.0458,6.0458,5.5115,5.5771,145086,0,-7.175193901667731,6.015740000000001,6.1713499999999994,6.522865,6.40504200330268,7.47602070556554,5.56970929443446,4.647938609613303,29.098307206760737,91465.55,9.694275605552027,-7.752489331436702,-10.392197818088343,-0.0744562748220146
2008-10-03,5.6427,5.7458,5.4928,5.5864,100062,0,0.1667533305840018,5.890140000000001,6.07479,6.45819,6.327076098226234,7.482241616503127,5.434138383496873,4.135436527585494,32.257972011929326,93137.95,4.60602971162249,-0.9977493044109976,-14.73748473748473,0.0016661445158649
2008-10-06,5.4647,5.4833,5.2304,5.4272,94817,0,-2.849778032364314,5.7739400000000005,5.99887,6.368675,6.241373612680879,7.425718357921434,5.311631642078566,3.921021454578964,29.025811354744263,94536.45,4.835194249005801,-0.6862224824784461,-12.272080693133326,-0.0289117253742963
2008-10-07,5.4833,5.5771,4.9678,4.9772,116237,0,-8.291568396226424,5.515219999999999,5.862019999999999,6.267905000000001,6.12097612575889,7.451227401189717,5.084582598810284,4.241642400111442,30.987439148987303,97636.75,12.264986513144637,-9.22984334251272,-21.56578470460312,-0.0865558632560531
2008-10-08,4.846,5.4177,4.7522,5.0147,126262,0,0.7534356666398789,5.31652,5.749550000000001,6.15917,6.015616494734234,7.384868536130797,4.933471463869202,4.33182012757745,31.93390306579812,101424.6,14.00404023399688,3.4812216260833737,-18.319379743948915,0.0075061151668551
2008-10-09,5.0428,5.6146,5.0428,5.3521,142772,0,6.728219036034044,5.27152,5.64363,6.072935,5.952424447616687,7.269129663395693,4.876740336604307,4.747232916691962,32.12253046872672,105772.35,11.33893868485763,6.133497263425089,-16.520830408809438,0.0651154081690643
2008-10-10,5.3802,5.5396,4.5835,5.5396,172768,0,3.5032977709684054,5.26216,5.57615,5.990925,5.913107833557955,7.088431382908913,4.893418617091086,4.983670189702724,39.8231480898735,111916.6,20.8596051052689,2.9627151407010848,-10.8586508753862,0.0344332887311669
2008-10-13,5.8303,6.0176,5.3802,6.0176,82167,0,8.62878186150624,5.380240000000001,5.57709,5.950615,5.923059468457198,6.976183300016869,4.925046699983131,5.74762130866632,45.30816530816531,113995.65,11.84714322887624,3.2125276572389,0.1564528477747018,0.0827662127475092
2008-10-14,6.2239,6.2239,5.4272,5.4739,87816,0,-9.035163520340328,5.47958,5.4974,5.878435,5.880282376223179,6.816988831055502,4.939881168944497,6.202971545139241,41.32084822243668,114071.95,14.679761202830196,-12.050322145278685,-12.708107418511194,-0.0946971664591486
2008-10-15,5.3898,5.5959,4.8366,4.8554,48292,0,-11.29907378651419,5.44772,5.3821200000000005,5.809075,5.782674530868591,6.835254825986967,4.782895174013033,6.9493611840783,31.390981939959342,110700.25,15.699044783525627,-9.915024676240302,-19.187110948370556,-0.1198998546359167
2008-10-16,4.9866,5.2678,4.846,5.2022,83622,0,7.142562919635864,5.41774,5.34463,5.75799,5.7273912422144395,6.798838627246819,4.717141372753182,7.208880433091906,38.31285793460189,106043.6,8.70408584399505,4.323587213732809,-6.722131573756962,0.0689901253997823
2008-10-17,5.0897,5.1928,4.7898,4.8554,230824,0,-6.6664103648456425,5.280900000000001,5.27153,5.67316,5.644344457241636,6.718075721406078,4.628244278593923,7.462751807843745,37.108029523596514,105121.05,8.41371247233706,-4.603414739572063,-13.08535013604468,-0.0689901253997824
2008-10-20,4.8273,5.1272,4.5835,4.8648,160624,0,0.1935988795979559,5.05034,5.21529,5.60708,5.570102127980528,6.68205675588065,4.53210324411935,7.447253078075371,33.332543031912365,106252.05,11.862114104941648,0.7768317693120304,-10.362617924528305,0.0019341171848932
2008-10-21,4.8178,5.0992,4.7992,4.8741,63017,0,0.1911692155895483,4.93038,5.204980000000001,5.5335,5.503816211030001,6.596999805260418,4.470000194739582,6.971354908598312,35.69680918148569,105376.35,6.251041840306715,1.1685831707418373,-2.0714457928152297,0.0019098671979144
2008-10-22,4.7054,4.771,4.6305,4.6772,54757,0,-4.039720153464232,4.8947400000000005,5.1712299999999995,5.460389999999999,5.425090857598573,6.549245957608958,4.3715340423910405,7.078817787833023,37.93796745570062,105752.45,3.0342295648418163,-0.5993114294215157,-6.730213173270593,-0.0412358317376509
2008-10-23,4.7054,4.7242,4.5086,4.6679,59961,0,-0.1988369109723664,4.7878799999999995,5.10281,5.37322,5.352977442589185,6.419866077213705,4.326573922786295,6.6207853703993,37.68865774870655,104466.0,4.781972230847698,-0.7969566880605187,-12.78376711944843,-0.001990348539909
2008-10-24,4.4617,4.7336,4.4617,4.5929,55436,0,-1.6067182244692502,4.73538,5.00814,5.292145,5.280589114723548,6.3153829410991005,4.268907058900899,6.415050233785123,38.55900825539618,103865.9,6.0940896967523495,2.940583185781199,-17.089681565455983,-0.016197658899618
2008-10-27,4.5273,4.7054,4.2461,4.2461,25455,0,-7.550784907139285,4.61164,4.830990000000001,5.20404,5.1820663418927335,6.270223652393451,4.137856347606549,5.505045003482247,39.68218126393633,101047.0,10.816984997998158,-6.211207563006651,-29.438646636532827,-0.0785107182628132
2008-10-28,4.4804,4.8554,4.2836,4.7617,67583,0,12.14290760933563,4.58916,4.7597700000000005,5.128585,5.142031452188664,6.08482430560211,4.17234569439789,6.935709851528904,46.8540164138274,99872.35,13.348585302082377,6.278457280599943,-13.010833226767026,0.1146038327584558
2008-10-29,4.7617,4.9491,4.5086,4.8178,34037,0,1.1781506604783942,4.61728,4.756010000000001,5.069065,5.111152266265933,5.939077922529244,4.199052077470756,5.96529320295003,42.85637885391876,97579.75,9.77021691877743,1.178150660478397,-0.7743955183919016,0.0117126449905171
2008-10-30,4.3117,5.1648,4.293,5.1553,98837,0,7.005272115903538,4.71476,4.751320000000001,5.047975,5.115356812335844,5.88599559483516,4.20995440516484,5.94736014582685,45.06003033652982,95267.3,20.307477288609352,19.56536864809705,-0.901541655453464,0.0677079193712322
2008-10-31,5.1272,5.7739,4.921,5.6615,34433,0,9.81902120148197,4.92848,4.83193,5.051730000000001,5.16737044925624,5.900512707547128,4.2029472924528735,6.155363125942099,45.45547359554863,91985.85,17.331843121316805,10.420892494929006,16.602133706800682,0.0936635630700659
2008-11-03,5.7083,6.1583,4.9022,4.9116,77933,0,-13.245606288086195,5.06158,4.83661,5.02595,5.143011358850884,5.857868382889167,4.1940316171108325,7.777442216844644,43.18275502533886,91141.65,25.62318958834809,-13.95686982113765,0.9620128268376992,-0.1420891204677366
2008-11-04,5.0521,5.2022,4.8554,4.9116,93905,0,0.0,5.091559999999999,4.84036,5.02267,5.120972181817466,5.855913898330324,4.189426101669675,7.778164130519425,50.80157462345961,90025.05,7.142562919635869,-2.781021753330304,0.7693728072874828,0.0
2008-11-05,4.846,5.1177,4.7992,4.8084,36040,0,-2.1011483019789945,5.0896799999999995,4.85348,5.012355,5.091203402596755,5.851103848865462,4.173606151134539,7.68013154758941,43.96382587369711,85513.95,6.6365227537923035,-0.7758976475443726,2.805097066621043,-0.0212353658562585
2008-11-06,4.7803,5.0241,4.6961,4.6961,100281,0,-2.3354962149571445,4.99784,4.8563,4.9795549999999995,5.05357450711135,5.813656724137996,4.145453275862003,7.732643002525872,47.369116432700245,83389.4,6.984519069014701,-1.7613957283015718,0.6041260524004333,-0.0236320114299862
2008-11-07,4.7428,4.7428,4.621,4.6586,37716,0,-0.7985349545367559,4.79726,4.862869999999999,4.935505000000001,5.015957887386459,5.73750915663674,4.133500843363262,7.714347405955441,46.625867260112585,76636.8,2.635793118372635,-1.7753225942481248,1.4304687670099403,-0.0080174032028588
2008-11-10,4.771,4.9397,4.143,4.218,94918,0,-9.457777014553724,4.65854,4.86006,4.845525,4.939961898111558,5.53181272506755,4.15923727493245,7.952923460385235,40.59192979437322,77274.35,19.230026550808603,-11.590861454621672,-0.6617837545041416,-0.099353891758534
2008-11-11,4.1899,4.2836,3.9368,3.9743,54636,0,-5.777619724988147,4.47108,4.78132,4.770545,4.84799409829141,5.494415350342316,4.046674649657684,6.919910423582078,40.05433398420919,75615.35,8.809185124974599,-5.145707534786029,-16.536111052775272,-0.0595124500867548
2008-11-12,3.9461,4.0399,3.7775,3.7961,38849,0,-4.483808469415996,4.26862,4.679150000000001,4.71758,4.747813707977942,5.560529859531189,3.87463014046881,6.901554210380137,38.22719170312753,75143.2,6.9463931171409765,-3.8012214591622087,-21.206774876499644,-0.0458744080496367
2008-11-13,3.7305,4.2649,3.5338,4.2649,76609,0,12.34951660915149,4.18238,4.59011,4.6707149999999995,4.701821926265757,5.50439009580643,3.8370399041935688,7.832347978473722,45.99648471828923,74792.55,20.68877695398721,14.325157485591737,-17.27154578783001,0.1164445100897228
2008-11-14,4.1993,4.5178,3.8056,3.8149,22265,0,-10.551243874416748,4.0136400000000005,4.40545,4.618689999999999,4.6173531713833045,5.53007945837745,3.707300541622548,7.150904244635786,44.866177731212495,64364.6,18.7145259617406,-9.153906603481529,-32.61679766846242,-0.1115042819368329
2008-11-17,3.7868,4.3305,3.7681,3.7681,36876,0,-1.226768722640181,3.923659999999999,4.291099999999999,4.563855,4.536471916965847,5.542392222969203,3.5853177770307973,6.3187004753258265,36.68382116436153,58177.2,14.925293914705016,-0.493820640118304,-23.28161902435052,-0.0123435564329933
2008-11-18,3.7868,4.0587,3.6275,3.7775,42226,0,0.2494625938802119,3.884300000000001,4.17769,4.509025,4.464188877254814,5.536056220506063,3.481993779493938,6.329878996830783,35.88121929372167,57137.65,11.886974500344593,-0.245589944016058,-23.09023536118576,0.0024915195246698
2008-11-19,3.7775,3.9743,3.3181,3.3462,67717,0,-11.41760423560555,3.79432,4.03147,4.442475,4.357713746087689,5.5891469310107205,3.295803068989279,6.935464055648028,26.056804044575017,57785.65,19.77637804767789,-11.417604235605554,-30.40928375343149,-0.1212370415233315
2008-11-20,3.3181,3.365,2.9057,2.9806,76205,0,-10.9258263104417,3.5374600000000003,3.85992,4.35811,4.226560055984099,5.671160404131123,3.045059595868877,7.317988673347909,13.147114617985864,58597.85,15.80686237395465,-10.171483680419517,-36.53031238687422,-0.1157007511088706
2008-11-21,3.0557,3.3181,2.9057,3.1776,76259,0,6.609407501845266,3.41,3.71182,4.287345,4.126659098271328,5.69617469644254,2.8785153035574607,8.04032721064479,21.890805343016467,59639.0,14.192793474894168,3.989265961972711,-31.790666723908465,0.064001572336161
2008-11-24,3.2057,3.9368,3.1588,3.9273,41990,0,23.59327794561934,3.44184,3.68275,4.271405,4.107672517483582,5.689383907830459,2.85342609216954,11.39543917671328,37.16387157351138,60465.75,24.62960617956186,22.509904233084804,-6.891891891891899,0.2118259720033096
2008-11-25,3.9836,4.3211,3.8337,4.1337,22035,0,5.25551905889543,3.51308,3.69869,4.240005,4.110151325342288,5.639968093460703,2.8400419065392972,11.324800790917571,41.431945749625385,58188.35,12.713566528419037,3.767948589215788,4.010769192058983,0.0512207228138041
2008-11-26,4.0117,4.6305,3.7681,4.5835,48462,0,10.88129278854295,3.76054,3.77743,4.228289999999999,4.155232151500166,5.611718698483916,2.844861301516083,11.546540600390548,48.682979320669965,58909.6,22.886866059817933,14.25330907096741,20.742340823476724,0.1032900087338631
2008-11-28,4.6398,4.8273,4.4617,4.7617,5157,0,3.887858623322793,4.11676,3.82711,4.20861,4.212990994214436,5.546978112213117,2.870241887786883,11.042075926155391,51.16747820178915,54225.6,8.194186072573228,2.627268416742103,11.648573237356109,0.0381418489204486
2008-12-01,4.6491,4.6491,3.7587,3.8056,72735,0,-20.07896339542601,4.242360000000001,3.82618,4.115815,4.174191851908299,5.275456340696364,2.956173659303636,12.522296259412636,45.81829243561144,56140.7,23.689041423896548,-18.143296552020814,-0.2437809641143928,-0.2241310812042072
2008-12-02,3.8712,4.2461,3.6743,4.2367,45450,0,11.328042884170683,4.30424,3.873040000000001,4.08207,4.180145008869413,5.181946844971605,2.982193155028395,12.932235393849789,52.563301031572365,54516.55,15.562147892115508,9.441516842322793,12.435975690666387,0.1073109981869807
2008-12-03,4.1055,4.6866,4.1055,4.6398,20635,0,9.51448060990867,4.405460000000001,3.95927,4.068479999999999,4.223921674691374,5.131292759862123,3.0056672401378757,13.128204084301148,57.89493384238205,50853.05,14.154183412495437,13.014249177932042,22.82726671078756,0.0908865975379923
2008-12-04,4.5554,4.5929,4.3305,4.3586,22042,0,-6.060606060606066,4.360480000000001,4.06051,4.045990000000001,4.236748181863624,5.060830830454375,3.031149169545627,12.578439636628138,50.90870298892488,50153.15,6.059346495785716,-4.3201475172322885,30.255214870599477,-0.062520356981334
2008-12-05,4.2742,4.9304,4.2742,4.9304,19584,0,13.11889138714266,4.39422,4.25549,4.057705,4.302810259781374,5.108902541603438,3.0065074583965625,11.810284769515771,60.56845097110374,46118.3,15.35258059987832,15.35258059987832,65.41635912232435,0.1232692157863226
2008-12-08,4.921,5.4177,4.5929,5.3616,78568,0,8.74574071069285,4.70542,4.47389,4.092855,4.403647377897434,5.2683221375555815,2.9173878624444187,11.84572248541595,64.07213126335682,48160.9,17.958152801062504,8.953464742938424,68.7311178247734,0.0838423173350126
2008-12-09,5.2865,5.2865,4.0117,4.0211,59852,0,-25.00186511489109,4.6623,4.48327,4.08301,4.367214294288154,5.257361622945707,2.908658377054292,13.66315770098682,51.741741741741734,46407.6,31.77705212254156,-23.93644188026105,2.388409339749953,-0.2877069409595475
2008-12-10,4.0773,5.0616,4.0773,4.9772,40091,0,23.77707592449827,4.72978,4.56762,4.1331549999999995,4.425308171022616,5.371847069928879,2.89446293007112,15.422301810851224,60.84758839022054,45680.35,24.14097564564786,22.07097834351163,20.405447903814977,0.2133119868779776
2008-12-11,4.9022,4.9022,4.0681,4.1148,23831,0,-17.32701117093949,4.681019999999999,4.5207500000000005,4.149089999999999,4.395735964258558,5.377683809626298,2.920496190373701,16.37328406229347,57.07583659820827,44929.45,20.50342911924484,-16.06217616580311,-10.225809970546528,-0.1902772536446012
2008-12-12,4.0024,4.6679,4.0024,4.6679,20677,0,13.441722562457482,4.62852,4.51137,4.16924,4.421656348614886,5.41887021629325,2.9196097837067505,16.883783396772603,58.90188395235763,42132.85,16.627523485908473,16.627523485908473,-1.969884705042313,0.1261190614693793
2008-12-15,4.6866,4.6866,4.2742,4.4617,23186,0,-4.417403971807454,4.4485399999999995,4.57698,4.201580000000001,4.4254700296991825,5.446066194717136,2.9570938052828657,15.353215475832943,53.41373671300082,42178.9,9.64858920967666,-4.798788033969186,17.240382594071903,-0.0451794324181367
2008-12-16,4.546,4.7617,3.918,4.7522,34463,0,6.510971154492684,4.59476,4.62853,4.2507850000000005,4.456587169727832,5.500913229675264,3.0006567703247367,15.126744893801444,53.90896565671887,42058.25,21.533945890760595,4.53585569731632,12.167488847452024,0.0630778093907951
2008-12-17,4.6866,5.0147,4.6491,5.0054,28778,0,5.328058583392936,4.6004000000000005,4.66509,4.31218,4.508855058325181,5.584844506334502,3.0395154936654976,14.959757377995835,52.734390190156454,41385.85,7.863887634165765,6.802372722229324,7.879649984913128,0.0519096609368887
2008-12-18,5.1272,5.1272,4.6586,4.6866,22835,0,-6.36912134894313,4.71476,4.69789,4.3792,4.525783148008497,5.576626658340584,3.181773341659416,14.97810289259838,49.52197879138926,39141.75,10.058815953290695,-8.593384303323448,7.525352177304656,-0.0658099567914948
2008-12-19,4.9022,5.1366,4.7803,4.921,82277,0,5.001493620108399,4.76538,4.69695,4.4762200000000005,4.563422848198163,5.498076209062429,3.454363790937572,14.507936160126622,57.81793203992375,39445.35,7.453507102064706,0.3835012851372974,-0.1906539023202813,0.0488043890216716
2008-12-22,4.9491,4.9772,4.2649,4.4617,39550,0,-9.333468807153013,4.76538,4.60696,4.540425,4.553734957893576,5.360085304156524,3.720764695843476,14.557541247081035,51.57083414783993,37609.9,16.701446692771224,-9.848255238326145,-16.78416890480453,-0.0979819025578606
2008-12-23,4.5649,4.5649,4.0681,4.1617,31781,0,-6.723894479682646,4.64728,4.621020000000001,4.552145,4.516398295237045,5.341017280970532,3.7632727190294686,12.132032556726822,46.613399067817014,37099.45,12.212089181681852,-8.832614076978686,3.4965556688468347,-0.0696062146828967
2008-12-24,4.1804,4.218,4.0117,4.1243,10332,0,-0.8986712160895749,4.4710600000000005,4.53573,4.551675,4.479055600452565,5.341607471130797,3.761742528869203,9.116808572107429,48.280972574799335,36514.3,5.142458309444866,-1.3419768443211133,-17.136140802057387,-0.0090273362262964
2008-12-26,4.1617,4.218,3.8899,4.1337,28577,0,0.2279174647819015,4.36048,4.5376199999999995,4.529185,4.446164590885654,5.340621995056798,3.7177480049432017,7.218594449633057,43.628948420631744,35520.05,8.434664130183297,-0.6728019799601024,0.4593175853018438,0.0022765812690426
2008-12-29,4.0962,4.1337,3.8994,3.8994,20391,0,-5.6680455766020765,4.15616,4.46077,4.48607,4.3940917727060675,5.336200682461582,3.635939317538418,5.720131275750749,37.926877600898344,36281.75,6.008616710263122,-4.804452907572864,-16.463506073394896,-0.0583501945396089
2008-12-30,4.0211,4.218,3.7587,4.1711,23795,0,6.967738626455344,4.09804,4.431710000000001,4.504345,4.3728544610197755,5.307289254406025,3.7014007455939746,6.216148035921394,51.503970482072674,33834.75,12.219650411046368,3.7303225485563742,-6.513212452652583,0.0673570948471211
2008-12-31,4.1993,4.8741,4.1711,4.7992,47815,0,15.058377885929364,4.2255400000000005,4.43641,4.53247,4.413458798065511,5.335346777856036,3.729593222143964,7.697723958306697,48.08963681634756,33953.0,16.85406727242215,14.285714285714285,0.9890156138209648,0.1402694473634039
2009-01-02,4.8084,4.8084,4.4993,4.5742,40241,0,-4.6882813802300305,4.31552,4.3932899999999995,4.529190000000001,4.428767483964034,5.330755483813734,3.727624516186268,7.630684820772432,55.71194111503457,34933.3,6.8699575489520575,-4.870643041344304,-8.614696128181553,-0.0480174173076244
2009-01-05,4.5649,4.7898,4.4993,4.7898,24381,0,4.713392505793346,4.44674,4.40361,4.55075,4.463151533110317,5.356182772848476,3.7453172271515234,7.510418362809774,51.65449659328428,35050.25,6.456559909319222,4.926723476965539,2.202022788375358,0.0460568368485492
2009-01-06,4.8366,5.0428,4.621,4.9491,41308,0,3.3258173618940345,4.65668,4.40642,4.551685000000001,4.509432339480763,5.359014631432486,3.744355368567516,7.416073882026231,56.70057739895517,36136.45,9.127894395152548,2.326014142165981,0.5710221499695134,0.0327170849701803
2009-01-07,4.9397,4.9866,4.6305,4.9678,59321,0,0.377846477137278,4.81602,4.4570300000000005,4.531995,4.553086402387357,5.272605821800397,3.7913841781996034,6.606325859110175,53.203375728039944,35174.1,7.690314220926478,0.5688604571127849,11.3432099872246,0.0037713443040122
2009-01-08,4.9304,5.0616,4.546,5.0616,48942,0,1.8881597487821589,4.8685,4.54702,4.584020000000001,4.601516268826656,5.319687486672347,3.8483525133276544,5.980229796299282,50.876536277996145,34628.6,11.341838979322482,2.6610417004705633,21.623375063075212,0.018705552678674
2009-01-09,5.0334,5.1084,4.7242,4.9116,31951,0,-2.9634898055950765,4.93598,4.62575,4.5807400000000005,4.631048052747927,5.309579678854769,3.8519003211452314,6.130203305602981,53.704313467237405,34221.6,8.132593878328603,-2.4198354988675717,19.089300002424658,-0.0300828845463169
2009-01-12,4.9022,4.921,4.6772,4.771,21487,0,-2.8626109618047124,4.932219999999999,4.6894800000000005,4.61355,4.644376809629077,5.312542271623165,3.9145577283768342,6.300740651125792,47.45175319380266,34104.4,5.212520311297363,-2.6763493941495606,15.41718073396714,-0.0290438277702506
2009-01-13,4.621,4.9585,4.621,4.7803,16245,0,0.1949276881157091,4.89846,4.77757,4.61917,4.657321875378689,5.32180015381641,3.9165398461835914,5.8006866054744135,56.389379111182414,33882.8,7.3036139363773955,3.447305777970136,22.590654972559896,0.0019473795062499
2009-01-14,4.6398,5.0992,4.546,4.846,99581,0,1.37439072861536,4.8741,4.84506,4.6383849999999995,4.675291220580719,5.3438962525489035,3.932873747451095,5.554444852384972,65.14675284430476,37702.55,12.168939727232718,4.444157075736022,16.180384071348097,0.0136503163541141
2009-01-15,4.8554,5.1272,4.5554,4.996,44067,0,3.0953363598844374,4.86098,4.86474,4.650575000000001,4.705834913858745,5.372598008453528,3.928551991546474,3.0815716907281887,68.3786632932743,38182.75,12.552135926592628,2.8957449437739435,4.100683447241216,0.0304839698689972
2009-01-16,5.0616,5.0897,4.8648,5.0897,21696,0,1.8755004003202511,4.8966,4.91629,4.65479,4.742393493491246,5.386454501487043,3.923125498512958,2.5131870415169395,69.46412574313868,37828.65,4.623006084525569,0.5551604235814632,11.269730226050443,0.0185812974658561
2009-01-20,4.8648,5.0616,4.7054,4.8741,43389,0,-4.236006051437203,4.91722,4.924720000000001,4.664165,4.754936970301603,5.402321831930556,3.926008168069443,2.6726319853049865,69.99712773378197,38856.35,7.570025927657591,0.191169215589552,1.759989978704768,-0.0432834177075099
2009-01-21,4.7803,5.0992,4.4993,5.0241,42633,0,3.0774912291499756,4.96598,4.93222,4.66932,4.780571544558594,5.4164148889211265,3.922225111078873,2.641404945457732,68.42014338775158,36874.15,13.33318516213633,5.100098320189096,1.515427047341955,0.0303108614047276
2009-01-22,4.8648,5.1084,4.8648,4.921,20896,0,-2.052108835413302,4.98098,4.92754,4.692285,4.793945683172061,5.440743782115459,3.943826217884541,2.731632604793667,53.40147453083111,35941.45,5.007400098667978,1.1552376253905705,-0.9420669109062364,-0.0207345715425639
2009-01-23,4.6961,4.9397,4.6398,4.6961,34896,0,-4.570209307051409,4.921,4.89099,4.719005,4.784627046679484,5.4246394736621735,4.013370526337827,2.972486732210975,53.40445735351617,36097.2,6.463640674166991,0.0,-7.221036826299987,-0.0467793848658654
2009-01-26,4.7242,5.0054,4.5086,4.9397,40132,0,5.187283064670689,4.891,4.893800000000001,4.759774999999999,4.799395899376676,5.413011225104604,4.1065387748953945,3.3751240581483484,54.1219820711654,37587.2,11.018941578316982,4.561618898437841,0.5721149930776104,0.0505722235928512
2009-01-27,4.9397,5.0241,4.6398,4.8178,110324,0,-2.467761200072882,4.87974,4.89848,4.7939799999999995,4.801148670864611,5.377058182353175,4.210901817646824,3.338617010415631,46.31366163175924,41674.55,8.282684598474065,-2.4677612000728812,0.9809264305177255,-0.0249872082801679
2009-01-28,4.8178,4.9304,4.5929,4.9304,22961,0,2.337166341483665,4.861,4.91349,4.84553,4.813458321258458,5.250783600132674,4.440276399867326,3.4099380175335208,49.00256027309578,41803.05,7.34829846066754,2.3371663414836563,3.1399702947513486,0.0231027283352372
2009-01-29,4.8366,4.8834,4.6023,4.6866,52162,0,-4.944832062307302,4.814120000000001,4.89755,4.871305,4.8013765763767,5.137747721996124,4.604862278003877,3.768211155846383,40.73982615566968,43221.4,6.107815657388705,-3.101352189554635,-3.289310771770526,-0.0507127478037266
2009-01-30,4.7147,4.7617,4.5273,4.5835,50614,0,-2.19988904536339,4.7916,4.8563,4.86052,4.780626426245585,5.155215901065326,4.565824098934675,3.611582437072128,41.70584963850547,43361.35,5.1774788505290115,-2.7827857551912056,-8.256605284227392,-0.0222444744424764
2009-02-02,4.4993,4.9678,4.4993,4.8741,33508,0,6.340133086069599,4.77848,4.834740000000001,4.875515,4.789528671365053,5.137581775539262,4.613448224460738,4.2060238380904345,52.42257624888389,43024.7,10.41273086924634,8.330184695397072,-4.236006051437203,0.061472573601984
2009-02-03,4.921,4.921,4.6961,4.8554,38367,0,-0.3836605732340348,4.786,4.83287,4.878795,4.795802131235048,5.137970863681845,4.619619136318155,3.981260267979597,51.756889533523605,43724.0,4.789080300675025,-1.333062385693962,-0.3836605732340348,-0.0038439843828078
2009-02-04,4.846,5.2304,4.6961,5.2304,50682,0,7.723359558429799,4.846000000000001,4.8535,4.89286,4.837192404450757,5.195060493920438,4.590659506079562,4.5992043858533656,57.85579988555548,44192.7,11.377526032239516,7.932315311597199,4.1062080770685405,0.0743962693489396
2009-02-05,4.8929,4.9304,4.2555,4.7336,136371,0,-9.498317528296118,4.8554,4.83476,4.88115,4.827326461169733,5.189216865604938,4.573083134395062,5.56014758214027,45.30321472041239,48045.2,15.85947597227118,-3.2557379059453497,-3.808169071326972,-0.0998017446074619
2009-02-06,4.7147,4.9585,4.6116,4.8554,42839,0,2.5730944735507855,4.90978,4.85069,4.870839999999999,4.83000013153452,5.167052799750926,4.574627200249073,5.399659423473205,45.84795321637428,47740.05,7.52233498135137,2.9842831993552235,3.3921764868720894,0.0254054752585222
2009-02-09,4.8178,4.9678,4.1804,4.4055,67947,0,-9.26597190756684,4.81606,4.79727,4.845535,4.789571547578852,5.206483366477254,4.484586633522746,5.906277373950571,42.332613390928714,49539.85,18.83551813223617,-8.557847980405997,-10.814421928457197,-0.0972377273142221
2009-02-10,4.3492,4.5835,4.0399,4.0399,43132,0,-8.298717512200648,4.65296,4.71948,4.80898,4.7181742573332475,5.31900881487171,4.29895118512829,6.3414223277163435,34.957510545943634,50622.1,13.455778608381388,-7.111652717741182,-16.14637386358918,-0.0866338211331836
2009-02-11,3.7493,4.4617,3.6462,4.143,83073,0,2.5520433674100618,4.43548,4.64074,4.777115,4.663395756634843,5.367924233704941,4.186305766295059,6.356447908081011,38.109066454728854,53963.5,22.365750644506623,10.500626783666284,-15.970306668830114,0.0252002239038009
2009-02-12,4.2555,4.5929,4.218,4.3773,31881,0,5.655322230267923,4.36422,4.60981,4.753680000000001,4.6361485417172394,5.369632283182177,4.1377277168178255,6.604621033328008,45.141428919775656,50578.5,8.888098624940735,2.8621783574198183,-6.599667136090137,0.0550119328606846
2009-02-13,4.3961,4.8929,4.1804,4.7522,47364,0,8.564640303383374,4.34358,4.62668,4.741490000000001,4.647201061553693,5.346808195227209,4.136171804772792,7.148074857144628,47.25242519269658,50743.35,17.04382355755431,8.100361684220116,3.6805934329660728,0.0821755727608263
2009-02-17,4.4993,4.5367,4.0211,4.0867,61453,0,-14.004040233996884,4.27982,4.5479400000000005,4.69134,4.593820008072389,5.339843921669325,4.042836078330676,8.155708110945616,40.758904871451335,52731.2,12.822362040237747,-9.170315382392804,-16.154777292218046,-0.1508698703032333
2009-02-18,4.1337,4.1337,3.8805,4.0399,23661,0,-1.1451782611887396,4.27982,4.4663900000000005,4.64963,4.541065721589304,5.3535776239484,3.9456823760516,8.148319204952616,38.55369032622948,51744.8,6.524932354078085,-2.2691535428308747,-16.79573258639865,-0.0115178592220787
2009-02-19,4.1243,4.1243,3.9087,3.9836,34913,0,-1.3935988514567232,4.24794,4.34171,4.597605,4.487973748104609,5.337884021293904,3.8573259787060943,7.482742207924566,40.50615816767502,51358.8,5.515900427252022,-3.411488010086556,-23.83756500458857,-0.0140340061161162
2009-02-20,3.8994,4.4711,3.7212,3.993,55398,0,0.2359674666131184,4.171080000000001,4.267650000000001,4.5512049999999995,4.440833391142265,5.321845959406668,3.780564040593331,7.0829768777545805,41.81838335134536,53083.9,20.152101472643228,2.4003692875827025,-15.645597431130644,0.0023568950057368
2009-02-23,4.0492,4.0492,3.5149,3.5338,51759,0,-11.500125219133484,3.9274,4.13549,4.4930900000000005,4.354449258652525,5.383688483339017,3.602491516660984,7.575228734515284,32.25849151510337,53927.05,15.20100145096589,-12.7284401857157,-27.2191786464555,-0.1221690488806716
2009-02-24,3.6181,3.7961,3.6181,3.7305,56975,0,5.566245967513739,3.85616,4.06799,4.4326300000000005,4.295025519733237,5.35902785269242,3.506232147307581,7.633416863053347,35.77983970874523,54769.2,4.9197092396561715,3.1066029131312027,-15.321756894790594,0.0541684937290194
2009-02-25,3.7493,3.7868,3.4775,3.5618,40381,0,-4.522182013134978,3.76054,4.02018,4.36983,4.225194517853881,5.354729014005454,3.3849309859945462,7.340718391733839,27.746065617498004,51272.05,8.894320632638388,-5.000933507588083,-11.834451347805652,-0.0462762378696638
2009-02-26,3.59,3.59,3.2806,3.3931,37576,0,-4.736369251502048,3.64244,3.94519,4.292965,4.145947420915416,5.332116680888877,3.2538133191111225,7.310722133940554,30.407202782893393,52002.8,9.431201609461674,-5.484679665738158,-18.10041033067825,-0.0485220772487135
2009-02-27,3.337,3.6087,3.3275,3.4026,18354,0,0.279979959329224,3.52436,3.84772,4.228765,4.075152428447281,5.322728392584611,3.1348016074153895,6.893231481595092,28.045094601946445,50312.4,8.450788880540937,1.9658375786634663,-22.267150983482964,0.0027958874548455
2009-03-02,3.337,3.365,2.8683,2.915,138590,0,-14.330218068535828,3.4006,3.664,4.14534,3.964661720976112,5.371848736896583,2.918831263103417,6.695764396356893,27.729133670023614,54711.2,17.31687759299934,-12.64608930176806,-38.6599890576996,-0.1546700254634445
2009-03-03,3.1494,3.2713,2.6715,2.6995,53909,0,-7.3927958833619245,3.1944000000000004,3.52528,4.03661,3.844170128502197,5.371837589352415,2.701382410647585,5.943218170072046,29.031349727801768,55731.25,22.451806101441143,-14.28526068457484,-33.944258203440434,-0.0768032491262511
2009-03-04,2.7745,2.8683,2.6245,2.7745,40265,0,2.7782922763474716,3.03694,3.39874,3.932564999999999,3.7422967829305582,5.322336109173801,2.5427938908261987,6.265596777965903,28.40188125374831,55826.15,9.28938845494381,0.0,-31.322557489046755,0.0274039801076142
2009-03-05,2.6715,2.812,2.6715,2.6715,34361,0,-3.7123806091187705,2.89262,3.26753,3.804620000000001,3.640316136937172,5.16209160730198,2.447148392698022,6.221673287125065,21.91451527924133,55010.1,5.259217667976786,0.0,-32.93754393011346,-0.03783043836813
2009-03-06,2.7089,2.887,2.6245,2.8776,43555,0,7.714766984839994,2.7876200000000004,3.15599,3.71182,3.5676765048479178,5.055584466516779,2.368055533483222,7.134374933692094,17.318688981868917,50369.3,10.00190512478568,6.227620067185954,-27.93388429752065,0.0743165009835883
2009-03-09,2.8307,2.9994,2.7464,2.7651,20505,0,-3.9095079232693952,2.75764,3.07912,3.6073049999999993,3.491240647243354,4.900780514751862,2.313829485248137,6.503730784722282,21.455723542116644,49252.6,9.21205942324498,-2.3174479810647655,-21.75278736770615,-0.0398798127136859
2009-03-10,2.8683,3.0463,2.7557,2.812,69935,0,1.6961411883837707,2.7801400000000003,2.98727,3.52763,3.426551061791606,4.810353868385458,2.2449061316145418,6.0905183478643465,23.4806271867306,49352.0,10.545414958086871,-1.9628351288219583,-24.621364428360813,0.0168191732628271
2009-03-11,2.8307,2.9057,2.6527,2.662,47402,0,-5.334281650071116,2.75764,2.89729,3.458735,3.3537366749543103,4.773230845361681,2.144239154638319,6.124118774822297,22.56725340418467,49565.5,9.53745240698157,-5.959656622036962,-25.26250772081532,-0.0548182539754984
2009-03-12,2.6715,3.0744,2.6715,3.0182,50837,0,13.380916604057113,2.82698,2.8598,3.4024950000000005,3.321780801149138,4.689688237813625,2.1153017621863763,7.880881479976621,32.31238205835392,47953.7,15.081414935429526,12.977727868238825,-11.04889334237128,0.1255829072293933
2009-03-13,3.0276,3.1213,2.6807,3.1213,14476,0,3.4159432774501397,2.8757200000000003,2.83167,3.3396950000000003,3.302687391515887,4.546697776737514,2.1326922232624863,7.993879797040968,41.40445926234633,47083.45,16.436005520946033,3.0948606156691807,-8.267207429612643,0.0335889545042941
2009-03-16,3.2619,3.3088,2.9432,3.215,34593,0,3.001954313907662,2.9657,2.86167,3.262835,3.2943362113715167,4.270416143708699,2.2552538562913003,6.398524381779023,38.776398867842374,46444.9,12.421853764609953,-1.437812317974185,10.291595197255576,0.0295777759829754
2009-03-17,3.1962,3.2994,2.9057,3.112,31641,0,-3.2037325038880127,3.0257,2.90292,3.2140999999999997,3.2769708579075627,4.14528933797447,2.28291066202553,5.893257274459202,39.918414918414925,44954.3,13.5492308221771,-2.63437832426006,15.280607519911094,-0.0325617513734374
2009-03-18,3.1026,3.2244,2.9994,3.14,40899,0,0.8997429305912519,3.1213,2.93947,3.1691049999999996,3.2639260142973185,4.015377780397397,2.3228322196026023,5.880843138752215,43.9452657767571,45816.2,7.501500300060014,1.205440598207965,13.17354478284376,0.0089571936040167
2009-03-19,3.0182,3.1682,2.962,3.14,30766,0,0.0,3.1456600000000003,2.98632,3.126925,3.252123536745193,3.8813792311111666,2.3724707688888333,5.634631805853996,43.689320388349515,45608.85,6.961512491559755,4.035517858326151,17.53696425229272,0.0
2009-03-20,3.1588,3.1588,2.9338,2.9338,62538,0,-6.566878980891722,3.1081600000000003,2.9919400000000005,3.0739650000000003,3.221807009436127,3.71218980208735,2.4357401979126507,5.767723728655092,50.52245442418853,45965.85,7.669234439975446,-7.122958085348856,1.9530164025576944,-0.0679242888486366
2009-03-23,3.0182,3.7399,2.9994,3.7399,53015,0,27.476310586952057,3.21314,3.08942,3.08427,3.2711491990136388,3.759348023092586,2.409191976907414,10.10685952303096,71.76751192568415,46028.65,24.688270987530835,23.911602942150942,35.253697877111144,0.2427603620295348
2009-03-24,3.6556,3.6743,3.4119,3.4119,12421,0,-8.770287975614321,3.27312,3.14941,3.06834,3.284554037202816,3.6923123354186926,2.4443676645813075,10.82794401670345,62.05917965793855,43800.95,7.690729505554089,-6.666484298063245,21.3335704125178,-0.0917895522246888
2009-03-25,3.365,3.6556,3.3181,3.6556,56941,0,7.142647791553092,3.37624,3.2487700000000004,3.07303,3.319891747945405,3.7138031550322337,2.4322568449677666,10.549132294722238,67.67738458774924,44628.95,10.171483680419527,8.635958395245169,37.3253193087904,0.068990917539538
2009-03-26,3.7118,4.4617,3.7118,4.2273,66235,0,15.63901958638798,3.5936999999999997,3.36968,3.1147400000000003,3.406311581474414,3.928490714188038,2.3009892858119625,10.801073783147302,71.42993236162712,46061.9,20.20313594482462,13.888140524812744,40.06030084156118,0.1453032529711219
2009-03-27,4.2461,4.3586,3.8525,3.9461,24764,0,-6.652000094623034,3.796159999999999,3.45216,3.141915,3.4577200022863748,4.029125889959424,2.2547041100405756,11.308859409877243,67.79793839291096,46382.4,13.136924075275791,-7.065306987588617,26.424887066286473,-0.0688357419891129
2009-03-30,3.918,3.9273,3.5994,3.6462,29019,0,-7.599908770684982,3.77742,3.4952799999999997,3.1784749999999997,3.475670478259101,4.086336605207513,2.2706133947924867,11.784830182167722,61.68085583062619,40903.85,9.109851641940311,-6.9372128637059784,13.41213063763609,-0.0790422200106912
2009-03-31,3.5712,3.6556,3.3931,3.5618,38969,0,-2.314738632000435,3.8074,3.54026,3.22159,3.4838732898534723,4.115470156573142,2.327709843426858,11.74587315151773,62.83521625014265,40156.85,7.73628834988654,-0.2632168458781445,14.453727506426729,-0.0234194943274591
2009-04-01,3.5244,3.6087,3.4212,3.5994,25789,0,1.05564602167445,3.79616,3.5862000000000003,3.262835,3.494875833676951,4.145913486765989,2.3797565132340113,11.744463928556655,59.11943764513903,39433.05,5.480533146264469,2.1280217909431443,14.63057324840764,0.0105011298451972
2009-04-02,3.7587,4.3398,3.7493,4.3211,59598,0,20.05056398288605,3.81492,3.70431,3.3453150000000003,3.5735638495172415,4.301003771790143,2.3896262282098584,13.018700120999975,65.76526857983812,40694.9,15.74960659323075,14.96262005480619,37.614649681528675,0.1827428345680612
2009-04-03,4.2836,4.2836,4.0306,4.1523,15109,0,-3.9064127189835984,3.85616,3.82616,3.4090499999999997,3.628681578134647,4.4026711657629205,2.415428834237079,12.8054273640727,62.07767440661806,39272.6,6.276981094626113,-3.0651788215519544,41.533165178267105,-0.0398476018843976
2009-04-06,4.0867,4.143,4.0211,4.1055,24344,0,-1.1270861931941378,3.94802,3.86272,3.47607,3.6740928564075377,4.467627174294135,2.484512825705865,9.895441135767152,62.98998457153317,39464.55,3.0315087911268095,0.4600288741527321,9.775662450867673,-0.0113348594219225
2009-04-07,4.0399,4.1523,3.8617,3.8617,35680,0,-5.938375350140057,4.008000000000001,3.9077,3.528555,3.691960203416344,4.4825228654520926,2.574587134547907,9.60998399615568,58.932151785935304,37751.8,7.525183209467344,-4.411000272283976,13.18327031859081,-0.0612200371361986
2009-04-08,3.8994,4.0306,3.8994,3.9743,14241,0,2.9158142786855468,4.082980000000001,3.93957,3.5941699999999996,3.7188497078528826,4.474890308311961,2.713449691688038,9.432127577761282,60.045755568934375,36093.75,3.36462019797917,1.920808329486587,8.718131086552127,0.0287411309393201
2009-04-09,4.0867,4.218,4.0867,4.1993,21805,0,5.661374330070701,4.05862,3.93677,3.653225,3.76460687853356,4.529715040475112,2.776734959524888,8.181231950352748,65.16913192529907,34642.15,3.2128612327794923,2.7552793207233117,-0.662361318099014,0.0550692127623956
2009-04-13,4.1711,4.2273,4.1711,4.1804,16972,0,-0.4500750125020936,4.06424,3.960199999999999,3.70618,3.8042062234351257,4.575299323404571,2.8370606765954287,7.830422208734985,56.50837741201501,34766.95,1.3473664021481044,0.2229627676152487,5.937507919211371,-0.0045109089940121
2009-04-14,4.1711,4.293,4.1711,4.1711,26682,0,-0.2224667495933308,4.07736,4.01269,3.753985,3.839148487869876,4.614485019327477,2.8934849806725236,7.275317566870552,62.38337574215437,34371.4,2.922490470139774,0.0,14.3958093357468,-0.0022271457448691
2009-04-15,4.1804,4.3492,4.1804,4.3398,23978,0,4.044496655558483,4.17298,4.09049,3.815375,3.886829584263221,4.658033222218898,2.9727167777811023,7.175028678217931,61.43994114499733,33988.25,4.037891110898481,3.8130322457181287,21.842888427199743,0.0396484741078106
2009-04-16,4.3492,4.621,4.3117,4.4993,46940,0,3.6752845753260432,4.2779799999999994,4.18048,3.88334,3.945160100047677,4.715848367967716,3.050831632032283,7.176088842237044,55.27499806066248,34290.3,7.173504650138004,3.451209417823971,25.001389120408945,0.0360935650195451
2009-04-17,4.5178,4.5178,4.3023,4.3679,26646,0,-2.920454292890007,4.3117,4.18516,3.944735,3.9854210429002785,4.725954085855365,3.1635159141446354,3.810724383009709,58.684730686872,34084.3,5.008948701857157,-3.317986630660954,1.0830575547892796,-0.0296394847130545
2009-04-20,4.3117,4.3679,4.1899,4.3586,87403,0,-0.2129169623846571,4.34734,4.20579,4.015975,4.020961895957395,4.656161222495543,3.3757887775044577,3.5408122839832994,66.66198896061371,35327.55,4.248311415546909,1.0877380151680298,4.968330804614296,-0.0021314395280698
2009-04-21,4.3961,4.6116,4.3679,4.6116,13455,0,5.804616161152665,4.43544,4.2564,4.059559999999999,4.077213143961453,4.738148486724625,3.380971513275374,3.843216796417873,72.7584113770378,33349.55,5.579340186359589,4.902072291349161,12.327365728900253,0.0564239634970877
2009-04-22,4.4993,4.6398,4.4617,4.546,30126,0,-1.4224997831555175,4.47668,4.32483,4.116265,4.121859511203219,4.755366729073463,3.477163270926537,3.1000344985082884,70.27501713502399,34234.8,3.9917520227715824,1.037939234992119,17.72017505243806,-0.01432714294631
2009-04-23,4.5273,4.5273,4.3023,4.3492,23292,0,-4.329080510338768,4.44666,4.36232,4.150945,4.143510986326722,4.759331090968258,3.542558909031742,3.5890406185259787,50.776457584968206,32552.35,5.229760825604922,-3.9339120447065703,9.433107717082256,-0.0442558052888941
2009-04-24,4.3961,4.5742,4.2273,4.4522,117517,0,2.368251632484153,4.46352,4.3876100000000005,4.162190000000001,4.172909940009891,4.784668958933727,3.539711041066274,3.2445736625815065,58.59952973561965,35116.45,8.206183616019699,1.2761311162166626,6.022432310146941,0.0234064358926344
2009-04-27,4.3492,4.4522,4.2367,4.3117,130577,0,-3.1557432280670317,4.454140000000001,4.400740000000001,4.180470000000001,4.18612804096133,4.797680267335768,3.563259732664233,3.451208707968488,55.61118972461086,40407.1,5.086506007033788,-0.8622275360985847,3.1408477657640432,-0.0320660981315878
2009-04-28,4.2367,4.4055,4.2367,4.3961,38162,0,1.95746457313819,4.41104,4.42324,4.2179649999999995,4.206125370393584,4.787810741914751,3.648119258085248,3.478858900724344,65.92371871275327,40864.25,3.984233011542003,3.762362215875558,5.394260506820725,0.0193855263328244
2009-04-29,4.4617,4.8834,4.4055,4.8554,112902,0,10.447896999613304,4.47292,4.4748,4.2826450000000005,4.267961049403719,4.832198048921006,3.733091951078995,4.596887489090583,71.75877907838198,44560.9,10.847803881511748,8.823990855503505,11.880731830959943,0.0993737034035411
2009-04-30,4.4148,4.8084,4.4148,4.6398,73669,0,-4.4404168554599055,4.53104,4.48885,4.334665,4.303374282793841,4.802842875665418,3.866487124334583,4.8261856833268455,60.928893961196835,46954.9,8.915466159282419,5.096493612394685,3.1227079767963906,-0.0454202257779618
2009-05-01,4.6023,4.8554,4.5367,4.6961,37220,0,1.2134143713091072,4.57982,4.52167,4.353415,4.34077673205157,4.8485651602113435,3.858264839788656,4.6842010948506045,62.56150436011108,45836.0,7.024930015209307,2.0381113790930794,7.513908285446114,0.012061115157068
2009-05-04,4.7428,4.771,4.6586,4.7336,24128,0,0.7985349545367448,4.664199999999999,4.55917,4.38248,4.378188471856183,4.895832836903937,3.869127163096064,4.670244231319727,63.51578643856023,46286.95,2.412742025501225,-0.1939782407016925,8.603680080759869,0.0079536353623715
2009-05-05,4.6772,4.7522,4.6586,4.6866,49495,0,-0.9929018083488228,4.722300000000001,4.56667,4.411535,4.407560998346071,4.924659604852162,3.8984103951478377,4.365743145287823,58.85055124540629,47544.5,2.0091873094921295,0.2009749422731612,1.6263335935467138,-0.0099786395181776
2009-05-06,4.771,4.771,4.6398,4.7147,31361,0,0.5995817863696296,4.69416,4.58354,4.454185,4.436812331836921,4.913903478040698,3.9944665219593016,4.32660714545258,55.8923295765401,47328.55,2.8277080908659804,-1.180046111926226,3.710954685437739,0.0059779144757614
2009-05-07,4.771,4.771,4.6305,4.6491,77576,0,-1.3913928775955986,4.69602,4.61353,4.487925,4.45703020499531,4.8954346685962475,4.080415331403752,4.0576850060572625,57.97956867196368,50495.3,3.0342295648418163,-2.5550199119681434,6.895521015359152,-0.0140116348586692
2009-05-08,4.7617,4.7803,4.5367,4.6679,87233,0,0.4043793422382924,4.69038,4.6351,4.511355,4.477113042614804,4.902550718816651,4.120159281183349,4.017473899798965,58.7298899237934,53766.7,5.369541737386221,-1.9698847050423145,4.844795831274418,0.0040356392648554
2009-05-11,4.6586,4.7336,4.6586,4.7054,94518,0,0.803359112234614,4.68474,4.67447,4.537605,4.498854657603871,4.905029300688272,4.170180699311728,3.8016361939457486,53.01413881748071,57644.0,1.609925728759717,1.0045936547460648,9.130969223276209,0.0080014936200642
2009-05-12,4.7336,4.9397,4.5742,4.9304,43318,0,4.781740128363143,4.7335,4.7279,4.575570000000001,4.53995421402255,4.9404457833326045,4.210694216667397,3.9860599453404233,61.20438381718547,58475.8,7.990468278606093,4.157512252830819,12.15395464161415,0.0467093353017146
2009-05-13,4.8084,4.9491,4.6305,4.6866,69819,0,-4.944832062307302,4.72788,4.7110199999999995,4.592910000000001,4.553920479353735,4.943282661153284,4.242537338846717,2.8329413729272424,59.572174307762154,60767.85,6.880466472303208,-2.5330671325180822,-3.4765415825678603,-0.0507127478037266
2009-05-14,4.7336,5.4647,4.6866,5.3146,55122,0,13.39990611530748,4.86098,4.778499999999999,4.633675,4.626366147986713,5.1065058204170555,4.160844179582945,4.8482300863937775,68.85109731572965,61176.95,16.6026543763069,12.273956396822722,14.54373033320402,0.1257503773978761
2009-05-15,5.2397,5.2397,4.6491,4.7054,56991,0,-11.462762954879024,4.86848,4.77943,4.65055,4.633893181511787,5.107258012214014,4.193841987785986,6.347339492233603,57.14233881208955,62694.2,12.703534017336697,-10.197148691718992,0.19803666872511,-0.1217469648958642
2009-05-18,4.7992,5.2115,4.7992,5.1553,41844,0,9.561355038891506,4.9584600000000005,4.8216,4.690385,4.68355097374876,5.1778201142777895,4.2029498857222105,7.00955047591847,62.160430548436715,60416.25,8.591015169194868,7.419986664444085,8.908653033631907,0.0913145263377098
2009-05-19,5.0147,5.1177,4.771,4.9116,27888,0,-4.727173976296251,4.9547,4.844099999999999,4.705385000000001,4.70526992862983,5.201007034576065,4.209762965423936,7.228070315037994,50.96696490020646,61137.9,7.266820373087408,-2.055955490856889,4.800921776981171,-0.0484255573976707
2009-05-20,4.9772,5.1177,4.6866,4.7054,52331,0,-4.1982246111246795,4.9584600000000005,4.843170000000001,4.713355,4.70528231637937,5.203279099276668,4.223430900723332,7.393005800377322,51.13236207967962,62248.15,9.198566124695937,-5.460901711805831,-0.1972553927079068,-0.0428889689400389
2009-05-21,4.6772,4.8648,4.6679,4.7054,68140,0,0.0,4.83662,4.8488,4.731165,4.70529352434324,5.1902790680409465,4.272050931959053,7.372318306517755,50.16371510051754,64490.55,4.218170911973251,0.6029248268194647,1.210987072766767,0.0
2009-05-22,4.7336,4.7803,4.6679,4.6679,8274,0,-0.7969566880605239,4.82912,4.848800000000001,4.74195,4.7017322363105505,5.183260696137924,4.300639303862076,7.381329428237385,48.84343203182763,59028.4,2.407935045737913,-1.387949974649308,0.0,-0.0080014936200643
2009-05-26,4.6679,5.1084,4.6679,5.0147,42232,0,7.429465069945795,4.801,4.87973,4.7771,4.73153868999526,5.184828991519782,4.3693710084802175,7.726685192850411,55.22435591223209,54611.15,9.436791705049362,7.4294650699458,6.573298763123225,0.0716643073420769
2009-05-27,4.921,4.9585,4.8084,4.8084,16044,0,-4.113905118950301,4.78036,4.86753,4.797715,4.738858814757616,5.163911106650165,4.4315188933498355,7.742729247945674,51.41186752252659,53505.25,3.121620497462776,-2.2881528144686136,-2.4744442641570608,-0.0420092106382322
2009-05-28,4.8741,5.0334,4.7242,4.9772,20319,0,3.5105232509774487,4.83472,4.896590000000001,4.8038050000000005,4.76155797525689,5.1780040996915275,4.429605900308474,7.601340838634031,54.79468069560134,48876.1,6.54502349604167,2.1152623048357544,6.200657192847681,0.0345030954713768
2009-05-29,5.0241,5.0616,4.8834,5.0147,41326,0,0.7534356666398789,4.89658,4.8666,4.82255,4.785666739518139,5.19970560100288,4.445394398997119,6.207503188598489,55.040404627637926,47258.95,3.6490969406561073,-0.1870981867399018,-5.642945847288605,0.0075061151668551
2009-06-01,5.1272,5.3241,4.996,5.2771,48932,0,5.2326161086405865,5.018420000000001,4.923769999999999,4.8515999999999995,4.832469907183079,5.274476913782189,4.4287230862178095,5.03778687631401,57.79924149409293,47844.55,6.567253803042417,2.9236230301138963,12.149870361712068,0.0510031053188608
2009-06-02,5.2304,5.3898,5.2304,5.3427,21909,0,1.243107009531741,5.08402,4.94251,4.882054999999999,4.881063249356119,5.354032535035694,4.410077464964305,4.118619033058006,55.880423310608435,47733.6,3.047568063628016,2.1470633221168436,3.6350939809516314,0.0123544387628773
2009-06-03,5.296,5.3898,4.9772,5.3898,13964,0,0.881576730866418,5.2003,4.99033,4.917215000000001,4.92951436846506,5.430819616616664,4.403610383383337,3.6982275582697985,60.625566636446045,45957.05,8.28980149481637,1.771148036253774,9.736134864402636,0.0087771353131462
2009-06-04,5.4083,5.5021,5.2489,5.4647,26755,0,1.3896619540613608,5.2978000000000005,5.06626,4.954715,4.980484428611245,5.5135867177911155,4.395843282208885,3.2174016095803157,52.72324830363944,45726.75,4.823867858027406,1.0428415583455062,16.136779019849534,0.0138009468556535
2009-06-05,5.4833,5.4833,5.2771,5.3898,24603,0,-1.370615038336953,5.37282,5.1347000000000005,4.991750000000001,5.019466863981602,5.563371919582159,4.420128080417842,3.318513470801105,65.40331292761974,43078.1,3.9074491671562024,-1.7051775390731805,14.544990861563312,-0.0138009468556536
2009-06-08,5.3427,5.4083,5.2489,5.3427,15367,0,-0.8738728709785204,5.38594,5.20218,5.02549,5.0502509721738305,5.596286215455542,4.454693784544457,3.324296366169261,55.151748405542094,39484.8,3.0368267637028667,0.0,14.456179438291294,-0.0087771353131463
2009-06-09,5.3427,5.3898,5.2022,5.2022,65697,0,-2.629756490164137,5.3578399999999995,5.22093,5.050330000000001,5.064722308157275,5.605500494816875,4.495159505183127,2.776672031699039,58.46934017253441,38043.75,3.606166621813843,-2.629756490164138,3.739007318483667,-0.0266495301292805
2009-06-10,5.2771,5.3427,4.4711,4.9866,61442,0,-4.144400445965168,5.277200000000001,5.2387500000000005,5.05314,5.057282088332773,5.606319937984827,4.499960062015173,2.7821943781749527,58.15072463768117,38949.95,19.494084229831586,-5.504917473612396,3.706014474669339,-0.0423272982337533
2009-06-11,4.9866,5.3898,4.921,5.2209,28367,0,4.6985922271688185,5.228440000000001,5.26312,5.079855,5.072864746586794,5.60961288501566,4.55009711498434,2.9501162845539235,63.15520849282908,36877.35,9.526519000203209,4.698592227168816,4.8963272522703605,0.0459154860212024
2009-06-12,5.1741,5.4365,5.1741,5.4083,27217,0,3.5894194487540387,5.232139999999999,5.30248,5.08454,5.104810961197575,5.624596166279272,4.544483833720728,3.1073816471374047,67.55167836146404,35482.1,5.071413385902853,4.526391063180061,7.84892416296088,0.0352650097487523
2009-06-15,5.3146,5.399,4.8834,4.9397,51615,0,-8.664460181572753,5.15154,5.26874,5.096255,5.089086107750187,5.611266458124403,4.5812435418755975,3.909572559506311,48.319139399372474,35213.3,10.558217635254127,-7.0541527113987925,-6.3936631862197,-0.0906302099640262
2009-06-16,5.0616,5.2489,4.9866,4.996,32094,0,1.1397453286636994,5.1103000000000005,5.234070000000001,5.088290000000001,5.080220764154932,5.604382757472155,4.572197242527846,3.9043264549762826,54.50744834214322,34725.8,5.26009706012112,-1.296032874980241,-6.489228292810734,0.0113329916525044
2009-06-17,4.9772,5.0428,4.9022,5.0054,22851,0,0.1881505204163192,5.11406,5.1956299999999995,5.09298,5.073094977092557,5.603991836714749,4.581968163285251,3.8812099637738697,50.73376353039134,34473.95,2.8681000367182095,0.5665836213131883,-7.131990055289627,0.0018797373903331
2009-06-18,4.9678,5.0616,4.9397,5.0147,7405,0,0.1857993367163635,5.07282,5.1506300000000005,5.108445000000001,5.06753355070279,5.587810455466037,4.6290795445339645,3.828617134865304,50.0,32227.65,2.4677612000728812,0.9440798743910772,-8.234669789741423,0.0018562694325298
2009-06-19,5.1272,5.1272,4.9022,4.9116,45810,0,-2.0559554908568867,4.97348,5.10281,5.118755,5.052682736350143,5.569645382173168,4.667864617826832,3.8462953681998706,39.46139207658151,31111.15,4.589776018930287,-4.205024184740214,-8.872314371590784,-0.0207738447819737
2009-06-22,4.8741,4.9585,4.6866,4.8366,105361,0,-1.5269973124847347,4.952859999999999,5.0522,5.127190000000001,5.03210342812632,5.54786699272714,4.706513007272862,3.852160621780366,35.48609119587036,35965.5,5.8016472496052485,-0.7693728072875101,-9.472738503004097,-0.0153877597687474
2009-06-23,5.0616,5.0616,4.8741,4.8741,47852,0,0.775338047388674,4.92848,5.01939,5.12016,5.0170554825904805,5.553267621971664,4.687052378028336,3.834887180452882,35.12890016725301,36246.5,3.846864036437496,-3.704362256993836,-6.306947060858869,0.0077234774862042
2009-06-24,4.9491,4.9491,4.8554,4.9022,31087,0,0.5765166902607533,4.90784,5.010949999999999,5.12485,5.006116865200911,5.545598168209982,4.704101831790019,3.632798979508504,33.32938177938473,36998.65,1.929810108332974,-0.947647046937826,-1.6925359964705455,0.0057486119255619
2009-06-25,4.8366,4.9866,4.8366,4.9304,17201,0,0.5752519277059331,4.890980000000001,4.9819,5.12251,4.9989057351817765,5.547217606662888,4.6978023933371125,3.239117573083655,35.997317727383546,36842.75,3.101352189554653,1.939378902534836,-5.56417475914116,0.0057360367186569
2009-06-26,4.9022,4.996,4.8084,4.9678,190459,0,0.7585591432743843,4.902220000000001,4.93785,5.120165,4.995943284212084,5.547886214048113,4.6924437859518875,2.9507667306563943,38.50493653032442,44299.4,3.901505698361215,1.3381746970747983,-8.144888412255224,0.0075569655059671
2009-06-29,4.9772,5.071,4.921,5.0147,28047,0,0.9440798743910684,4.93784,4.9453499999999995,5.107045,4.997729638096647,5.530574632219334,4.683515367780666,1.0757548793402516,43.90085225424501,43255.15,3.048160942897774,0.7534356666398886,1.5183108285928393,0.0093965129143307
2009-06-30,5.0147,5.0616,4.846,4.921,107222,0,-1.8685065906235645,4.94722,4.937849999999999,5.08596,4.990422053516014,5.502014229258199,4.669905770741801,1.1851603169295504,47.682306387789716,47520.8,4.449030127940574,-1.8685065906235687,-1.5012009607686227,-0.018861837202353
2009-07-01,4.9585,5.0992,4.9585,5.0334,33051,0,2.284088599878076,4.97346,4.94065,5.06814,4.994515191276394,5.459177240923288,4.677102759076711,1.4138479385524736,42.75110183252146,48475.15,2.8375516789351583,1.5105374609256916,0.5593958524793274,0.0225839382143257
2009-07-02,4.9022,5.1553,4.9022,4.9678,52109,0,-1.3032939961060142,4.98094,4.93596,5.0432950000000005,4.991970887345309,5.388727113674046,4.697862886325955,1.4767097915110845,31.19931711481013,49742.85,5.162988046183362,1.3381746970747983,-0.9352503639300402,-0.0131186139263034
2009-07-06,4.9678,4.996,4.8084,4.9585,27458,0,-0.1872056040903569,4.979080000000001,4.94065,5.02173,4.9887831837886125,5.32767439880037,4.71578560119963,1.3080609107569747,51.3198539736029,49885.6,3.901505698361215,-0.1872056040903524,0.9548823194071244,-0.0018738105278208
2009-07-07,4.9491,5.1366,4.8929,4.8929,30697,0,-1.322980740143187,4.95472,4.94628,4.99924,4.979651451999221,5.26993843699013,4.728541563009871,1.281130845256492,42.85516285516284,50652.1,4.9806863005579425,-1.1355600008082196,1.1640408551461867,-0.013318100905395
2009-07-08,4.9304,4.9772,4.921,4.9678,35326,0,1.530789511332764,4.96408,4.95565,4.98752,4.978522742285009,5.240966704455642,4.734073295544358,1.3445628267529857,47.6111817026684,49133.55,1.142044299939028,0.7585591432743949,1.9224061878090335,0.0151919114332159
2009-07-09,4.996,4.996,4.8273,4.9022,43844,0,-1.3205040460566253,4.93784,4.95565,4.9833,4.971253909686437,5.239605672770156,4.726994327229844,1.4172007950914798,43.32977588046956,48253.65,3.49470718621176,-1.877502001601296,0.0,-0.0132930022246242
2009-07-10,4.9304,4.9585,4.921,4.9304,16203,0,0.5752519277059331,4.930359999999999,4.95565,4.968775,4.967363061144872,5.200093862860804,4.737456137139196,1.4172007950914798,51.223321186881805,47645.45,0.7620402357244389,0.0,0.0,0.0057360367186569
2009-07-13,4.9397,5.1177,4.921,5.0147,32605,0,1.709800421872476,4.9416,4.96034,4.949095000000001,4.971871341035836,5.057038269210487,4.841151730789514,1.50245972795295,61.450430757361445,47914.85,3.9971550497866257,1.518310828592833,0.9440798743910684,0.016953478420298
2009-07-14,4.996,5.0992,4.8834,5.071,13739,0,1.1226992641633515,4.97722,4.96597,4.95566,4.98131216569909,5.076408880781366,4.834911119218634,1.5145676440830071,62.360326428122974,46021.05,4.419052299627304,1.5012009607686003,1.1226992641633515,0.0111644377266876
2009-07-15,5.1741,5.3709,5.0521,5.3241,41337,0,4.991126010648794,5.04848,5.00628,4.972065,5.013958626108701,5.176229343243519,4.76790065675648,1.9912548155030467,70.65100342633377,46483.2,6.310247223926674,2.899054908099949,8.191424507213974,0.0487056464136099
2009-07-16,5.296,5.3898,5.1366,5.3898,37496,0,1.2340113822054466,5.146,5.04192,4.9912849999999995,5.049753042669777,5.2681082441933675,4.7144617558066315,1.9315565274597015,71.69027384324832,47215.45,4.929330685667574,1.771148036253774,7.080700917868632,0.012264595254587
2009-07-17,5.4083,5.4272,5.3053,5.3241,34815,0,-1.2189691639764133,5.22474,5.0775500000000005,5.006755,5.0758813243202745,5.3211228400242785,4.692387159975722,1.921985071283936,66.38462245930279,48585.95,2.2977022977023,-1.5568662980973698,7.172188896493403,-0.0122645952545871
2009-07-20,5.3802,5.4553,5.1459,5.2489,41799,0,-1.4124452959185518,5.27158,5.10659,5.02362,5.092359293432629,5.352356039366499,4.6948839606335016,2.022082253360541,60.49659376120469,48385.4,6.0125536835150335,-2.4404297238020964,5.85660986185339,-0.0142251523856631
2009-07-21,5.2115,5.4739,5.1366,5.3802,22257,0,2.5014764998380734,5.33342,5.155320000000001,5.0508,5.119772694058093,5.403449472600966,4.698150527399034,1.981568743654191,69.9098161637183,44230.2,6.566600475022405,3.2370718603089377,9.95932882339716,0.0247070173630912
2009-07-22,5.3616,5.4739,5.3521,5.4177,28083,0,0.6970001115200075,5.35214,5.20031,5.07798,5.148146723195418,5.4561572104790805,4.69980278952092,1.97293529352302,67.81971621997583,43241.75,2.275742232021082,1.0463294538943564,9.056322718305877,0.0069458229403502
2009-07-23,5.399,5.8677,5.1177,5.8488,67811,0,7.957251232072648,5.44394,5.294969999999999,5.125310000000001,5.214875606700616,5.627473277702688,4.623146722297314,2.8190313057343537,80.50976589555333,45077.95,14.65502081012955,8.331172439340614,19.30969768675288,0.0765651408526988
2009-07-24,5.7646,5.7832,5.5396,5.6333,17923,0,-3.6845164820134,5.50578,5.36526,5.160455000000001,5.254725548919605,5.7020235424855725,4.618886457514429,3.3069240019141053,70.44848484848484,45114.05,4.397429417286443,-2.277694896436865,14.256449780950842,-0.0375410959133207
2009-07-27,5.6427,5.877,5.5209,5.5959,14110,0,-0.6639092539009073,5.5751800000000005,5.42338,5.19186,5.287218353784405,5.7586476661729105,4.62507233382709,3.3660613340909564,71.6734492539154,36296.6,6.450035320328201,-0.8293901855494584,11.589925618681086,-0.0066612293471587
2009-07-28,5.5584,5.6802,5.5209,5.652,12971,0,1.00251970192462,5.62954,5.48148,5.223725,5.321959462947794,5.819493379136024,4.6279566208639755,3.3663935726612384,71.34123518402993,35542.8,2.885399119708743,1.683937823834203,11.457306251232511,0.0099752780857914
2009-07-29,5.7832,5.7832,5.4833,5.5489,23709,0,-1.8241330502477116,5.65578,5.50396,5.25512,5.343572847428957,5.849895190081311,4.660344809918689,3.1851813209334177,69.71045412983847,31367.15,5.46933416008608,-4.05139023378061,4.222309873969321,-0.0184097549059946
2009-07-30,5.5115,5.8959,5.4739,5.6333,31938,0,1.5210221845771257,5.61268,5.528309999999999,5.285115,5.37116590957858,5.893168772812072,4.677061227187928,3.1942227325892945,70.7137384334296,31311.5,7.709311459836673,2.2099247028939555,4.517792868009951,0.0150957061673619
2009-07-31,5.6146,5.6333,5.3802,5.3802,33702,0,-4.492925993644925,5.562060000000001,5.53392,5.305735,5.372026299142525,5.896196597395983,4.7152734026040175,3.5378658140170094,59.79630125971589,30391.15,4.7042860860191045,-4.174829907740532,1.053699216769055,-0.0459698678797284
2009-08-03,5.4272,5.6333,5.071,5.1648,24285,0,-4.0035686405709985,5.47584,5.52551,5.31605,5.352290461128951,5.887884685348691,4.744215314651308,3.754115852429164,52.31650696433863,30232.5,11.088542693748778,-4.834905660377366,-1.6022404694316927,-0.040859168550482
2009-08-04,5.0992,5.4928,5.0054,5.1833,22008,0,0.3581939281288804,5.382099999999999,5.50582,5.33057,5.336196131497623,5.871052404796079,4.790087595203921,3.6488620367196942,46.067039106145266,29798.05,9.737483517800776,1.6492783181675612,-3.6597152522211074,0.0035755394148502
2009-08-05,5.1833,5.1833,4.921,5.0241,18157,0,-3.0714023884398034,5.27714,5.46646,5.333385,5.306472690402611,5.8664474818709,4.8003225181291,3.726691029381361,40.2920095566764,28939.6,5.330217435480588,-3.071402388439801,-7.265075585580605,-0.031195585641883
2009-08-06,5.0428,5.0803,4.8929,4.921,63909,0,-2.052108835413302,5.13468,5.37368,5.334325000000001,5.269761005602362,5.864243038845776,4.804406961154226,2.1616031009760337,39.507522515487544,29942.85,3.8300394449099766,-2.415324819544687,-15.863083025577884,-0.0207345715425639
2009-08-07,4.8929,5.2397,4.8929,5.1648,26187,0,4.954277585856515,5.0916,5.326829999999999,5.346045,5.259764719354518,5.847977792627863,4.844112207372137,2.8824548497439446,47.98755683177793,30442.05,7.087821128574056,5.5570316172413,-8.316617258090297,0.0483546177695965
2009-08-10,5.1366,5.4459,5.0334,5.3427,16527,0,3.4444702602230537,5.12718,5.3015099999999995,5.362444999999999,5.26766331751123,5.839616709025327,4.885273290974672,3.1852013180975436,49.12223210523851,29638.15,8.195255691977582,4.012381731106183,-4.524741328472636,0.0338647635144947
2009-08-11,5.2397,5.2489,5.0147,5.0428,18028,0,-5.613266700357499,5.09908,5.24059,5.361034999999999,5.2462477634625415,5.84198449193121,4.880085508068789,3.526522531737099,42.18469877006462,29852.6,4.670269407940644,-3.757848731797628,-10.7784854918613,-0.0577696597929553
2009-08-12,5.0521,5.2489,5.0521,5.1648,14446,0,2.4192908701514915,5.1272199999999994,5.20218,5.35307,5.238490833608966,5.8418082513321465,4.864331748667853,3.678774567756568,33.63166459270603,28508.05,3.895409829575813,2.230755527404433,-6.9220926670150895,0.0239048962784605
2009-08-13,5.1928,5.3146,5.0616,5.1928,17973,0,0.5421313506815517,5.181579999999999,5.15813,5.3432200000000005,5.234139325646208,5.83675847010451,4.849681529895491,3.627141612638204,38.41947526158054,27531.9,4.998419472103684,0.0,-7.819572896881044,0.005406671083684
2009-08-14,5.2022,5.296,5.0428,5.1553,38563,0,-0.7221537513480092,5.17968,5.13564,5.33478,5.226630818441807,5.835417431995656,4.834142568004345,3.382734888812691,38.4174553101998,27719.3,5.021020068216081,-0.9015416554534608,-4.180142002156051,-0.0072477390352304
2009-08-17,5.1928,5.296,5.071,5.2304,23408,0,1.456753244234088,5.157220000000001,5.1422,5.333855,5.2269897881140155,5.835228362191495,4.832481637808504,3.1655603768775924,39.026548672566385,26799.75,4.4369946756064005,0.7240794946849541,1.270136307311054,0.0144624452859179
2009-08-18,5.2771,5.2771,5.0803,5.1366,18147,0,-1.7933618843683274,5.17598,5.13753,5.321675,5.218381236865062,5.830094026828777,4.813255973171223,3.224048025190831,39.21640424752839,26594.25,3.873786981083787,-2.6624471774270013,-0.900970424247105,-0.0180963749934513
2009-08-19,5.0521,5.2678,5.0521,5.2489,16887,0,2.186271074251467,5.1928,5.16001,5.313235,5.221287785735056,5.820545303773938,4.805924696226062,3.1017939879597582,40.090740358836875,26034.45,4.269511688208864,3.895409829575813,4.4744332318226165,0.0216271488464708
2009-08-20,5.2304,5.3146,5.1366,5.2489,22509,0,0.0,5.204020000000001,5.1928,5.28324,5.223917520426955,5.723764306754487,4.8427156932455135,2.981026846716646,46.107322857989914,23769.35,3.465327259276581,0.3537014377485377,6.663279821174539,0.0
2009-08-21,5.3334,5.3334,5.1741,5.2115,43566,0,-0.7125302444321635,5.215260000000001,5.19747,5.26215,5.222734899433911,5.671385942753715,4.852914057246285,2.5931843531870027,51.547895260192256,25051.5,3.0787963124021567,-2.2855964300446265,0.9041976456009904,-0.0071508086435886
2009-08-24,5.2304,5.3427,5.0992,5.3334,33382,0,2.339057852825488,5.23586,5.196540000000001,5.249025,5.233274432821158,5.62898177247127,4.86906822752873,2.455674800904478,54.65599602953038,26015.1,4.775258864135552,1.969256653410824,-0.1740692908080099,0.0231212112963073
2009-08-25,5.3427,5.3427,5.2397,5.2489,10513,0,-1.584355195560061,5.25832,5.21715,5.22887,5.234762582076286,5.558217246597754,4.899522753402246,1.6182607172881351,57.31199583658601,25892.2,1.9657613985533475,-1.7556666105152805,4.087015150313311,-0.0159704026527185
2009-08-26,5.2585,5.3709,5.2115,5.3709,21183,0,2.3242965192707077,5.28272,5.23776,5.21997,5.247728050449973,5.52133523111622,4.91860476888378,1.6054033636469365,64.45601182443286,25765.9,3.0586203588218317,2.137491680136922,3.990473977695164,0.0229769614023713
2009-08-27,5.2865,5.4833,5.2304,5.4833,20208,0,2.092759127892907,5.3296,5.26681,5.21247,5.270163474216642,5.475559243212552,4.9493807567874475,1.692777757315316,61.17779181582087,25179.4,4.835194249005801,3.72268987042466,5.594284393775983,0.0207116172542382
2009-08-28,5.5303,5.5303,5.2022,5.3241,35582,0,-2.9033611146572325,5.35212,5.28369,5.209664999999999,5.27530028619601,5.4663426825831545,4.952987317416844,1.9905015629884115,49.33854907539118,25273.4,6.306947060858868,-3.728549988246584,3.2743002347098926,-0.0294634262709463
2009-08-31,5.2771,5.2865,5.1741,5.2022,38804,0,-2.289588850697754,5.32588,5.28087,5.211535,5.2683383541773425,5.467380029367483,4.955689970632516,2.1062632273430517,56.49022801302934,25999.35,2.172358477802904,-1.4193401678952364,-0.539155705108596,-0.0231620701878397
2009-09-01,5.1553,5.3241,4.9116,4.9116,44387,0,-5.58609818922764,5.258419999999999,5.25837,5.19795,5.234363272827119,5.486828765318686,4.9090712346813135,2.712490486567189,40.93512816840902,27118.3,8.398485218666007,-4.727173976296248,-4.380329400770933,-0.0574818587344314
2009-09-02,4.921,5.2115,4.9116,5.2115,56727,0,6.105953253522278,5.22654,5.254630000000001,5.20732,5.232185818272155,5.484370560461531,4.93026943953847,3.340415385502698,50.56038357806413,29046.8,6.105953253522275,5.9032716927453714,-0.7125302444321635,0.0592679678930193
2009-09-03,5.2209,5.3146,5.1928,5.2585,9972,0,0.901851674182086,5.181579999999999,5.25559,5.224195,5.2346919308176645,5.466786599410779,4.981603400589221,3.353206633806973,53.07508939213347,26349.95,2.3455553843783767,0.7201823440402882,0.1828954638114721,0.008978092780706
2009-09-04,5.1833,5.3053,5.1741,5.296,17121,0,0.7131311210421432,5.175960000000001,5.26404,5.230755,5.240530794549316,5.473679406477766,4.987830593522235,3.3465968036434597,51.99951231406974,25896.65,2.5357066929514267,2.174290509906821,1.6214141801784487,0.0071060036567612
2009-09-08,5.3427,5.4272,5.2489,5.399,34926,0,1.9448640483383572,5.21532,5.2706,5.23357,5.255623099830333,5.483169461030638,4.983970538969363,3.3209736590140593,57.95344325897187,26816.6,3.3969022080816957,1.0537743088700515,1.229984625192193,0.0192619326014427
2009-09-09,5.3802,5.6146,5.3053,5.5959,19867,0,3.6469716614187857,5.35218,5.3053,5.2612250000000005,5.288030423656016,5.542394863436108,4.980055136563893,3.4240056746790564,60.004613078076346,26908.55,5.830019037566214,4.009144641463142,6.610908952351924,0.0358204355003396
2009-09-10,5.5677,5.624,5.3898,5.6146,21140,0,0.334173233974866,5.4328,5.32967,5.283715,5.319132288069729,5.601926596433379,4.965503403566621,3.3762927341745703,60.43128529864797,27243.25,4.345244721510993,0.842358604091455,4.5374145860098025,0.0033361611603767
2009-09-11,5.6053,5.6053,5.4365,5.5959,29005,0,-0.3330602358137646,5.500280000000001,5.34093,5.30387,5.345491117777374,5.647855281814032,4.959884718185967,3.3357280247517394,61.08292007842234,27794.85,3.104938839326774,-0.1676984282732308,2.053507924060338,-0.0033361611603767
2009-09-14,5.5209,5.8677,5.3802,5.8584,26472,0,4.69093443413926,5.61276,5.39436,5.339025,5.394339582750957,5.755213443527367,4.9228365564726335,3.401008037597845,64.00149349263921,27190.3,9.061001449760228,6.11313372819648,10.0354989575703,0.0458423420282331
2009-09-15,5.8863,5.9052,5.7739,5.7927,19776,0,-1.1214666120442418,5.6915,5.45341,5.36714,5.432278670108009,5.826194737705585,4.908085262294415,3.293331771959023,64.64978448275863,27008.7,2.274026221444769,-1.5901330207430873,11.350966898619808,-0.0112780246302572
2009-09-16,5.8303,5.8303,5.7365,5.7646,12818,0,-0.4850933070934093,5.72524,5.53871,5.39854,5.463928320573913,5.876711959378902,4.9203680406210974,2.415635065768846,61.17132966346973,26742.25,1.635143380109821,-1.1268716875632565,17.36704943399299,-0.0048627370357303
2009-09-17,5.7739,5.8208,5.624,5.8021,10509,0,0.6505221524476967,5.76274,5.59777,5.4262,5.496135147185922,5.931174629898891,4.921225370101109,1.8431220720512915,59.44760550023709,26423.35,3.499288762446666,0.488404717781742,11.33262976110525,0.006484153888005
2009-09-18,5.8303,5.9426,5.5584,5.8677,66481,0,1.1306251184915794,5.817099999999999,5.65869,5.45714,5.531522276025358,5.991356263717672,4.9229237362823275,1.841887559651364,67.05572289156629,28621.95,6.912061024755323,0.6414764248837945,11.585052771702964,0.0112428132427043
2009-09-21,5.7832,5.8114,5.6896,5.7927,21629,0,-1.2781839562349795,5.803960000000001,5.708360000000001,5.4862,5.556396344975324,6.02734112567255,4.94505887432745,1.9919518190481176,69.08902825370141,27525.1,2.140748031496053,0.1642689168626377,9.37877643504532,-0.012864230094979
2009-09-22,5.8677,5.8677,5.6802,5.6896,19471,0,-1.7798263331434303,5.78334,5.73742,5.50401,5.569082407358627,6.047418338854181,4.9606016611458195,2.1225651986769427,78.61977633902298,26829.55,3.300940107742685,-3.0352608347393306,5.3824782367105195,-0.0179585572370718
2009-09-23,5.7176,5.7176,5.5771,5.5864,13257,0,-1.8138357705286825,5.7477,5.73647,5.520885,5.5707317018959,6.051753532738615,4.990016467261385,1.9296947177416437,66.12473118279571,26966.75,2.5192304244141277,-2.294669091926678,-0.1697671509498066,-0.0183048743477051
2009-09-24,5.6333,5.6333,5.5021,5.5209,31889,0,-1.1724903336674752,5.691460000000001,5.7271,5.528385,5.565985825524862,6.054549101977647,5.002220898022353,1.959251085005954,61.10922946655379,27502.05,2.3845440831682403,-1.9952780785685131,-1.6688633206283665,-0.0117941820725669
2009-09-25,5.5115,5.5303,5.3521,5.3898,26886,0,-2.374612834863876,5.59588,5.7064900000000005,5.52371,5.549206223093923,6.053211687885036,4.9942083121149645,2.082779452158646,53.6795857523929,27835.95,3.329534201528378,-2.2081103147963295,-3.683053664289926,-0.0240326119960425
2009-09-28,5.3616,5.4177,5.2209,5.2585,21016,0,-2.4360829715388443,5.489040000000001,5.6465000000000005,5.52043,5.521519916132597,6.055916832507478,4.984943167492522,1.1938202469967176,44.60818174840738,27107.65,3.769465034764114,-1.9229334527006936,-10.239997268878875,-0.0246624635031329
2009-09-29,5.2771,5.3334,5.2397,5.2489,34074,0,-0.182561566986783,5.4009,5.5921199999999995,5.522765,5.495556114596159,6.052788508018323,4.992741491981676,1.225648710093421,34.44783076371458,26871.15,1.7882703208198965,-0.5343844156828562,-9.387677594213406,-0.0018272841371174
2009-09-30,5.4177,5.4177,5.0334,5.0992,59339,0,-2.8520261388100376,5.303459999999999,5.52558,5.532145,5.457807913206048,6.021724482176121,5.042565517823879,1.343582245076823,29.327771538584926,27618.75,7.634998211944205,-5.8788784908725145,-11.54286507303195,-0.0289348661598937
2009-10-01,5.0334,5.0334,4.8834,4.8929,50154,0,-4.045732663947277,5.177860000000001,5.43466,5.516215000000001,5.404007159567377,6.066672032215239,4.9657579677847625,1.4381051361936306,25.491563240831113,27290.1,3.0716304214277015,-2.7913537569038875,-15.670188380069284,-0.0412984899422871
2009-10-02,4.8741,5.2585,4.8084,4.8178,81250,0,-1.5348770667702127,5.06346,5.32967,5.49418,5.348177906275246,6.118413365943629,4.8699466340563715,1.0552384752847526,8.269169072826472,30854.0,9.360702104650196,-1.1550850413409703,-17.892871142014755,-0.0154677824079885
2009-10-05,4.9022,4.996,4.8554,4.9304,22808,0,2.337166341483665,4.997839999999999,5.24344,5.4759,5.308389534249032,6.144411159611964,4.807388840388036,1.7198711438924688,16.673108139445006,31138.35,2.8957449437739435,0.575251927705928,-14.88597717817254,0.0231027283352372
2009-10-06,4.9866,5.0334,4.9022,5.0241,24435,0,1.9004543241927685,4.9528799999999995,5.17689,5.457155,5.281314340511028,6.1551206437777966,4.759189356222204,2.0380052940133764,22.761715588906057,30613.8,2.676349394149579,0.752015401275411,-11.696780089988756,0.0188262127605088
2009-10-07,4.9772,5.1084,4.9678,4.9678,19967,0,-1.1205987141975515,4.9266,5.11503,5.42575,5.25145583189093,6.153324752896256,4.698175247103744,2.027227178806069,19.73006313039691,30618.8,2.8302266596883765,-0.1888612071043841,-11.073320922239729,-0.0112692472545415
2009-10-08,5.0897,5.0992,5.0054,5.0334,23241,0,1.320504046056592,4.9547,5.06628,5.39669,5.23068860980608,6.138787791540942,4.654592208459059,2.1720174842343725,19.73006313039691,30723.85,1.8739761058057276,-1.1061555690905036,-8.830082051839373,0.0131186139263032
2009-10-09,5.0897,5.0897,4.9678,5.0616,24774,0,0.5602574800333882,5.0034600000000005,5.03346,5.369975,5.214584932681691,6.12030057670124,4.61964942329876,2.148607661819315,22.5418763614512,30512.3,2.4538024880228515,-0.5520954083737617,-6.089279750640097,0.0055869387523707
2009-10-12,5.0334,5.1553,4.7803,5.1084,16784,0,0.9246088193456404,5.03906,5.01845,5.3324750000000005,5.204472081950102,6.0544507595431005,4.6104992404569005,2.0925369435528354,27.20784313725484,30027.9,7.844695939585381,1.4900464894504566,-2.854426167157942,0.0092036047894322
2009-10-13,5.0521,5.0521,4.921,4.9678,10735,0,-2.7523294965155265,5.027800000000001,4.99034,5.2912300000000005,5.18193188366914,5.996561656516015,4.585898343483986,2.233732280139714,26.432490094483356,29575.85,2.6640926640926637,-1.6686130519981752,-5.355407799729461,-0.0279091574681063
2009-10-14,5.071,5.2585,4.996,5.1648,11637,0,3.965538065139485,5.067200000000001,4.996899999999999,5.26124,5.180300275700651,5.931983174317973,4.590496825682027,2.472631210573344,37.668813629752705,29516.8,5.254203362690137,1.8497337803194611,1.2864763100094212,0.0388892934815743
2009-10-15,5.1272,5.2022,5.1272,5.1741,44081,0,0.1800650557620908,5.09534,5.02502,5.22984,5.17970977325297,5.850934546239005,4.608745453760996,1.9885691207655456,41.842523258452445,31195.4,1.4627867061944175,0.9147292869402393,5.747102945083693,0.0017990313298897
2009-10-16,5.1553,5.2022,5.1553,5.1648,34009,0,-0.1797414043022027,5.1159799999999995,5.05972,5.194695,5.178289794847926,5.738563012141725,4.6508269878582755,1.8712958612125243,46.096158653445535,29571.8,0.9097433708998494,0.1842763757686104,7.202457553240049,-0.0017990313298896
2009-10-19,5.1833,5.2022,5.1553,5.2022,36942,0,0.7241325898389217,5.13474,5.0869,5.16517,5.180566957243362,5.630838913781637,4.699501086218363,1.783245011278589,48.09837934685237,30337.45,0.9097433708998494,0.3646325699843799,5.512737303261406,0.0072152333852141
2009-10-20,5.2022,5.2022,5.1553,5.1833,27292,0,-0.3633078313021509,5.17784,5.1028199999999995,5.139855,5.1808272470297085,5.535225762568691,4.744484237431308,1.736150633033228,53.832832011667136,30728.5,0.9097433708998494,-0.3633078313021483,3.168726737127048,-0.0036396939703638
2009-10-21,5.1648,5.2678,5.1553,5.1833,49929,0,0.0,5.18154,5.124370000000001,5.1197,5.181062747312594,5.4558926891084,4.7835073108916,1.6672072621011518,66.29995509654245,32562.1,2.18222023936531,0.3581939281288802,4.337936309835322,0.0
2009-10-22,5.1833,5.3146,5.1553,5.2585,41100,0,1.4508131885092368,5.1984200000000005,5.14688,5.10658,5.188437723759013,5.393755923341041,4.81940407665896,1.6753608803913254,74.73341564709847,33022.65,3.0900238589412834,1.4508131885092452,4.472126197004012,0.0144038959096578
2009-10-23,5.296,5.3802,5.1741,5.2115,30902,0,-0.8937910050394571,5.20776,5.16187,5.097665,5.19063413102006,5.357599261121296,4.8377307388787045,1.7271240472506206,67.03017084696478,33223.45,3.983301443729347,-1.5955438066465302,2.961514145724675,-0.0089780927807061
2009-10-26,5.2209,5.3053,5.1648,5.2585,23034,0,0.901851674182086,5.2190199999999995,5.17688,5.097665,5.197097547113388,5.357599261121296,4.8377307388787045,1.7262325570248285,65.0526586180324,33324.35,2.7203376703841444,0.7201823440402882,2.9382977057395676,0.008978092780706
2009-10-27,5.296,5.6709,5.296,5.4083,29828,0,2.84872111818959,5.26402,5.22093,5.105635,5.2172120664359225,5.393380979165178,4.817889020834823,1.5211023500286498,75.25513129228298,33112.05,7.078927492447116,2.1204682779456077,8.867104150730686,0.0280889955969072
2009-10-28,5.3709,5.624,5.2022,5.5303,24719,0,2.2557920233714945,5.33342,5.25748,5.12719,5.247029964870596,5.471862506040827,4.782517493959173,1.1947588921865822,76.75821217016696,31381.05,8.108108108108093,2.9678452400901274,7.076750309789359,0.022307253035857
2009-10-29,5.5303,5.7365,5.4647,5.6146,52934,0,1.5243296023723871,5.40464,5.30153,5.1632750000000005,5.28203663488292,5.552857788309213,4.773692211690788,1.2062711321762245,78.08247003859437,31520.05,4.973740553003838,1.5243296023723814,8.513557913453539,0.015128284286156
2009-10-30,5.5677,5.6802,5.4833,5.5115,57275,0,-1.8362839739251344,5.46464,5.3362,5.19796,5.303890288703594,5.581510380413319,4.814409619586681,1.4491588654639251,69.36305120568738,30321.3,3.590903288165891,-1.0093934658835868,6.712747831474597,-0.0185335294756333
2009-11-02,5.4833,5.5677,5.4833,5.5021,40220,0,-0.1705524811757119,5.5133600000000005,5.3661900000000005,5.226545,5.322767404065157,5.6113477490593375,4.841742250940662,1.4722773121007795,79.36682422776737,31191.9,1.5392190833986918,0.3428592271077744,5.76486870939219,-0.0017069808750023
2009-11-03,5.4833,5.5303,5.2678,5.5303,18436,0,0.512531578851716,5.5377600000000005,5.4008899999999995,5.251855,5.342532413201809,5.647041482162059,4.8566685178379405,1.4360770596984338,74.6659468214334,30891.95,4.983104901476901,0.8571480677694199,6.694576813998809,0.0051122260644798
2009-11-04,5.5677,5.7739,5.4833,5.7458,42826,0,3.8967144639531215,5.5808599999999995,5.45714,5.290755,5.380938850039732,5.719915480227255,4.861594519772745,1.734879841416149,80.18160701087527,32034.9,5.2997282658253315,3.198807407008274,10.85215982096348,0.0382270895184787
2009-11-05,5.8021,5.8021,5.6427,5.6802,34715,0,-1.1417035051689894,5.59398,5.4993099999999995,5.323095,5.40943991194071,5.7677988540297225,4.878391145970278,1.857535755161679,75.682678891768,32608.6,2.8248887943715006,-2.1009634442701803,8.01939716649236,-0.0114827097484256
2009-11-06,5.6053,5.7083,5.5677,5.652,16777,0,-0.4964613922044947,5.62208,5.54336,5.352615,5.432540872708262,5.802582827036375,4.902647172963626,1.8214214651026657,72.62120297726815,32208.75,2.5252797384916583,0.8331400638681321,8.45246090377052,-0.0049769785584824
2009-11-09,5.624,5.8114,5.5584,5.8114,39674,0,2.8202406227883836,5.68394,5.59865,5.387765,5.468622694355094,5.8663307795620545,4.909199220437945,1.9278082140439223,77.67691900942984,33353.25,4.551669545192864,3.3321479374110994,10.514405248645064,0.0278120408698335
2009-11-10,5.8114,5.8303,5.5959,5.5959,13446,0,-3.7082286540248366,5.6970600000000005,5.6174100000000005,5.419169999999999,5.480744342511752,5.862861173298021,4.975478826701978,2.3136802121402043,65.27921789364541,33488.8,4.188781071856179,-3.7082286540248406,3.4687424883974805,-0.0377873189556249
2009-11-11,5.6896,5.8208,5.6146,5.7365,24252,0,2.512553834057085,5.695200000000001,5.63803,5.447755,5.505102024177299,5.896084298500727,4.9994257014992725,2.338280895307367,66.88330036733544,34119.55,3.672567947850246,0.8243110236220461,3.7285499882465656,0.0248150815205711
2009-11-12,5.5677,5.699,5.4647,5.5959,33543,0,-2.450971846945005,5.67834,5.636159999999999,5.468845,5.513749450446128,5.902412849239488,5.035277150760512,2.4590553810448763,62.73522395971378,33592.65,4.287518070525376,0.5064928067245003,-0.3330602358137646,-0.024815081520571
2009-11-13,5.6427,5.8114,5.4365,5.7739,33851,0,3.180900302006817,5.702720000000001,5.6624,5.4993,5.538525693260783,5.928491450348269,5.070108549651731,2.55416716996893,65.711498597732,33584.75,6.89598087004507,2.3251280415404088,4.760954368139347,0.0313135753379979
2009-11-16,5.8488,5.8959,5.4739,5.7646,31808,0,-0.1610696409705792,5.69336,5.68865,5.52742,5.560056579616899,5.948265307746269,5.106574692253732,2.553894153797045,61.879042475161704,33328.05,7.709311459836673,-1.4396115442483937,4.770905654204749,-0.0016119949757523
2009-11-17,5.7458,5.9052,5.5115,5.7739,26699,0,0.1613294938070275,5.72896,5.713010000000001,5.55695,5.580422619653385,5.958570289379814,5.155329710620185,2.5560623229659893,58.78154289834174,33298.4,7.143245940306631,0.4890528734031855,4.404824331410584,0.0016119949757522
2009-11-18,5.7739,5.8395,5.6146,5.8303,33703,0,0.976809435563486,5.747719999999999,5.72146,5.5893,5.604220465400682,5.967758096129199,5.210841903870801,2.2708872870235335,57.9353984254286,32487.1,4.005628183664016,0.976809435563484,1.4706394235789677,0.0097206949399834
2009-11-19,5.7646,5.7927,5.6146,5.652,37203,0,-3.058161672641202,5.75894,5.718640000000001,5.608975,5.608770897267284,5.954504512029918,5.263445487970082,2.466284022102728,54.89785958307189,32292.25,3.1720870587397085,-1.9533011830829472,-0.4964613922044947,-0.03105899219219
2009-11-20,5.6146,5.8021,5.6146,5.6333,26008,0,-0.3308563340410408,5.7308200000000005,5.71677,5.630065,5.611107002289447,5.920551026658141,5.339578973341859,2.463300616659565,54.54419506788584,32047.55,3.339507712036476,0.3330602358137701,-0.3308563340410408,-0.0033140487386326
2009-11-23,5.7553,5.7927,5.6615,5.7271,39085,0,1.6650986100509524,5.72332,5.708340000000001,5.653495,5.622153954452357,5.887989335919595,5.419000664080405,2.3400554752190006,56.52001060164323,32850.1,2.317407047602221,-0.4899831459698018,-1.4505971022473083,0.0165138783245714
2009-11-24,5.4459,5.7646,5.4459,5.7553,15864,0,0.4923958024130925,5.7196,5.72428,5.670845,5.634834530218799,5.8787995949922065,5.462890405007793,1.9728275933399857,50.35933126560254,32151.9,5.852108925981009,5.681338254466666,2.8485140906735262,0.0049118749908189
2009-11-25,5.7739,5.7739,5.6896,5.7176,18501,0,-0.6550483901794912,5.69706,5.72239,5.680210000000001,5.642716955912247,5.878143193406405,5.482276806593596,1.826782431670276,51.44513137557959,31841.0,1.4816507311586018,-0.9750775039401484,-0.3294691885295964,-0.0065720324754066
2009-11-27,5.4739,5.6709,5.4739,5.5677,21630,0,-2.621729396949768,5.680200000000001,5.71957,5.677865,5.635572483920605,5.880134859084744,5.475595140915256,1.85266654566008,47.02267429540158,30275.8,3.5988965819616574,1.713586291309667,-0.5039403849246726,-0.0265670946534005
2009-11-30,5.5396,5.7458,5.4459,5.7458,71680,0,3.198807407008264,5.7027,5.71676,5.68958,5.646070342594832,5.8779414844959845,5.501218515504016,1.8561257344769553,47.71332961517012,30996.05,5.506895095392865,3.7222904180807266,-0.4866727861584041,0.0314871108589575
2009-12-01,5.8395,6.1208,5.5959,5.8584,43718,0,1.9596922969821409,5.72896,5.72614,5.707395,5.666292214728658,5.888348142813721,5.526441857186279,1.958244983930072,59.85730379271496,31170.95,9.380081845636978,0.3236578474184343,1.6271727439891803,0.0194073756355337
2009-12-02,5.8584,5.8959,5.6896,5.8021,15228,0,-0.9610132459374476,5.73832,5.72896,5.720985000000001,5.679226289516405,5.886066686635995,5.555903313364007,1.9912444503860016,52.62989095574086,31010.55,3.6259139482564624,-0.9610132459374464,0.4884047177817319,-0.0096566077779824
2009-12-03,5.8114,5.8114,5.5677,5.6709,35639,0,-2.26125023698317,5.72898,5.71302,5.717239999999999,5.678433309562462,5.883346527643384,5.551133472356615,2.0877257445936985,53.029568589432834,30651.2,4.3770318084666835,-2.41766183707885,-2.733993104986032,-0.0228720856846483
2009-12-04,5.7553,5.8114,5.699,5.8021,27941,0,2.3135657479412597,5.77586,5.7280299999999995,5.7233350000000005,5.690211089604133,5.892634066119399,5.554035933880602,1.9749926513923248,51.18387909319899,30312.5,1.9722758378662937,0.8131635188435038,2.655697098372256,0.0228720856846484
2009-12-07,5.7739,5.8114,5.6146,5.7646,16986,0,-0.6463177125523578,5.7796199999999995,5.74116,5.7289650000000005,5.697295747737073,5.8957459818119675,5.5621840181880335,1.988307764695455,50.0,30322.95,3.505147294553479,-0.1610696409705836,2.3307830223847414,-0.0064841538880051
2009-12-08,5.7365,5.8863,5.6802,5.8584,28400,0,1.6271727439891803,5.7796199999999995,5.754289999999999,5.731315,5.712639009857352,5.904199473442012,5.558430526557989,1.9853392354617,53.24077625220524,29759.25,3.6283933664307626,2.124989104854863,2.2926088247105847,0.0161407616659877
2009-12-09,5.8488,5.8959,5.6333,5.8959,34152,0,0.6401065137239037,5.79838,5.76835,5.746315000000001,5.730092437489985,5.92176866489687,5.570861335103132,1.9879352658670155,52.55292652552925,30794.55,4.661566044769494,0.805293393516625,2.4429656143033496,0.0063806653271902
2009-12-10,5.9144,5.9144,5.6615,5.7927,30854,0,-1.7503689004223275,5.8227400000000005,5.77586,5.749125,5.736055062490938,5.92571328565623,5.57253671434377,2.072303038157045,55.815491444159704,31124.65,4.4670140422149505,-2.057689706479097,1.3134881768574136,-0.0176586899574473
2009-12-11,5.7832,5.8584,5.7365,5.7739,6002,0,-0.3245464118632024,5.8171,5.796480000000001,5.758025,5.739659342253706,5.919383024605814,5.596666975394186,1.8458836386296344,55.810877831046454,29747.6,2.124989104854863,-0.1608106238760486,3.703504139950065,-0.003250742059978
2009-12-14,5.877,6.0364,5.8114,6.0176,5736,0,4.220717366078386,5.8677,5.823659999999999,5.7702100000000005,5.766129881086687,5.969064952691539,5.571355047308462,2.037630184276171,60.682503493417656,28341.85,3.8717004508380177,2.392377063127447,4.73041177903859,0.0413407466594473
2009-12-15,5.9896,6.0927,5.8395,5.8395,53675,0,-2.959651688380749,5.86392,5.82177,5.773955,5.773117511459383,5.975172227209162,5.572737772790838,2.2262729824209697,52.788818229994696,29435.2,4.335987670177236,-2.506010418057969,-0.322613682916828,-0.0300433319974518
2009-12-16,5.9144,6.1114,5.8488,5.9333,29992,0,1.606301909410046,5.8714,5.83489,5.781925,5.78837298655849,5.995387767613752,5.568462232386248,2.25231564174027,56.888292776393946,29599.85,4.489809875530022,0.3195590423373523,2.261250236983159,0.0159353739001376
2009-12-17,5.8584,6.0738,5.8584,5.9896,29350,0,0.9488817352906408,5.910780000000001,5.866759999999999,5.78989,5.80753746402911,6.022024315927238,5.557755684072761,2.0771213419745633,64.32986889477617,29382.2,3.67677181483,2.2395193226819723,5.6199192368054485,0.0094440812977175
2009-12-18,6.0552,6.102,5.9426,5.952,92320,0,-0.6277547749432344,5.9464,5.88175,5.804889999999999,5.821295800788243,6.03827521037221,5.571504789627789,2.0095647963454137,57.74256533493541,32138.05,2.6823276007135037,-1.7043202536662732,2.5835473363092554,-0.0062973344035476
2009-12-21,5.9615,6.0927,5.8395,5.877,48772,0,-1.2600806451612878,5.91828,5.892989999999999,5.817075,5.826600962617934,6.037845591814116,5.596304408185884,2.04974887738687,50.71870170015456,33276.25,4.335987670177236,-1.4174284995387108,1.9498317316032352,-0.0126808699002773
2009-12-22,5.8959,5.9708,5.8584,5.924,40924,0,0.7997277522545643,5.93518,5.8995500000000005,5.826919999999999,5.835877061416226,6.048356616568541,5.605483383431458,2.0024320313720883,54.74429827975403,33368.2,1.9186125904683888,0.4766023847080214,1.119759661340991,0.007965468775039
2009-12-23,5.9801,6.0927,5.9333,6.0552,8258,0,2.214719783929775,5.95956,5.9154800000000005,5.841915,5.856764960328967,6.0827021589062955,5.601127841093705,2.106276683950085,64.95679925274383,32987.9,2.686531946808686,1.255831842276884,2.7018775759426017,0.0219055106072682
2009-12-24,6.0552,6.0645,6.0176,6.0645,8671,0,0.1535869996036387,5.97454,5.94266,5.85926,5.876549249821446,6.112021817568401,5.606498182431599,1.9841823814732276,61.283109735122096,32496.4,0.7793804839138518,0.1535869996036405,4.692112486405309,0.0015346917539774
2009-12-28,6.0927,6.1208,5.9801,6.1208,10383,0,0.9283535328551418,6.0083,5.9773499999999995,5.886915,5.899811226028928,6.126023213994061,5.6478067860059395,1.9674181736742256,65.0727826675694,31934.05,2.352803464825,0.4612076747583212,6.008070801364762,0.0092407081687068
2009-12-29,6.1114,6.5239,5.924,6.3175,26415,0,3.213632204940531,6.0964,6.007340000000001,5.9155,5.939591109264268,6.213111000078711,5.617888999921289,1.7783157129965674,67.8707668353445,29670.8,10.126603646185009,3.3723860326602773,4.983714437649556,0.0316307533447071
2009-12-30,6.2708,6.4113,6.0552,6.402,15877,0,1.3375544123466645,6.192,6.06359,5.94268,5.9836300512391,6.309563102563743,5.575796897436257,1.305209390638417,69.00488171235449,28278.75,5.880895759017037,2.092237035147027,9.632674030310806,0.0132868812674591
2009-12-31,6.4207,6.4394,6.1864,6.327,12025,0,-1.1715089034676662,6.24636,6.10296,5.9689250000000005,6.01633195112109,6.367218300417324,5.570631699582677,1.4347964119076857,70.4979666999156,28118.6,4.089615931721196,-1.4593424392978975,6.6354305361266075,-0.011784251382924
2010-01-04,6.4394,6.955,6.28,6.8799,47042,0,8.73873873873874,6.409439999999999,6.1919900000000005,6.029375,6.098576527204796,6.576424671082077,5.482325328917923,2.939012003005955,80.09687602046368,28688.75,10.7484076433121,6.8406994440475835,14.864097769467064,0.0837779267911516
2010-01-05,6.955,6.9644,6.6644,6.7113,23680,0,-2.450617014782197,6.527539999999999,6.267919999999999,6.074835,6.156931143661482,6.689315769344466,5.460354230655534,3.131249434732198,69.68166600465298,28475.7,4.501530520376939,-3.5039539899353054,12.757056451612891,-0.0248114440520675
2010-01-06,6.6831,6.7113,6.2144,6.402,72761,0,-4.608645120915467,6.54444,6.32042,6.106705,6.180271034741341,6.71955230982303,5.49385769017697,3.5768885768892056,64.85344599947186,31264.45,7.995944902162706,-4.206131884903704,8.933129147524244,-0.0471822313561601
2010-01-07,6.5332,6.5332,6.0364,6.0364,26745,0,-5.710715401437049,6.47132,6.331659999999999,6.115605,6.166569031432641,6.7183560421737445,5.512853957826256,4.147323549049043,52.38073246201451,31181.7,8.230070903187322,-7.604236821159607,1.8973666441593595,-0.0588026337854129
2010-01-08,6.0458,6.6363,6.0458,6.4769,29128,0,7.297395798820472,6.5013000000000005,6.37383,6.144654999999999,6.19612436177239,6.758718708249317,5.530591291750682,4.688963866546893,59.55677583839967,30930.5,9.76711105230078,7.130569982467165,6.964262121812648,0.0704341930727703
2010-01-11,6.4769,6.5614,6.327,6.3645,21224,0,-1.735398107119146,6.39822,6.403830000000001,6.173245,6.212160136841686,6.7713497909411835,5.575140209058816,4.754274812048036,57.85923865411728,30449.0,3.704757388967914,-1.735398107119147,4.946821667078893,-0.0175063265066766
2010-01-12,6.2895,6.3645,6.0458,6.1301,33771,0,-3.6829287453845505,6.28198,6.4047600000000005,6.191055,6.2043448857139065,6.759572094034961,5.62253790596504,4.9372591838060425,54.54610769838704,31837.45,5.271428098845476,-2.53438270132762,0.1519409227551893,-0.037524611299588
2010-01-13,6.1394,6.5706,6.0082,6.0645,40633,0,-1.0701293616743546,6.21448,6.37946,6.1934,6.191026325169725,6.759285437540569,5.62751456245943,4.823819464317877,52.50686935731363,33582.3,9.36054059452081,-1.2199889239990946,-4.0047487138899935,-0.0107589642619658
2010-01-14,6.0552,6.3738,5.9708,6.2144,28439,0,2.4717618929837704,6.25008,6.3607,6.212145,6.193252389439275,6.752952067358306,5.671337932641693,4.879757571057674,52.82169443459767,32320.5,6.749514302940987,2.629145197516188,-2.930334270540458,0.0244170809080159
2010-01-15,6.2332,6.2426,6.0645,6.2332,42932,0,0.3025231719876453,6.20134,6.351319999999999,6.22714,6.1970569237783915,6.751782259669395,5.702497740330606,4.869140321457592,52.98003886239181,32967.5,2.9367631296891847,0.0,-1.482535166745691,0.0030206649145083
2010-01-19,6.5143,6.5614,6.5143,6.5425,25724,0,4.962138227555668,6.236940000000001,6.3175799999999995,6.254785,6.229956264370926,6.784964092978031,5.724605907021969,4.214648305362633,56.83800875628345,32786.2,0.7230247302089169,0.4328937875136239,-4.904141048561749,0.0484295108328414
2010-01-20,6.552,6.552,6.1488,6.1583,61962,0,-5.872372946121529,6.242579999999999,6.2622800000000005,6.2651,6.223131858240361,6.778228587556619,5.751971412443382,4.525073626004181,47.56649342708651,31268.3,6.557377049180328,-6.008852258852258,-8.239834309299244,-0.0605185899905488
2010-01-21,6.0927,6.9926,6.0927,6.73,127771,0,9.283406134809937,6.37568,6.2950800000000005,6.30775,6.271405014598422,6.826819907065014,5.788680092934987,5.28282844197312,54.36379117662711,35218.25,14.770134751423845,10.46005875884256,5.123398937831936,0.0887743782250212
2010-01-22,6.6363,6.7113,6.0927,6.1676,39324,0,-8.356612184249634,6.36632,6.3082,6.31993,6.261518822731905,6.81180511508668,5.82805488491332,5.686242581142506,48.12276238929715,35138.25,10.153134078487367,-7.062670463963354,2.1734808826452845,-0.0872653603415759
2010-01-25,6.2144,6.2426,6.102,6.102,9097,0,-1.0636228030352135,6.34008,6.27071,6.3222700000000005,6.246326553900295,6.809263431706984,5.8352765682930166,5.141426618277343,39.65090599473167,35180.2,2.304162569649296,-1.808702368692071,-5.788262903549524,-0.0106931970205826
2010-01-26,6.0738,6.2614,6.0082,6.0082,20370,0,-1.5372009177318846,6.23322,6.235080000000001,6.3194550000000005,6.22364783448122,6.813324462722647,5.825585537277354,5.136412426833704,40.456087959820834,35765.15,4.214240537931487,-1.080048733906284,-5.598240238824714,-0.0154913834386397
2010-01-27,5.9989,6.0927,5.8584,6.0176,70673,0,0.1564528477747018,6.205080000000001,6.22383,6.3142949999999995,6.204024231197294,6.818942576766471,5.809647423233528,5.010376679962065,44.3196595342239,38779.65,3.999385497746829,0.3117238160329383,-1.8352066034811765,0.0015633058780967
2010-01-28,6.3082,6.3082,5.9052,6.0082,29086,0,-0.1562084551980702,6.06072,6.2182,6.298830000000001,6.185374304416599,6.821692393489669,5.775967606510332,4.998475792373664,49.53425381515491,38913.2,6.824493666598938,-4.755714783932022,-0.9283535328551308,-0.0015633058780966
2010-01-29,6.3738,6.4583,5.9615,5.9989,11777,0,-0.1547884557771106,6.02698,6.19665,6.278675000000001,6.167614846853113,6.815678110350159,5.741671889649842,4.923721111601875,40.79423773206996,38708.2,8.33347311918142,-5.881891493300703,-3.467752317198769,-0.0015490837687263
2010-02-01,5.924,5.952,5.6709,5.924,39419,0,-1.2485622364100002,5.9913799999999995,6.16573,6.258525,6.144413432867102,6.81767985426853,5.69937014573147,4.929032919763083,41.3921131824755,40077.9,4.956885150505217,0.0,-4.960533915163956,-0.0125642226815593
2010-02-02,5.924,6.1208,5.924,5.952,45524,0,0.4726536124240343,5.9801400000000005,6.10668,6.21213,6.126088344022616,6.704152246394203,5.720107753605797,4.578489321358412,46.21434340857884,40002.0,3.32207967589466,0.4726536124240307,-9.025601834161256,0.0047154011252383
2010-02-03,5.952,6.102,5.8021,5.8584,33113,0,-1.5725806451612925,5.9483,6.07669,6.169485,6.100594216020462,6.625899005388989,5.7130709946110105,4.243848465671886,45.6707137755745,40473.65,5.168818186518675,-1.572580645161296,-4.869850445739898,-0.0158507687660678
2010-02-04,6.2051,6.2051,5.7365,5.7553,24545,0,-1.7598661750648614,5.89772,5.97922,6.13715,6.067709052589942,6.615318706188913,5.658981293811087,2.52952943134068,40.16284551103493,38062.85,8.168744007670172,-7.24887592464263,-14.48291233283804,-0.0177553593656842
2010-02-05,5.7832,5.9426,5.7176,5.8021,38944,0,0.8131635188435071,5.85836,5.942670000000001,6.125435,6.042412952343281,6.624998671827684,5.625871328172317,0.9380756741363746,40.87232691086175,38672.8,3.9352175738071855,0.3268086872319885,-5.926130099228222,0.0080987515877017
2010-02-08,5.7927,5.9144,5.699,5.699,26691,0,-1.7769428310439372,5.81336,5.9023699999999995,6.08654,6.009706956882017,6.5919821905613265,5.581097809438674,1.001777667771836,30.43195842806105,38550.95,3.77961045797508,-1.6175531272118375,-6.604392002622095,-0.0179292001338779
2010-02-09,5.8114,5.9333,5.7927,5.8488,6746,0,2.628531321284444,5.79272,5.88643,6.060755,5.994382484798015,6.559057869114612,5.562452130885388,1.3935640388799444,41.9438804726951,37827.05,2.427192846168454,0.6435626527170712,-2.6530408441796327,0.0259457911441066
2010-02-10,5.8114,5.9801,5.8021,5.9052,13975,0,0.9643003693065256,5.80208,5.87519,6.04951,5.985888914817251,6.551361715989432,5.547658284010567,1.4429177201620027,20.660216277746105,36837.25,3.067854742248495,1.6140688990604657,-1.8678542940707257,0.0095968066808266
2010-02-11,5.8677,5.924,5.8208,5.8488,28262,0,-0.9550904287746408,5.820779999999999,5.85925,6.038725,5.972832827691799,6.548429851127191,5.52902014887281,1.4634825912321874,32.281013783903916,36218.7,1.7729521715228176,-0.3221023569712214,-2.6530408441796327,-0.0095968066808266
2010-02-12,5.7927,5.9708,5.7927,5.877,25984,0,0.4821501846532516,5.83576,5.84706,6.021855,5.963705891721151,6.5294077972530875,5.514302202746913,1.4822581088464166,36.95198329853858,36095.95,3.0745593591934623,1.455279921280229,-2.0320392071879856,0.0048099156335441
2010-02-16,5.924,5.924,5.8114,5.8303,14436,0,-0.7946231070273813,5.862019999999999,5.83769,6.00171,5.951000568700089,6.505914832645019,5.497505167354981,1.4530792586616634,39.08722856091274,34671.15,1.93757098117494,-1.5817015530047285,-1.581701553004733,-0.0079779706160421
2010-02-17,5.8584,5.8863,5.8303,5.877,11409,0,0.8009879423014121,5.86766,5.83019,5.968435,5.943952895490557,6.405774127835913,5.531095872164088,1.472290084284686,41.75269826372593,33955.4,0.9604994597190548,0.3174928308070492,-1.2600806451612878,0.0079779706160422
2010-02-18,5.8863,5.9052,5.8488,5.8584,16672,0,-0.3164880040837148,5.8583,5.83019,5.95344,5.935805000681932,6.383879962925894,5.523000037074105,1.3853214161096437,41.30687093779011,31690.9,0.9643003693065244,-0.4739819581061227,0.0,-0.0031698988657904
2010-02-19,5.8584,5.924,5.8395,5.8677,28010,0,0.1587464154035212,5.862080000000001,5.84143,5.910325,5.929318810140796,6.138452857731402,5.682197142268598,1.238231517681948,42.38625812441969,26702.85,1.4470416987755843,0.1587464154035322,1.9529824683335304,0.0015862054647217
2010-02-22,5.9052,6.2426,5.8584,6.177,36777,0,5.271230635513047,5.922079999999999,5.878919999999999,5.910795,5.952907494889291,6.141182193310609,5.6804078066893915,2.0316579958616985,61.54197080291968,26575.5,6.558104601939109,4.602723023775653,6.461453611623358,0.0513699824843172
2010-02-23,5.924,6.1583,5.8395,5.877,23116,0,-4.856726566294311,5.931419999999999,5.89672,5.899545,5.9456782096617395,6.111886943446891,5.687203056553108,2.595108112539295,47.258771929824555,27276.45,5.459371521534369,-0.7933828494260735,3.1233549745569356,-0.0497862890832486
2010-02-24,5.8959,5.9989,5.8959,5.952,5304,0,1.2761613067891808,5.94642,5.907039999999999,5.896735,5.94628028493205,6.104459982911902,5.689010017088097,2.495836844222001,53.46820809248557,26523.15,1.7469767126308071,0.9515086755202736,1.764464505539598,0.0126808699002773
2010-02-25,5.877,5.9052,5.8584,5.8863,9502,0,-1.1038306451612856,5.952,5.905150000000001,5.89017,5.940567876843284,6.089959089843482,5.690380910156518,2.511387261817971,54.9923780487805,23464.6,0.7988529291274098,0.1582440020418671,-0.3200568990042618,-0.0110996806187621
2010-02-26,5.9708,5.9708,5.8863,5.8863,8179,0,0.0,5.95572,5.9089,5.884075,5.935399507620114,6.075985284684942,5.692164715315059,2.4892510274818416,53.32753714827695,22419.25,1.4355367548374929,-1.4152207409392268,0.6411571604431732,0.0
2010-03-01,5.9426,6.1864,5.9426,6.1488,19633,0,4.459507670353191,5.95008,5.9360800000000005,5.89157,5.9557233640372464,6.111957907776654,5.671182092223345,2.8501502409981936,65.78688754738174,22812.05,4.102581361693539,3.4698616767071644,4.624808575803985,0.0436293239164138
2010-03-02,6.2051,6.2426,5.9615,6.0645,42136,0,-1.3709992193598697,5.9875799999999995,5.9595,5.898595,5.9660830436527466,6.131913174218142,5.665276825781858,2.884623369510801,57.9353984254286,22947.9,4.7152562274595375,-2.265878068040806,4.016945954753615,-0.0138048420616441
2010-03-03,6.0927,6.2332,6.0927,6.1676,6885,0,1.700057712919456,6.0307,5.98856,5.909375,5.985275134733437,6.171256828511826,5.647493171488174,2.911294234777593,59.332764262341755,21015.95,2.3060383737915915,1.229340029871821,4.9446996767058105,0.0168576845482624
2010-03-04,6.1676,6.2239,6.102,6.2051,6996,0,0.6080160840521431,6.09446,6.02323,5.92671,6.006210836187396,6.21856783056583,5.63485216943417,2.896357976303812,62.84519431826378,19710.1,1.9977056702720437,0.6080160840521377,5.917998088215226,0.0060617512471033
2010-03-05,6.2239,6.4394,6.2239,6.4394,20673,0,3.77592625421026,6.20508,6.080399999999999,5.960915,6.047466947026692,6.320645813247121,5.601184186752879,3.054696993102953,67.65222849968615,19516.5,3.4624592297434016,3.4624592297434016,9.743170237060506,0.0370638335118551
2010-03-08,6.1864,6.4207,6.1864,6.402,11399,0,-0.5807994533652217,6.25572,6.1029,5.99091,6.081231999690816,6.392490954150316,5.589329045849685,2.6776811589852474,68.04950432531415,18139.25,3.7873399715505,3.485064011379805,3.642544924720736,-0.0058249265263476
2010-03-09,6.2051,6.4957,6.2051,6.4863,5673,0,1.3167760074976442,6.34008,6.16383,6.0302750000000005,6.119809904482167,6.4644050405462625,5.5961449594537385,1.9448027224595847,68.7904767778943,17088.35,4.683244427970547,4.531756136081612,10.367534456355276,0.0130818187368062
2010-03-10,6.4676,6.5239,6.3738,6.5239,19369,0,0.5796833325624862,6.41134,6.22102,6.06403,6.158294675483866,6.541561305559028,5.586498694440972,1.946605844191901,70.28592330671222,17719.5,2.354953089208951,0.870492918547842,9.608534946236569,0.0057800963371946
2010-03-11,6.4583,6.552,6.3738,6.5425,14684,0,0.2851055350327369,6.478820000000001,6.28664,6.0958950000000005,6.194885658771117,6.612273219096557,5.579516780903444,1.83080274656723,70.4534432589719,17754.95,2.7958203897204097,1.3037486645092369,11.147919745850544,0.0028469988004917
2010-03-12,6.5425,6.5425,6.3738,6.4957,13168,0,-0.715322888803982,6.490080000000001,6.34758,6.12824,6.2235346436500585,6.660254014061032,5.596225985938968,1.8905713512730529,61.48799653954296,17000.25,2.6467727258464384,-0.7153228888039767,10.352853235478989,-0.0071789358952306
2010-03-15,6.4487,6.4487,6.2239,6.2426,22557,0,-3.896423788044401,6.458200000000001,6.35696,6.146520000000001,6.225350391873863,6.667189272136167,5.625850727863834,2.0355125158840672,63.63975526040892,16828.9,3.6118832243448513,-3.1959929908353515,1.5255009107468354,-0.0397436572603807
2010-03-16,6.2519,6.2519,5.8395,6.0458,34652,0,-3.1525325985967467,6.3701,6.355090000000001,6.1572949999999995,6.2082503545525425,6.658983884405743,5.655606115594256,2.2518554958099184,53.207934336525305,17839.7,7.062248480178095,-3.2965978342583884,-0.3083518839145815,-0.0320329461785627
2010-03-17,6.0645,6.2426,5.8959,6.1676,8551,0,2.014621720864085,6.29884,6.355090000000001,6.171825,6.204378892214205,6.6558550637677545,5.687794936232246,2.2803822876774538,59.26487056188657,17696.8,5.8803575365932295,1.700057712919456,0.0,0.0199459672270708
2010-03-18,5.9708,6.1394,5.9708,6.0271,46398,0,-2.278033594915374,6.19576,6.33729,6.18026,6.187495188193805,6.646858294038284,5.713661705961715,2.378696864104377,54.244543590980335,19183.1,2.82374221209889,0.942922221477863,-2.8686080804499525,-0.0230438169491446
2010-03-19,6.0738,6.0738,5.7553,5.8114,70834,0,-3.578835592573548,6.0588999999999995,6.27449,6.1774450000000005,6.1516765988420135,6.6525841617748105,5.7023058382251905,2.112541595226306,39.53344087355753,21324.3,5.534029503240495,-4.320194935625151,-9.752461409448088,-0.0364444606738014
2010-03-22,5.7739,6.1208,5.7271,5.9615,8052,0,2.5828543896479372,6.00268,6.23044,6.166670000000001,6.133564541809441,6.651526319899831,5.681813680100171,2.399754135646667,46.93013829279924,19888.05,6.874334305320318,3.2491037253849178,-6.880662293033424,0.025500621571935
2010-03-23,5.877,5.9989,5.877,5.952,15902,0,-0.1593558668120498,5.98392,6.17701,6.17042,6.116272680684732,6.64693146603476,5.69390853396524,2.306584953378348,43.19444444444444,19527.35,2.0741875106346797,1.2761613067891813,-8.237361824152444,-0.0015948297332589
2010-03-24,5.9333,6.0176,5.8677,5.877,9139,0,-1.2600806451612878,5.925800000000001,6.11232,6.16667,6.093484806333805,6.65152631989983,5.68181368010017,2.25426965797506,39.88282454517423,19719.1,2.5546636671949776,-0.9488817352906516,-9.91584788240164,-0.0126808699002773
2010-03-25,5.952,6.0552,5.877,5.8863,23037,0,0.158244002041874,5.89764,6.0466999999999995,6.16667,6.0737529200163,6.65152631989983,5.68181368010017,2.2464787225078804,30.19692087361264,20395.85,3.0321592649310936,-1.1038306451612845,-10.02980512036683,0.0015811892815153
2010-03-26,5.7271,5.924,5.4928,5.7832,41052,0,-1.751524726908249,5.892,5.97545,6.161515,6.0460812133480815,6.660897200533783,5.6621327994662165,2.2543129352400597,28.840103952947644,22039.5,7.850276725895728,0.9795533516090136,-10.968794741136444,-0.0176704542080782
2010-03-29,5.7832,5.9801,5.5677,5.7832,12643,0,0.0,5.85634,5.92951,6.143235,6.021044907314931,6.670560858608633,5.615909141391366,2.0509982891756775,24.486537484578037,21690.0,7.407008279900136,0.0,-7.359113190016986,0.0
2010-03-30,5.6427,5.924,5.6427,5.8021,15097,0,0.3268086872319831,5.82636,5.90514,6.130115,6.000193011380175,6.678332372465632,5.581897627534368,1.8851371809164044,23.447616244849968,20338.05,4.98520211955271,2.8248887943715006,-4.030897482549866,0.00326275828279
2010-03-31,5.7553,5.8677,5.7553,5.8114,14997,0,0.1602867927129825,5.8132399999999995,5.86952,6.112305000000001,5.982212724582063,6.678252006910556,5.546357993089446,1.7043614956722817,22.920216312319468,20743.65,1.9529824683335368,0.974753705280347,-5.775342110383297,0.0016015847053742
2010-04-01,5.8303,6.4676,5.7458,5.8395,36712,0,0.4835323674157621,5.80388,5.850759999999999,6.094025,5.968621036526629,6.670864767498617,5.517185232501384,1.620308289815631,25.353064903846203,22229.45,12.56221936022834,0.1577963398109853,-3.112608053624455,0.0048236710443683
2010-04-05,5.8303,6.0645,5.8303,5.9896,26073,0,2.5704255501327156,5.84516,5.86858,6.071535,5.970619033047902,6.626330219783096,5.516739780216904,1.3897501983740297,39.70037453183523,22499.45,4.016945954753607,2.73227792737938,3.0663867570636993,0.0253794551978553
2010-04-06,6.0552,6.1208,5.9708,6.0832,12245,0,1.5627086950714464,5.90516,5.88075,6.055594999999999,5.9813410299004826,6.588291522569212,5.522898477430787,1.233075468431016,51.66222222222222,22541.75,2.512226167347765,0.4624124719249501,2.041432525371123,0.0155062413776344
2010-04-07,6.0552,6.3738,6.0552,6.1114,19615,0,0.4635718043135117,5.96702,5.89669,6.036849999999999,5.993727598481389,6.530699845067425,5.543000154932574,1.2281179229617891,47.27554779910799,23238.85,5.2615933412604035,0.9281278900779428,2.678091397849469,0.004625006194231
2010-04-08,6.1114,6.1676,6.0927,6.0927,7213,0,-0.3059855352292473,6.02328,5.91826,6.01529,6.003153541483162,6.454205236511039,5.576374763488961,1.1289808225222924,53.60598065083552,22631.05,1.229340029871821,-0.3059855352292427,3.670239918325669,-0.0030645462811674
2010-04-09,6.0927,6.1864,6.0927,6.177,18747,0,1.3836230242749492,6.09078,5.94733,5.997014999999999,6.0197103470561935,6.368807671567118,5.625222328432881,1.1695982589508398,73.49010537136978,22834.2,1.537906018678092,1.383623024274949,4.938586208653972,0.0137413834887254
2010-04-12,6.2332,6.2332,6.0738,6.0738,41984,0,-1.670713938805235,6.10762,5.97639,5.97592,6.024861742574651,6.267882770516819,5.683957229483181,1.152550085094218,57.67810747983046,24275.0,2.624386710132039,-2.5572739523840045,5.024899709503394,-0.016848277863138
2010-04-13,6.0927,6.1488,6.0176,6.1114,34201,0,0.6190523230926281,6.1132599999999995,6.00921,5.96936,6.033103481377065,6.24130297699385,5.69741702300615,1.1394142434236405,60.49512773242033,24857.2,2.1802712044668935,0.3069246803551781,5.675058790980758,0.0061714406555801
2010-04-14,6.1488,6.3457,6.0271,6.3457,36965,0,3.8338187649311184,6.16012,6.06357,5.984355,6.062874578388773,6.303092109790075,5.665617890209925,1.5319803832680985,75.50887123108743,24972.85,5.286124338404871,3.2022508456934737,9.369021561158885,0.0376215386640489
2010-04-15,6.3364,6.3645,6.2614,6.3457,22360,0,0.0,6.21072,6.116999999999999,5.993259999999999,6.089810332827938,6.342084760105405,5.644435239894594,1.5415052609983808,75.25841213987246,25663.3,1.6465966077873884,0.1467710371819904,9.193998003923332,0.0
2010-04-16,6.3457,6.4676,6.28,6.327,21014,0,-0.294687741305133,6.2407200000000005,6.16575,6.008255,6.112399824939563,6.387649012520332,5.628860987479668,1.5835994017561912,82.95757575757582,24394.1,2.9872611464968113,-0.2946877413051348,8.34831749293603,-0.0029512280055057
2010-04-19,6.28,6.3738,6.2144,6.3364,9263,0,0.1485696222538468,6.29324,6.20043,6.034505,6.133733174945319,6.4289026431810985,5.640107356818902,1.4663589605571838,83.14956855225319,21315.55,2.56501029866117,0.8980891719745223,5.790036062508341,0.0014845936678114
2010-04-20,6.3457,6.3738,6.3364,6.3738,11292,0,0.5902405151190004,6.34572,6.22949,6.05512,6.156596682093384,6.47568401527806,5.634555984721939,1.425171275701718,83.51506624457738,21477.55,0.5902405151189931,0.4428195470948868,4.777091004734357,0.0058850541993271
2010-04-21,6.3645,6.3927,6.2144,6.3738,26467,0,0.0,6.3513399999999995,6.25573,6.07621,6.1772827123702045,6.51682664397388,5.63559335602612,1.4331645042753194,83.3333333333334,22005.8,2.8691426364572483,0.1461230261607436,4.293615210917312,0.0
2010-04-22,6.2895,6.3738,6.2239,6.327,25929,0,-0.7342558599265803,6.347600000000001,6.279159999999999,6.09871,6.19154150166828,6.542441872097583,5.6549781279024165,1.4636884697742436,78.26742433027952,22845.3,2.408457719436361,0.596231814929639,3.845585700920773,-0.0073696478671385
2010-04-23,6.4207,6.4676,6.3175,6.3831,18672,0,0.8866761498340425,6.35882,6.29977,6.12355,6.209785168176063,6.572803071335856,5.674296928664144,1.4342531867951238,75.60848626838478,22627.05,2.3759398496240625,-0.5856059308175168,3.3365711510441987,0.0088276826008975
2010-04-26,6.4207,6.7582,6.4207,6.5799,18842,0,3.083141420313029,6.40752,6.3503799999999995,6.163385,6.245034199778343,6.62663784343089,5.70013215656911,1.481588173608917,78.49684452094097,21516.55,5.256436214119961,2.479480430482661,8.332510125456881,0.0303656748877079
2010-04-27,6.5425,6.6081,6.1114,6.1301,39254,0,-6.835970151522064,6.35878,6.35225,6.18073,6.234088085513739,6.608678708682003,5.752781291317996,2.841578867062023,50.72306859484958,22847.1,8.127433975848424,-6.303400840657253,0.3059855352292473,-0.0708084846245885
2010-04-28,6.1488,6.2614,6.1114,6.1958,21259,0,1.0717606564330184,6.32318,6.337260000000001,6.2004150000000005,6.2304416011790975,6.589484579894698,5.811345420105303,2.554582356622695,53.84672785613016,23155.2,2.454429426972549,0.7643767889669626,-2.3622295412641603,0.0106605801152774
2010-04-29,6.2895,6.4113,6.2239,6.3927,32872,0,3.1779592627263487,6.33632,6.34196,6.22948,6.2458947820191835,6.58125064058614,5.877709359413859,2.7718307041546595,57.4241068355476,24048.95,3.0109738267002895,1.640829954686371,0.7406590289487314,0.031285071213805
2010-04-30,7.0019,7.4517,6.4113,6.4487,78267,0,0.8759991865721739,6.3494399999999995,6.3541300000000005,6.25994,6.265209564684023,6.5728866233274745,5.946993376672526,2.7775864472115472,63.336890786197046,26126.7,16.227598147021666,-7.900712663705571,1.9235024498182265,0.0087218457482285
2010-05-03,6.4957,6.6363,6.102,6.5614,59416,0,1.7476390590351665,6.345739999999999,6.3766300000000005,6.28853,6.293418177571259,6.601962844145138,5.975097155854861,2.8183377293909047,65.19654194245575,27793.85,8.75614552605703,1.01143833613005,3.55091218988699,0.0173254347144053
2010-05-04,6.4487,6.5425,6.2051,6.4676,41468,0,-1.4295729569908877,6.413239999999999,6.38601,6.30775,6.310006922564472,6.615255477913493,6.000244522086508,2.873928072197387,54.54816804716066,29255.0,5.437462732268628,0.2930823266704974,1.471649565408395,-0.014398897936958
2010-05-05,6.5614,6.627,6.4769,6.4863,45701,0,0.2891335271197892,6.4713400000000005,6.39726,6.3264949999999995,6.326796739463094,6.629274221110496,6.023715778889503,2.8733218300054286,55.17368266117162,30559.3,2.3174666893112468,-1.1445728045843866,1.7650381248234923,0.0028871634009551
2010-05-06,6.5239,6.6551,6.0552,6.2239,40780,0,-4.045449640010479,6.43758,6.386950000000001,6.333055,6.316997049990419,6.619764987158241,6.046345012841758,3.1701063198117243,46.78315132605305,32237.65,9.907187210992202,-4.598476371495575,-1.629524261103199,-0.0412955403755064
2010-05-07,6.2239,6.5332,6.2144,6.2519,37087,0,0.449878693423722,6.39822,6.37383,6.3368,6.310797330943712,6.616805601446725,6.056794398553276,3.1577121563764634,47.393744987971125,33154.65,5.13002059732234,0.4498786934237307,-2.0554276135420047,0.0044886976407014
2010-05-10,6.4957,6.7113,6.4207,6.6831,47422,0,6.89710328060269,6.42256,6.38415,6.367265,6.346254727996692,6.659121946031451,6.075408053968548,3.765076850944666,57.67531887438581,33426.55,4.52598626318002,2.884985451914333,1.568412893812976,0.066696534207128
2010-05-11,6.5988,6.8143,6.5988,6.7956,22359,0,1.6833505409166616,6.488160000000001,6.4507,6.4014750000000005,6.389049515806531,6.725659728851453,6.077290271148548,2.841783850417189,59.91350944815267,32834.45,3.26574528702189,2.982360429168948,10.856266618815358,0.0166933921688218
2010-05-12,6.7394,7.1142,6.5614,7.0582,40226,0,3.86426511272,6.60254,6.5369399999999995,6.437099999999999,6.452778133348766,6.872868847464444,6.001331152535554,2.975824501319619,65.60259474223284,32997.5,8.425031243332223,4.730391429504117,13.919106491494237,0.0379147175652554
2010-05-13,7.03,7.0768,6.8799,6.9081,23096,0,-2.126604516732311,6.73938,6.58848,6.46522,6.496142120648884,6.946374570195994,5.984065429804007,3.0847694171243982,60.77055637616938,33034.3,2.8619602029099305,-1.7339971550497884,8.062321084987566,-0.0214954253413316
2010-05-14,6.8425,6.8425,6.4207,6.5614,24935,0,-5.018746109639416,6.80128,6.59975,6.476940000000001,6.5023571567775615,6.955329805382783,5.998550194617219,3.5941620733890947,49.6424568049167,33230.35,6.5693771707134765,-4.108147606868839,1.7476390590351665,-0.0514906413290658
2010-05-17,6.6176,6.7113,6.4583,6.552,21264,0,-0.1432621086963181,6.775060000000001,6.59881,6.48772,6.50708504660827,6.962478259149873,6.012961740850128,3.55503888864772,59.82671076536079,33830.4,3.9174395738816594,-0.9912959381044604,-0.1432621086963181,-0.0014336482697122
2010-05-18,6.6644,6.7113,6.402,6.4487,28868,0,-1.576617826617821,6.705679999999999,6.59692,6.491465000000001,6.501524565978911,6.963614054408019,6.019315945591982,3.562099112691778,55.78903996703748,34709.2,4.831302717900647,-3.2366004441510117,-0.2922258643082487,-0.0158917864446929
2010-05-19,6.402,6.5895,6.327,6.4207,29415,0,-0.434196039511836,6.578180000000001,6.59036,6.493810000000001,6.493826988266633,6.9639600584633845,6.023659941536617,3.563535376269152,50.69465118586882,34856.6,4.1488857278330995,0.2920962199312705,-1.0113624100026142,-0.0043514140800964
2010-05-20,6.2708,6.5425,5.9144,6.0458,54700,0,-5.838927219773549,6.40572,6.57255,6.47975,6.451157751288859,6.986312996549415,5.973187003450585,3.822932245551949,41.37000385554556,36295.15,10.61984309481944,-3.5880589398481932,-2.861549832098853,-0.0601633299379889
2010-05-21,5.9615,6.1676,5.924,6.0176,42972,0,-0.4664395117271458,6.29696,6.54912,6.461475,6.409866536880396,7.007550128337588,5.915399871662412,3.8159505984915576,37.914481287225534,37510.15,4.112086428089126,0.9410383292795408,-3.7476607111438183,-0.0046753073540549
2010-05-24,6.0176,6.1864,6.0176,6.1301,31319,0,1.8695160861472937,6.21258,6.4938199999999995,6.438985,6.383222104796549,7.001331517165226,5.876638482834774,3.005054894092559,42.56116376460215,38134.0,2.8051050252592407,1.869516086147298,-8.274603103350241,0.0185225542948291
2010-05-25,5.9989,6.1488,5.9801,6.0552,24848,0,-1.2218397742287943,6.13388,6.41978,6.43524,6.351981904339735,7.007163827831595,5.863316172168406,2.873848784575672,40.72783584978706,37413.7,2.821023059815043,0.9385053926553242,-10.895285184531168,-0.0122936560159433
2010-05-26,6.2239,6.3645,6.0176,6.1114,27781,0,0.9281278900779456,6.07202,6.3251,6.431019999999999,6.329069342021665,7.011563261364066,5.850476738635932,2.424042096968951,47.34481944772243,37739.8,5.7647567136399855,-1.8075483217918136,-13.414184919667916,0.0092384724933834
2010-05-27,6.2426,6.627,6.2426,6.6176,28546,0,8.282881172890022,6.18638,6.296049999999999,6.442265000000001,6.356548452305316,7.02836889693248,5.856161103067522,3.8778382814178127,57.04162976085032,37523.5,6.157690705795652,6.00711242110659,-4.20520837857008,0.0795768869456595
2010-05-28,6.5799,6.6081,6.3364,6.3738,20728,0,-3.684115087040618,6.25762,6.27729,6.43852,6.358191456847667,7.025407417159791,5.8516325828402085,3.719491832258361,43.58112314780228,34646.55,4.287923742187994,-3.1322664478183584,-2.8591459139817643,-0.0375369284199778
2010-06-01,6.2989,6.4583,5.9989,6.1208,35574,0,-3.969374627380839,6.25576,6.234170000000001,6.4164900000000005,6.335582746671698,7.016878484408191,5.81610151559181,3.902059809603182,36.76758961487175,33454.45,7.65807064628516,-2.827477813586494,-6.58119658119658,-0.0405030310963806
2010-06-02,6.2239,6.552,6.2144,6.5425,27679,0,6.889622271598483,6.35322,6.24355,6.420235,6.3552891517505845,7.022895918104006,5.817574081895994,4.536218433605501,40.4813762043634,32765.0,5.4325437693099765,5.118976847314385,1.4545567323646758,0.0666265484866588
2010-06-03,6.6081,6.6176,6.4769,6.552,15282,0,0.145204432556345,6.441339999999999,6.25668,6.423520000000001,6.374023518250529,7.028409284692894,5.8186307153071075,4.530410326545283,43.06739866837985,31244.05,2.1723355308867007,-0.8489580968811111,2.044948370115396,0.0014509911286042
2010-06-04,6.4207,6.5988,6.1488,6.1488,34957,0,-6.153846153846154,6.34758,6.26698,6.419765,6.352573659369526,7.0307733823177845,5.808756617682215,4.578612469108403,42.14035355074672,30952.9,7.318501170960191,-4.23474076035324,1.7036620463793062,-0.0635134057223258
2010-06-07,6.1583,6.3175,6.1301,6.1583,29977,0,0.1545016913869323,6.30448,6.28105,6.4150849999999995,6.334071406096237,7.032903001730765,5.797266998269234,4.571841799363841,42.500666692064456,30597.4,3.0570463777099923,0.0,2.33814145174156,0.0015438246031727
2010-06-08,6.2519,6.2519,6.0927,6.102,22930,0,-0.9142133380965368,6.30072,6.27824,6.38603,6.311969367420406,7.005431572317112,5.766628427682888,4.551991648502052,43.27553434966446,29372.8,2.61296305414677,-2.3976711079831685,-0.4583938271806254,-0.0091841791371371
2010-06-09,6.1676,6.2332,6.1394,6.177,28234,0,1.2291052114060896,6.22762,6.29042,6.355099999999999,6.299115141951796,6.949670100332973,5.760529899667025,4.542133060464977,45.3579183968913,29666.55,1.5278365964100709,0.152409365069061,2.011494252873547,0.0122161304192841
2010-06-10,6.2051,6.2519,6.1394,6.2519,35071,0,1.2125627327181476,6.1676,6.30447,6.314785,6.294618461765911,6.8095968761067445,5.819973123893255,4.547455089134313,54.43244870747129,29408.8,1.832426621493954,0.7542183042980802,2.298982229930946,0.0120527008359107
2010-06-11,6.1676,6.3831,6.1676,6.3645,19191,0,1.8010524800460503,6.2107399999999995,6.279159999999999,6.287605,6.301273846359633,6.697652008729309,5.877557991270691,3.6619486968155046,57.19918648570125,29213.55,3.4940657630196443,3.1924897853297782,-3.82464941972922,0.0178502567786792
2010-06-14,6.4394,6.5895,6.0927,6.1208,51880,0,-3.8290517715452888,6.203239999999999,6.25386,6.265575,6.284085860992049,6.6607596730187115,5.870390326981289,3.676959693632735,49.81696516433774,30560.8,8.154020385050968,-4.947665931608535,-3.969374627380839,-0.0390428673928471
2010-06-15,6.1394,6.28,6.0832,6.1958,89533,0,1.2253300222193175,6.2219999999999995,6.26136,6.247765,6.2756776837547115,6.6200402930143305,5.87548970698567,3.468837039077067,52.76706289852791,33974.25,3.235139400315632,0.9186565462423038,1.2253300222193175,0.0121788362085363
2010-06-16,6.1864,6.3738,6.1864,6.2895,80306,0,1.512314793892644,6.2445,6.23606,6.239805,6.2769940948256915,6.600621894661427,5.878988105338572,2.627149512622706,53.45409410030644,36546.15,3.029225397646454,1.666558903401015,-3.8670233091326,0.0150099331527486
2010-06-17,6.4113,6.4301,6.2332,6.2895,13605,0,0.0,6.25202,6.20981,6.233245,6.278185133413721,6.584867665426358,5.881622334573643,2.624436368058331,42.0821468217578,35755.65,3.1588910992748556,-1.8997707173272107,-4.006410256410242,0.0
2010-06-18,6.3457,6.4863,6.327,6.3551,58179,0,1.0430081882502495,6.25014,6.23044,6.248710000000001,6.28551035880289,6.592745664613057,5.904674335386945,1.6813629885831458,49.5062575909595,35929.6,2.51778093883357,0.148131805789752,3.35512620348688,0.0103760638620507
2010-06-21,6.4207,6.4207,6.1864,6.1864,29343,0,-2.654560903841019,6.263260000000001,6.23325,6.25715,6.2760712770121385,6.58522527698358,5.92907472301642,1.9323612484148165,51.81275560959434,35248.15,3.7873399715505,-3.6491348295357233,0.4562947566698616,-0.0269043058461523
2010-06-22,6.2332,6.3082,6.0927,6.102,17824,0,-1.3642829432303103,6.2445,6.23325,6.255745,6.25949306015384,6.586342204272988,5.925147795727012,1.962643160572644,35.03838054479992,34573.4,3.537019712114506,-2.1048578579220907,0.0,-0.0137367480182107
2010-06-23,6.1114,6.177,6.0927,6.1394,17622,0,0.6129137987544997,6.21448,6.22949,6.259955,6.248055625853475,6.581828564421056,5.938081435578943,1.9297764316076416,36.24666666666666,34212.1,1.383623024274949,0.4581601597015491,-0.6087097296422095,0.0061104312199687
2010-06-24,6.0927,6.1301,5.9801,6.0082,23843,0,-2.1370166465778384,6.15822,6.20512,6.254795,6.225212232915049,6.589739391141762,5.919850608858237,1.9775309018478495,44.27524429967429,34015.2,2.5083192588752605,-1.386905641177136,-3.898015003438948,-0.0216018146586085
2010-06-25,6.0552,6.0552,5.6709,5.6802,202654,0,-5.459205752138752,6.0232399999999995,6.13669,6.2079249999999995,6.173306305970758,6.588364578852311,5.827485421147688,2.3800083448344593,34.542515357258324,42720.6,6.7767021107760765,-6.1930241775663895,-10.751826537827004,-0.0561387594750747
2010-06-28,5.7458,5.8959,5.7271,5.8208,28019,0,2.475264955459311,5.95012,6.1066899999999995,6.180275,6.139734276830686,6.589265695428144,5.771284304571856,2.413021403803587,41.378464557272494,43085.15,2.9473904768556523,1.3053012635316263,-4.90132008887727,0.0244512659609025
2010-06-29,5.7553,5.7646,5.5303,5.652,41312,0,-2.8999450247388703,5.86012,6.05231,6.156835,6.093283393323002,6.629029680078212,5.6846403199217885,2.4425534039278713,34.77907920677259,43372.05,4.236659855704017,-1.794867339669521,-8.776913392943609,-0.029428244519385
2010-06-30,5.6709,5.7083,5.6053,5.6802,54390,0,0.49893842887474,5.76828,5.99138,6.11372,6.053942117768431,6.595025787907344,5.632414212092655,2.3512577938161012,32.9638238274033,44707.6,1.8375466076748903,0.1639951330476737,-9.687574528976873,0.0049769785584825
2010-07-01,5.6427,5.7832,5.6427,5.6896,23318,0,0.1654871307348315,5.70456,5.93139,6.070600000000001,6.019242868457152,6.540978172604323,5.6002218273956785,2.359555763020827,28.570521369149716,45109.4,2.4899427578995925,0.8311623868006598,-9.538119087367836,0.0016535035166301
2010-07-02,5.7458,5.7927,5.6146,5.6146,32713,0,-1.3181946006749157,5.69144,5.85734,6.043889999999999,5.980705452413614,6.5545173742836775,5.533262625716321,2.251169556695716,31.998577524893335,44997.2,3.1720870587397085,-2.283407010337982,-11.652058976255288,-0.0132695990005273
2010-07-06,5.7553,5.7553,5.4177,5.4272,59146,0,-3.337726641256733,5.61272,5.78142,6.007334999999999,5.927990647421841,6.583896138493112,5.430773861506887,2.3095531732288666,24.69046364594311,46455.65,6.231426620152466,-5.700832276336595,-12.272080693133326,-0.0339470007214742
2010-07-07,5.4083,5.5303,5.3898,5.5303,41662,0,1.8996904481132224,5.58838,5.72425,5.97875,5.89011534766738,6.591125345854115,5.3663746541458845,2.517067202651378,25.153815944495378,47392.25,2.606775761623813,2.255792023371499,-9.369059324811534,0.0188187164353183
2010-07-08,5.5677,5.6896,5.4553,5.5209,29777,0,-0.1699726958754532,5.556520000000001,5.6624,5.945945,5.854951981222867,6.583385132090394,5.308504867909606,2.4748766505851765,25.000000000000018,47469.4,4.294905871354466,-0.8405625303087482,-10.074274359057888,-0.0017011731335889
2010-07-09,5.5303,5.624,5.4833,5.6053,15186,0,1.528736256769725,5.5396600000000005,5.62211,5.913615,5.831175602058785,6.551307073107924,5.275922926892076,2.56234057466928,25.90616966580977,46475.15,2.5659730454288447,1.35616512666581,-6.705835358343604,0.0151716882542703
2010-07-12,5.6333,5.8584,5.4833,5.4833,14786,0,-2.1765115158867476,5.5134,5.60242,5.869555,5.798044592338901,6.4977757371863785,5.241334262813622,2.035551787731455,26.70774531239647,46254.9,6.840771068517129,-2.6627376493352095,-3.4664272384775208,-0.0220054692339535
2010-07-13,5.5677,5.7739,5.5677,5.7646,30170,0,5.1301223715645605,5.58088,5.5968,5.851745,5.794859393068529,6.470094029270215,5.233395970729785,2.550555814393064,40.112530770132445,45169.4,3.703504139950068,3.536469278157936,-0.9655030236393692,0.0500286576012969
2010-07-14,5.7739,5.8863,5.7176,5.7458,8448,0,-0.3261284390937757,5.6239799999999995,5.60618,5.829245,5.790187069919145,6.427296965617005,5.231193034382995,2.3554182891988247,38.338468831476646,41115.15,2.9505386875612194,-0.4866727861584065,1.6595895258315618,-0.003266613969546
2010-07-15,5.7832,5.7832,5.624,5.6427,7532,0,-1.794354136934817,5.648339999999999,5.60243,5.796905000000001,5.776140682307798,6.359036486678344,5.234773513321657,2.4323218756776304,38.98764688159082,37476.45,2.830725462304414,-2.429450823073736,-0.6601880215485467,-0.0181064787664578
2010-07-16,5.624,5.6896,5.4365,5.4365,30392,0,-3.654278979920955,5.61458,5.577119999999999,5.754255000000001,5.743793950659436,6.287728734271248,5.220781265728753,2.68345363675989,42.07582753462963,38315.8,4.655568840246496,-3.3339260312944528,-4.448467379077625,-0.0372272029070643
2010-07-19,5.4647,5.5864,5.4459,5.5115,9388,0,1.3795640577577428,5.620219999999999,5.56681,5.7120750000000005,5.721670717263299,6.174142390276903,5.250007609723098,2.7187056398063216,39.49459955166089,35876.25,2.579922510512501,0.8564056581331121,-1.8362839739251344,0.0137013469655659
2010-07-20,5.4459,5.624,5.4365,5.6146,13234,0,1.8706341286401251,5.59022,5.58555,5.683485,5.711473506095365,6.089317271679144,5.277652728320856,2.533171720292625,48.67036405005689,35070.8,3.4489101443943717,3.097743256394724,3.4529775943396235,0.0185335294756333
2010-07-21,5.6709,5.8021,5.5209,5.5209,11372,0,-1.6688633206283665,5.54524,5.58461,5.65443,5.693323648371997,6.014757167708577,5.294102832291422,2.54486986212128,44.588626944765274,34748.2,5.093372457389195,-2.645082791091352,-0.1699726958754532,-0.0168294574197449
2010-07-22,5.6146,5.8021,5.6146,5.7927,21043,0,4.923110362440908,5.575239999999999,5.61179,5.637095,5.702788062812759,5.925331770179694,5.348858229820307,2.977326855227225,52.97238078763764,34919.25,3.339507712036476,3.1720870587397085,4.923110362440908,0.0480576136573442
2010-07-23,5.7739,6.1208,5.6615,6.1114,40610,0,5.5017522053619095,5.71022,5.6624,5.6422550000000005,5.74170348540202,5.960588115659881,5.32392188434012,3.3663784984417893,62.5581395348837,35757.6,8.112690982955044,5.845269228770839,9.028954739264616,0.0535573753717383
2010-07-26,6.1114,6.1114,5.7927,5.924,49825,0,-3.066400497431021,5.792720000000001,5.70647,5.654445000000001,5.759065058220876,5.996671262333841,5.312218737666161,3.467527000959323,62.55813953488373,28116.15,5.5017522053619174,-3.06640049743102,8.037130924808068,-0.0311439831006516
2010-07-27,5.9801,6.0271,5.7646,5.8488,32265,0,-1.2694125590817062,5.8395600000000005,5.71489,5.655845,5.767611243152221,6.001151896145628,5.310538103854372,3.162779541339226,58.166247884723845,28328.45,4.55365506713389,-2.195615457935493,1.4606390729625662,-0.0127753844085832
2010-07-28,5.8488,6.0271,5.7927,5.952,34854,0,1.764464505539598,5.9257800000000005,5.73551,5.670845,5.785172077137723,6.040643821408616,5.301046178591384,3.193846375826737,60.54601497137825,28005.55,4.0464722840816885,1.764464505539601,3.588708273869612,0.0174907855338216
2010-07-29,6.0927,6.4583,6.0927,6.4583,60656,0,8.506384408602162,6.0588999999999995,5.817069999999999,5.70975,5.8492794983627014,6.220537612675338,5.198962387324661,3.973831711661429,67.29661773055398,28318.85,6.000623697211427,6.000623697211427,14.45407340457583,0.0816388277368682
2010-07-30,6.3831,6.5988,6.3082,6.4769,59678,0,0.2880014864592661,6.132000000000001,5.9211100000000005,5.749115,5.909052879471016,6.364088677741742,5.134141322258258,3.590611871996794,71.02946156451065,30136.85,4.606702387368814,1.4695054127304896,19.137312609215495,0.0028758755673697
2010-08-02,6.6456,6.7863,6.6176,6.7675,42717,0,4.486714323210195,6.3007,6.04671,5.80676,5.990809748092824,6.5675033716261355,5.046016628373864,3.681277229345372,71.14306193869376,30637.05,2.54926257253384,1.8342963765498992,22.788714506032836,0.0438897416712905
2010-08-03,6.8613,7.03,6.5799,6.8143,106721,0,0.6915404506834255,6.4938,6.16668,5.876115,6.069237391131602,6.737428379670501,5.0148016203295,3.7094124670774424,72.26319956661249,33015.8,6.840529491329654,-0.6850013845772625,21.367506144694183,0.0068916027665243
2010-08-04,6.8706,6.9081,6.7863,6.9081,33768,0,1.3765170303626115,6.68502,6.305400000000001,5.945005,6.149129068166688,6.904646039193659,4.985363960806342,3.4919368081875577,76.46837349397592,32621.1,1.7947924494938383,0.5458038599249051,25.126338097049384,0.0136712908767028
2010-08-05,6.8799,6.8799,6.627,6.7394,28572,0,-2.442060769241905,6.7412399999999995,6.4000699999999995,6.00593,6.205345347388908,7.006065584702843,5.005794415297157,3.654875042881648,77.68710952441667,32560.85,3.816206428248081,-2.0421808456518304,16.342983410154165,-0.024723735959428
2010-08-06,6.7019,6.8894,6.7019,6.8425,25018,0,1.529809775350932,6.814359999999999,6.473179999999999,6.0677900000000005,6.266026742875678,7.115504295929078,5.020075704070923,3.387846583760616,77.95044099118017,33052.45,2.797714081081484,2.0979125322669696,11.962889027064191,0.0151822617425789
2010-08-09,6.9175,7.03,6.8988,7.03,40086,0,2.740226525392764,6.86686,6.58378,6.145125,6.3387861006970425,7.238521966242774,5.051728033757226,3.059631492214945,78.7052810902896,34317.45,1.901780019713583,1.6263100831225126,18.66981769074949,0.0270335438898764
2010-08-10,6.9644,7.1987,6.7863,6.7863,30403,0,-3.466571834992893,6.86126,6.67753,6.19621,6.381406472059229,7.31002921976379,5.082390780236209,3.365524329045846,74.19132828630418,34329.1,6.076949147547263,-2.5572913675262847,16.028929011079196,-0.0352808317728111
2010-08-11,6.7019,6.805,6.4676,6.4863,43166,0,-4.420671057866576,6.7769,6.7309600000000005,6.233235,6.391396331863112,7.333156909715919,5.13331309028408,3.854106325449211,63.11847480708125,36065.0,5.216772836910132,-3.2169981646995667,8.97681451612904,-0.0452136137652847
2010-08-12,6.4207,6.6176,6.3364,6.402,40247,0,-1.2996623652929973,6.70942,6.72533,6.2712,6.3924062050190065,7.337191725058956,5.205208274941045,2.8209795613532305,56.03104765067243,37700.75,4.437851145761002,-0.2912455028267936,-0.8717464348203086,-0.0130818187368063
2010-08-13,6.3645,6.4676,6.2239,6.2332,40180,0,-2.636676038737895,6.587559999999999,6.70096,6.311035,6.377243709302911,7.302640881545296,5.319429118454705,2.9313090507491193,56.4669957332887,38190.15,3.91555134240588,-2.0630057349359654,-3.7626024795812785,-0.0267205969583489
2010-08-16,6.2051,6.505,6.0832,6.1488,76888,0,-1.354039658602335,6.411319999999999,6.63909,6.342899999999999,6.355487165559776,7.264836974669413,5.420963025330585,2.394556769437901,56.25052087673973,41565.15,6.9338506049447695,-0.9073181737602978,-9.142223864056154,-0.01363290376088
2010-08-17,6.2144,6.3364,6.102,6.1676,40732,0,0.3057507155867833,6.28758,6.574420000000001,6.37055,6.337593149792178,7.231683369461105,5.509416630538895,2.368528440496586,54.65578301805304,42940.05,3.841363487381185,-0.753089598352217,-9.490336498246332,0.0030528424866181
2010-08-18,6.1676,6.2332,6.0458,6.1208,32608,0,-0.7588040728970791,6.21448,6.495689999999999,6.400544999999999,6.316946183145304,7.174440364815972,5.626649635184027,2.225752719416618,40.907376475025586,44001.85,3.0996724999173018,-0.7588040728970779,-11.3967661151402,-0.0076169763795555
2010-08-19,6.0832,6.177,5.9896,5.9896,28667,0,-2.1435106522023184,6.132,6.42071,6.410390000000001,6.285770356179085,7.156228057489318,5.664551942510685,2.2088855870631616,37.62255524511052,44383.05,3.128756511286218,-1.5386638611257144,-11.12561949134937,-0.0216681750011665
2010-08-20,5.952,6.0927,5.952,6.0176,73264,0,0.467476960064106,6.0888800000000005,6.33822,6.4057,6.260230322257267,7.160579213760625,5.650820786239376,2.087893530741494,28.02039978896771,46015.75,2.3639112903225774,1.1021505376344063,-12.055535257581296,0.0046638767995964
2010-08-23,6.0738,6.1488,5.9333,5.9333,23889,0,-1.4008907205530383,6.04578,6.22855,6.406165,6.229094101089908,7.159805291902167,5.6525247080978325,1.5479236315588425,24.73327979809568,44718.95,3.632042876645367,-2.3132141328328277,-15.600284495021343,-0.014107958097314
2010-08-24,6.1394,6.1394,5.7832,5.7927,42346,0,-2.3696762341361532,5.9708000000000006,6.1291899999999995,6.403359999999999,6.187532758128964,7.1660976217142975,5.640622378285701,1.4417517740722965,18.847056194838583,45223.0,6.1592198091022325,-5.647131641528492,-14.641262543654122,-0.0239820465021551
2010-08-25,5.7832,6.0927,5.7832,6.0927,27411,0,5.178932104200107,5.965179999999999,6.08983,6.410394999999999,6.178501066878587,7.158050308913676,5.662739691086323,2.278959598612582,33.1720010408535,44850.85,5.351708396735369,5.351708396735369,-6.0681744600157295,0.0504928290905709
2010-08-26,6.1394,6.3175,6.1394,6.177,29391,0,1.3836230242749492,6.0026600000000006,6.06733,6.396330000000001,6.178358108128245,7.150743964540805,5.641916035459197,2.344594240453119,32.51169390865611,43287.6,2.9009349447828727,0.6124376974948595,-3.51452671040301,0.0137413834887254
2010-08-27,6.2614,6.3082,6.177,6.2895,21138,0,1.8212724623603904,6.057039999999999,6.07296,6.38696,6.18894305021127,7.141815472816845,5.632104527183156,2.2808085051352833,29.742299064397884,41360.6,2.124008418326059,0.4487814226850263,0.90322787653212,0.0180488595830281
2010-08-30,6.28,6.28,5.9989,6.0832,30929,0,-3.280069957866294,6.08702,6.0664,6.352745,6.178872283524482,7.096933480582046,5.608556519417953,2.490171739536706,30.363626207898136,40771.2,4.685859074163603,-3.1337579617834477,-1.066874837366638,-0.0333507029848171
2010-08-31,6.0645,6.2519,6.0082,6.1114,29185,0,0.4635718043135117,6.15076,6.060779999999999,6.3176000000000005,6.172446351760246,7.0359518152867375,5.599248184713264,2.4933833338550615,37.65558116562397,36894.4,4.056123298159175,0.7733531206200007,-0.9112134379661518,0.004625006194231
2010-09-01,6.2051,6.5425,6.1958,6.3645,51022,0,4.141440586445011,6.205119999999999,6.0851500000000005,6.29042,6.190737175402127,6.953724904406684,5.627115095593316,2.8038167594031957,48.88875718603685,37757.1,5.595726137060593,2.5688546518186617,3.981505685531306,0.0405797948221481
2010-09-02,6.3364,6.4583,6.3364,6.3645,39908,0,0.0,6.24262,6.12264,6.271675,6.20728601584002,6.901921557851484,5.641428442148516,2.66398183558417,54.323345406651285,38323.9,1.9238053153210044,0.4434694779369886,6.259182583144107,0.0
2010-09-03,6.2426,6.4676,6.2426,6.4676,27402,0,1.6199230104485984,6.27824,6.1676400000000005,6.25293,6.232077823855256,6.831907112900494,5.673952887099507,2.6805379956409627,60.369502992453825,38443.1,3.604267452663948,3.604267452663948,7.478064344589219,0.0160694225551704
2010-09-07,6.4583,6.5332,6.1583,6.2239,34173,0,-3.768012864122694,6.30638,6.1967,6.212625,6.231298983488089,6.661432532889522,5.763817467110478,2.9799488520034023,51.597525679586866,38147.45,6.087719013364082,-3.6294380874223857,4.897780324608569,-0.0384083769745511
2010-09-08,6.2614,6.3364,6.2239,6.28,22476,0,0.901364096466839,6.3401,6.245430000000001,6.18731,6.235937175536843,6.5484203805580785,5.826199619441922,2.80182442732892,54.493620864852666,37751.1,1.8075483217917996,0.2970581659053913,8.412312047922388,0.008973260571136
2010-09-09,6.3457,6.402,6.2989,6.3364,13506,0,0.8980891719745143,6.33448,6.2698,6.179815,6.245505063580953,6.520437546306117,5.839192453693882,2.358190982091541,60.22044088176353,36268.1,1.636793725888654,-0.1465559355153827,3.999868695323916,0.0089408033524511
2010-09-10,6.3364,6.4207,6.2708,6.2989,19925,0,-0.5918186983145057,6.32136,6.28199,6.17466,6.250590295620862,6.504060171922526,5.845259828077475,2.351054751095996,58.2439481859211,35252.0,2.3904446003699635,-0.5918186983145087,1.973449894770929,-0.0059357688545836
2010-09-13,6.3738,6.5143,6.3738,6.4769,31501,0,2.825890234802908,6.32322,6.30073,6.186845,6.2721436007998275,6.542357631945921,5.8313323680540785,2.446576598534276,65.10167796421823,34818.05,2.2043365025573487,1.6175593837271254,2.979569123141723,0.0278669858570539
2010-09-14,6.4394,6.5895,6.4394,6.5143,26507,0,0.5774367367104682,6.3813,6.34384,6.20512,6.295206115009368,6.588854747201708,5.821385252798292,2.094473189895033,71.26606153483436,32299.0,2.330962512035285,1.1631518464453272,7.086730668069441,0.0057577596100498
2010-09-15,6.4676,6.5988,6.4676,6.5332,22105,0,0.2901309426952991,6.43194,6.38602,6.2234,6.3178721992941895,6.6335332928380355,5.813266707161964,2.0974270598493576,65.55987283645354,31367.65,2.028573195621247,1.0142865978106237,6.901855548646796,0.0028971087517684
2010-09-16,6.5425,6.7019,6.4957,6.5332,17169,0,0.0,6.471299999999999,6.402889999999999,6.24402,6.338379608885219,6.673447979868767,5.814592020131233,1.7138878703886629,63.37890624999999,30595.7,3.1744076850839775,-0.1421474971341311,2.6506402702490384,0.0
2010-09-17,6.627,6.627,6.3927,6.4583,34299,0,-1.1464519684075136,6.50318,6.412270000000001,6.267455,6.349800598515198,6.689515671492248,5.845394328507752,1.7717178936356266,56.52442795299938,30877.3,3.6651180252475513,-2.54564659725365,1.473799984287849,-0.0115307439291881
2010-09-20,6.402,6.6551,6.2144,6.5143,37134,0,0.8671012495548469,6.51066,6.416939999999999,6.2922899999999995,6.365467208180418,6.710887064892095,5.873692935107904,1.7180023240248723,68.85331933875626,29070.8,7.091593717816677,1.7541393314589235,0.7220607335023832,0.0086336351774198
2010-09-21,6.5614,6.5614,6.4113,6.4113,18613,0,-1.5811368834717563,6.49006,6.43568,6.31619,6.369832235972758,6.701765986912627,5.930614013087372,1.2478523001597248,62.3101551596749,28807.0,2.341178856082232,-2.2876215441826457,3.010973826700281,-0.0159377019629606
2010-09-22,6.4113,6.4113,6.3175,6.3645,12150,0,-0.7299611623227786,6.45632,6.4441299999999995,6.34478,6.3693244039753525,6.6414709829567755,6.048089017043225,1.267566576398942,50.0,27297.2,1.4847645429362863,-0.7299611623227766,1.3455414012738751,-0.0073263841537659
2010-09-23,6.3082,6.4583,6.2519,6.2708,16241,0,-1.4722287689527769,6.40384,6.437569999999999,6.3536850000000005,6.359941127406271,6.6283959660016185,6.078974033998382,1.3303160050061948,45.76209859791953,26738.7,3.3013963755018536,-0.5928791097301904,-1.035288176251492,-0.0148317361161131
2010-09-24,6.327,6.4863,6.2989,6.4583,22424,0,2.99004911654015,6.40384,6.45351,6.36775,6.369308639081865,6.633014225769555,6.102485774230445,1.6303815213258113,49.60921085805531,26390.35,2.975122640461037,2.075233127864714,2.5306005810538545,0.0294621870554199
2010-09-27,6.4769,6.5614,6.402,6.4301,33045,0,-0.4366474149544053,6.3870000000000005,6.448829999999999,6.3747799999999994,6.375098292502639,6.638761782464475,6.110798217535524,1.3652023163683686,60.58087027914614,26985.7,2.48984692283661,-0.7225678951350073,-0.7225678951350067,-0.0043760350395301
2010-09-28,6.4394,6.5425,6.3457,6.505,16893,0,1.1648341394379536,6.40574,6.4479,6.39587,6.387469883692864,6.627137856549766,6.164602143450235,1.4078464893672225,61.32702376157872,26283.9,3.1013126999385494,1.0187284529614542,-0.1427628448183338,0.0115810217363397
2010-09-29,6.505,6.5332,6.28,6.3364,55672,0,-2.5918524212144467,6.400119999999999,6.4282200000000005,6.407120000000001,6.382606085245925,6.598588096557727,6.215651903442275,1.6196680490336923,50.0,27608.25,4.031847133757957,-2.591852421214445,-3.0123063735994604,-0.0262603281319099
2010-09-30,6.4394,6.4676,6.1488,6.402,39784,0,1.035288176251492,6.42636,6.415100000000001,6.408995,6.384453124746313,6.599437470659823,6.218552529340177,1.6727403618760806,54.547860608734034,27046.35,5.184751496226913,-0.5807994533652184,-2.0082042490663032,0.0102996577151126
2010-10-01,6.4207,6.4207,6.2426,6.3927,16218,0,-0.1452671040300002,6.413239999999999,6.40854,6.410405,6.385238541437141,6.599875480687811,6.2209345193121885,1.6387565693054884,45.63640132669983,25861.85,2.8529779258642183,-0.4360895229492185,-1.0157471780499638,-0.0014537271898247
2010-10-04,6.3551,6.4301,6.2426,6.2426,14493,0,-2.3479906768657854,6.3757399999999995,6.3813699999999995,6.3991549999999995,6.371653918443127,6.6006632861022325,6.1976467138977664,1.7422405874047326,37.39211136890948,25216.4,3.003556210553295,-1.7702317823480325,-4.170824186789068,-0.0237599520912939
2010-10-05,6.3175,6.4676,6.3175,6.4676,22426,0,3.604267452663956,6.36826,6.3870000000000005,6.41134,6.380791640496162,6.5970831548628,6.2255968451372,2.091996020150004,47.44468681832346,24629.05,2.3759398496240625,2.3759398496240625,0.8781370392900056,0.0354083346169699
2010-10-06,6.4676,6.4863,6.2332,6.3927,16031,0,-1.1580802770734144,6.379519999999999,6.38982,6.416974999999999,6.381925769972718,6.592498072405901,6.241451927594097,2.115279433276609,44.82885535517112,24306.8,4.060514663415258,-1.1580802770734184,0.4430827244873869,-0.0116483825256758
2010-10-07,6.4487,6.4487,6.2614,6.2989,13663,0,-1.4672986375084074,6.3589,6.39263,6.4151,6.374018553784841,6.594993957066136,6.235206042933863,2.1148820730078906,44.213736024393754,24314.65,2.9913437889289867,-2.3229488113883408,0.448108694265481,-0.0147816993798716
2010-10-08,6.3551,6.4676,6.3551,6.4301,12118,0,2.082903364079458,6.36638,6.38981,6.42166,6.37935964390057,6.593081676451184,6.250238323548817,1.9913082389832404,47.10174858873744,23924.3,1.7702317823480325,1.1801545215653595,-0.4366474149544053,0.0206150752501539
2010-10-11,6.402,6.4113,6.3082,6.3645,5396,0,-1.0202018631125576,6.39076,6.38325,6.41604,6.377944439719563,6.587206110761223,6.244873889238776,2.013111115402424,48.34652345958168,22619.05,1.6343806474112983,-0.5857544517338416,-1.0202018631125576,-0.0102544158997767
2010-10-12,6.3645,6.3831,6.28,6.3551,6774,0,-0.1476942414957882,6.36826,6.36826,6.40808,6.375768778793891,6.57475406074658,6.24140593925342,1.9648254795524756,49.65887646973438,21632.4,1.6417197452229224,-0.1476942414957877,-2.3043812451959966,-0.0014780341695112
2010-10-13,6.3738,6.5425,6.327,6.5239,51011,0,2.6561344432030953,6.394499999999999,6.38701,6.407615,6.389876514146853,6.572865104226312,6.2423648957736875,1.9604682429730464,58.71016587514626,23077.7,3.4060376165639403,2.354953089208951,2.9590934915725065,0.0262147164628314
2010-10-14,6.552,6.6081,6.4769,6.5799,22895,0,0.8583822560125132,6.4507,6.4048,6.40995,6.40797398899001,6.583769367824814,6.236130632175186,1.9539757553054935,54.60118056606629,23364.0,2.0256604239682665,0.4258241758241865,2.778819119025311,0.0085471910316803
2010-10-15,6.6737,6.6737,6.5988,6.6081,29937,0,0.4285779419140212,6.4863,6.426339999999999,6.417440000000001,6.4270336090862,6.611735633668381,6.223144366331621,1.9481406679654776,56.7352807628273,23145.9,1.13505485845912,-0.9829629740623624,3.3694682997794434,0.004276621622732
2010-10-18,6.6081,6.6456,6.5143,6.627,11437,0,0.2860126208743763,6.5388,6.46478,6.423075,6.446078027268467,6.634941262433013,6.211208737566987,1.7060092108433396,54.82061008376798,21861.05,2.0155657553382484,0.2860126208743734,6.15769070579566,0.0028560438300052
2010-10-19,6.5706,6.6176,6.4769,6.5239,27336,0,-1.5557567526784275,6.57256,6.470409999999999,6.428705000000001,6.453489643719089,6.64518780811641,6.212222191883591,1.4636418000575304,57.81315109592467,22297.2,2.1723355308867007,-0.710741789182107,0.8704929185478383,-0.0156798564844174
2010-10-20,6.5799,6.6363,6.4863,6.5614,15010,0,0.5748095464369385,6.5800600000000005,6.48728,6.438549999999999,6.463766820507747,6.660576565502676,6.216523434497323,1.3998191943176863,56.80150196279228,22440.2,2.3125664862864865,-0.2811592881350842,2.638947549548698,0.0057316381988081
2010-10-21,6.627,6.6644,6.4301,6.4863,19746,0,-1.1445728045843873,6.5613399999999995,6.506020000000001,6.449325,6.465912837602247,6.657562221758639,6.2410877782413605,1.3584347657491658,53.78151260504203,22615.45,3.643800251940083,-2.123132639203257,2.9751226404610476,-0.0115117345360028
2010-10-22,6.8799,7.7798,6.8706,7.6392,300507,0,17.774386013597887,6.7675600000000005,6.62693,6.508369999999999,6.577654472116319,7.079973237808471,5.936766762191527,5.716476278651659,81.168541331905,36519.6,13.233196518499115,11.036497623511965,18.803751108069843,0.163600625369378
2010-10-25,7.733,8.211,7.733,8.136,135123,0,6.503298774740807,7.0693600000000005,6.804080000000001,6.593665,6.726068331914765,7.516990480104375,5.670339519895625,5.7883180327755515,83.20595493989332,41623.5,6.181300918143032,5.211431527220996,27.834079660617483,0.063005773092403
2010-10-26,8.136,8.3892,8.0142,8.061,82228,0,-0.9218289085545672,7.376779999999999,6.974670000000001,6.671465,6.853204681256216,7.802246839026935,5.540683160973066,5.834488664058837,83.20264299645746,44890.25,4.67919442988695,-0.9218289085545636,26.843007977844557,-0.0092610404447949
2010-10-27,8.0516,8.0516,7.686,7.7704,48099,0,-3.605011785138312,7.61858,7.0993200000000005,6.743165,6.940556616374671,7.962849404865924,5.523480595134076,6.148832279272833,77.15846591118824,44511.6,4.75670049440542,-3.4924735456306832,19.10666932356413,-0.03671597519548
2010-10-28,7.8548,7.9486,7.6392,7.836,36376,0,0.8442293833007319,7.88852,7.224929999999999,6.814864999999999,7.025836938624702,8.115983523303573,5.513746476696426,6.149105363311241,76.59163987138267,44341.2,4.050162320661851,-0.2393440953302402,19.089955774403865,0.0084068569763105
2010-10-29,7.836,8.0142,7.6017,7.8923,20511,0,0.7184788157222899,7.939139999999999,7.353350000000001,6.889844999999999,7.108357230184255,8.259556655364577,5.520133344635422,6.141980312236471,78.99931668058619,44555.85,5.426417774971394,0.718478815722299,19.433725276554515,0.0071591005334935
2010-11-01,7.8923,8.1923,7.7611,7.8642,42963,0,-0.3560432320109385,7.884780000000001,7.47707,6.970924999999999,7.180342255880992,8.370961453472587,5.570888546527412,6.164591761711028,78.44245919559732,45979.35,5.555913465874678,-0.3560432320109391,18.669081032141243,-0.0035667857443701
2010-11-02,7.9766,8.1079,7.9204,8.0798,54816,0,2.741537600773136,7.888540000000001,7.632660000000001,7.051534999999999,7.266004898178041,8.513818225895829,5.589251774104169,6.046885146011095,78.81616475904735,47598.85,2.3673046815817496,1.2937843191334677,23.849231288033245,0.0270463048799912
2010-11-03,8.0422,8.061,7.7237,7.8735,42517,0,-2.553281021807474,7.90916,7.76387,7.1255749999999995,7.323861574542037,8.597324233323718,5.653825766676282,6.225073147952366,72.69473684210529,48923.15,4.36707795486619,-2.0976847131381886,19.997256683024965,-0.0258644293730818
2010-11-04,7.986,8.1172,7.8735,8.0704,85174,0,2.500793801994017,7.95604,7.922280000000001,7.214149999999999,7.3949604722047,8.689641688966768,5.73865831103323,6.126414015015758,74.22069102593834,52498.7,3.0951927351241566,1.0568494866015476,24.42224380617608,0.0247003569700814
2010-11-05,8.1079,8.1079,7.7517,7.8735,78095,0,-2.439779936558284,7.952279999999999,7.94571,7.286320000000001,7.4405356653280625,8.741398043267607,5.831241956732395,3.028716467554036,69.49666843932809,55797.55,4.595121070216871,-2.891007535860097,3.0670750863964757,-0.0247003569700815
2010-11-08,7.8735,7.9204,7.6204,7.8267,27574,0,-0.5943989331301247,7.94478,7.91478,7.359429999999999,7.477313221011104,8.765604693197455,5.953255306802543,2.120094681198542,70.74258056298562,56906.45,3.936801217783841,-0.5943989331301223,-3.801622418879047,-0.0059617251518284
2010-11-09,7.958,7.958,7.6955,7.7142,38915,0,-1.4373874046533008,7.87166,7.880099999999999,7.427384999999999,7.499873866629095,8.758560174165773,6.096209825834225,2.1412616044318886,67.92623001803821,58513.5,3.4110843999740132,-3.0635838150289048,-4.302195757350202,-0.0144781788903775
2010-11-10,7.7798,7.9204,7.6955,7.8548,33725,0,1.822612843846416,7.86792,7.888540000000001,7.493930000000001,7.533676355521562,8.76671919427065,6.221140805729353,1.92016604341213,70.85555792617882,57649.2,2.922487167825351,0.9640350651687728,1.086173169978366,0.018062023557817
2010-11-11,7.7798,7.883,7.733,7.8455,13740,0,-0.1183989407750663,7.82294,7.88949,7.55721,7.563373845471889,8.762726009891516,6.351693990108484,1.904147581348624,54.8261825667899,57191.45,1.9397387818440497,0.8444947170878498,0.1212353241449637,-0.0011846908769522
2010-11-12,7.7798,7.8079,7.5548,7.5548,48298,0,-3.705308775731309,7.7592,7.85574,7.604545,7.56255728876028,8.724452045907464,6.484637954092536,2.214585566606647,34.952361226180614,58109.5,3.3501879599724664,-2.892105195506306,-4.276319957426855,-0.0377569961774319
2010-11-15,7.611,7.686,7.4893,7.6392,27029,0,1.1171705405834675,7.7217,7.833239999999999,7.655155000000001,7.569856594592634,8.676175161613155,6.634134838386846,2.267242316482842,39.13222714624341,58889.1,2.626413683521823,0.3705163579030351,-2.861066605630591,0.0111097628143017
2010-11-16,7.5925,7.5925,7.4049,7.508,37917,0,-1.717457325374383,7.680459999999999,7.776060000000001,7.704359999999999,7.5639654903457165,8.580389846643383,6.828330153356616,2.036634710073992,42.63417920503029,59418.15,2.5334575753892783,-1.112940401712219,-7.0769078442535776,-0.0173237669295933
2010-11-17,7.4705,7.6766,7.433,7.4517,12568,0,-0.7498668087373539,7.59984,7.733879999999999,7.748875000000001,7.55327353888422,8.4542128731237,7.043537126876302,1.9327233709624505,39.1557085614312,59296.05,3.2772770079375735,-0.2516565156281453,-5.35721089731378,-0.0075269244442346
2010-11-18,7.5267,7.733,7.433,7.4705,20233,0,0.2522914234335927,7.52484,7.673889999999998,7.798085,7.545390344704771,8.207987870522597,7.388182129477403,1.6509110729728091,37.84017527675278,59320.4,4.036055428494549,-0.7466751697290922,-7.433336637589205,0.0025197370289747
2010-11-19,7.4611,7.6017,7.4143,7.4611,26054,0,-0.1258282578140757,7.506100000000001,7.63265,7.78918,7.537362692828126,8.220780495584727,7.357579504415274,1.5477941558505997,38.25260826484816,45597.75,2.527548116477621,0.0,-5.237823077411575,-0.0012590748803604
2010-11-22,7.5548,7.9672,7.4517,7.733,159627,0,3.644234764310883,7.524859999999999,7.623279999999999,7.769029999999999,7.555994817320686,8.168918621861442,7.369141378138557,2.0316296808072143,40.214446952595914,46822.95,6.917884509575001,2.358765288293528,-1.1971839983645705,0.0357940291982562
2010-11-23,7.6674,8.0329,7.6299,8.0048,77016,0,3.5148066727014093,7.624219999999999,7.652340000000001,7.76622,7.598738168052049,8.158181306360357,7.374258693639644,2.260561347819069,53.57278911564625,46562.35,5.281851662538166,4.400448652737561,3.767078893469189,0.0345444761249051
2010-11-24,8.061,8.9515,8.0516,8.9046,261261,0,11.240755546672007,7.9148,7.75732,7.82293,7.723105961570901,8.465512123688264,7.180347876311736,4.119642484558157,66.41867422453159,57220.45,11.17666053952008,10.4652028284332,13.36507613179203,0.1065266353958871
2010-11-26,8.8953,8.8953,8.4266,8.4454,37365,0,-5.156885205399464,8.109779999999999,7.817309999999999,7.853400000000001,7.79189586999272,8.553784952797226,7.153015047202775,4.597572738402149,60.20266171905661,57269.9,5.56214843471863,-5.057727114318812,7.646421515518442,-0.0529460827047137
2010-11-29,8.7078,8.8015,8.5391,8.6609,133908,0,2.551684940914578,8.34974,7.9279199999999985,7.891830000000001,7.874658168088652,8.680041350496897,7.103618649503104,4.329509106035423,64.0371542034058,62939.75,3.072923375999828,-0.5385975791818924,14.64102292582199,0.0251967288284218
2010-11-30,8.5953,8.7078,8.4359,8.4547,68111,0,-2.380814926855168,8.49408,8.00947,7.921355,7.929900247318304,8.748485879925195,7.094224120074806,4.498051739367086,62.07954063488957,64197.15,3.2231297194134645,-1.6357776924598233,10.67520159178974,-0.0240961435136901
2010-12-01,8.6422,8.7078,8.5485,8.5953,40431,0,1.6629803541225563,8.612179999999999,8.118199999999998,7.94713,7.993271652335608,8.825585717003625,7.0686742829963745,4.38785026330183,62.079540634889554,63477.9,1.863484821898579,-0.5426858901668652,14.481885988279174,0.0164930424819346
2010-12-02,8.5766,8.5766,8.361,8.3985,59645,0,-2.2896233988342396,8.51096,8.212880000000002,7.973380000000001,8.031864828303645,8.873676252059953,7.073083747940049,4.499049161783495,58.50089159441678,64334.3,2.5786389187895997,-2.0765804631205707,12.705825516325133,-0.0231624237647225
2010-12-03,8.3985,8.4359,8.2485,8.3141,26839,0,-1.0049413585759392,8.4847,8.29724,7.985564999999999,8.058744368465202,8.897906247963915,7.073223752036084,4.548604959742635,62.46265961986671,61417.55,2.2719282293750407,-1.004941358575942,11.292416839568965,-0.0101002498120706
2010-12-06,8.3328,8.3421,8.0986,8.2016,35432,0,-1.353123007902246,8.392840000000001,8.37129,8.00197,8.07234966670661,8.917620036801315,7.086319963198685,4.6035482417831295,59.14650013010667,59284.4,3.0066925147556485,-1.5745007680491734,9.924810014609095,-0.0136236114752351
2010-12-07,8.2485,9.1299,8.2016,9.0735,142870,0,10.630852516582134,8.5166,8.50534,8.06431,8.167697317496458,9.092563773509418,7.036056226490583,5.487505119591319,70.51715551361693,65049.2,11.318523214982443,10.001818512456802,17.334798913746276,0.1010288200453266
2010-12-08,9.1479,9.2603,9.0171,9.1479,63837,0,0.8199702430153888,8.62712,8.61965,8.135995,8.261049953925367,9.257180289114084,7.014809710885916,5.456832324653264,72.12511739538766,66295.3,2.6970977365228475,0.0,14.280181890865483,0.0081662675167306
2010-12-09,9.2506,9.2506,8.8109,8.8765,43093,0,-2.966801123755181,8.722719999999999,8.61684,8.187079999999998,8.319664244027713,9.346762500287555,7.027397499712441,4.372699477662847,67.20593274266972,66763.7,4.990409606283129,-4.044062006788752,-0.3155672349122951,-0.0301170095849567
2010-12-10,8.8765,8.9983,8.3797,8.4734,49387,0,-4.541204303498003,8.754579999999999,8.61964,8.218475000000002,8.334305744596502,9.37320813914129,7.063741860858713,4.294860831044544,61.2992521486773,68546.05,7.382125851760811,-4.541204303498003,0.3315414308380893,-0.0464754902818544
2010-12-13,8.4734,8.4734,8.2016,8.4172,42441,0,-0.6632520593858438,8.797699999999999,8.595270000000001,8.261595,8.342200435587312,9.375670627169066,7.147519372830933,4.211539849833604,58.02335944462685,68253.2,3.3139875146313003,-0.6632520593858483,-2.81379533304853,-0.0066546135005295
2010-12-14,8.4359,8.4922,8.3703,8.4734,45208,0,0.6676804638122036,8.67768,8.59714,8.303304999999998,8.354695632198045,9.381141305264803,7.225468694735193,4.146666697901467,55.78775752186157,69162.15,1.4563396771919777,0.4445287402648163,0.2211787526464448,0.0066546135005296
2010-12-15,8.4172,8.4828,8.3141,8.3703,20225,0,-1.2167488847452002,8.52216,8.57464,8.34642,8.356181762464898,9.357206348604803,7.335633651395195,4.125714246914221,41.783792095955725,68277.55,2.0290831238498384,-0.5571924155300939,-2.6177096785452436,-0.0122421187298897
2010-12-16,8.3328,8.361,8.211,8.2485,33703,0,-1.4551449768825495,8.39656,8.559639999999998,8.386259999999998,8.345926356515859,9.307396927703186,7.465123072296811,4.086822583837605,46.62159843519441,69334.3,1.8268176835951817,-1.0116647465437871,-1.7860332202178977,-0.014658360519129
2010-12-17,8.2954,8.4359,8.2203,8.3892,24147,0,1.705764684488087,8.37972,8.56715,8.432195,8.3500476558953,9.246479919681418,7.617910080318582,4.110568842008208,45.21536998555984,69530.0,2.622775324501542,1.130747161077222,0.9032847812751932,0.0169137986899606
2010-12-20,8.2672,8.5671,8.2672,8.4828,23608,0,1.1157202117007436,8.392840000000001,8.59527,8.483279999999999,8.362690736286224,9.157134035732668,7.80942596426733,4.0834558445245435,50.515274874390265,69407.7,3.627588542674656,2.607896264757094,3.4285992976980095,0.0110954196589687
2010-12-21,8.5578,8.7641,8.5391,8.6609,32787,0,2.0995426038572296,8.430340000000001,8.55401,8.529675000000001,8.391091618544678,9.106865173439664,7.952484826560336,2.138964198252292,51.18660010129513,63065.7,2.634938108231543,1.2047488840589815,-4.547308095001923,0.0207780592886272
2010-12-22,8.7265,8.7827,8.2766,8.3141,31117,0,-4.00420279647612,8.4191,8.47063,8.54514,8.383759083445185,9.077987533836192,8.012292466163808,2.3554193234235803,48.55191819367236,60770.75,6.1148297610129765,-4.72583509998281,-9.114660195236068,-0.0408657746085487
2010-12-23,8.2859,8.4266,8.0704,8.1642,49220,0,-1.802961234529299,8.402239999999999,8.3994,8.50812,8.362848694545644,9.038689710087825,7.977550289912174,2.2705952726114296,47.484646105312606,50168.7,4.413659793814448,-1.4687601829614234,-8.024559229426021,-0.0181941262201193
2010-12-27,8.061,8.4359,7.9766,8.2954,84470,0,1.6070159966683928,8.38348,8.3816,8.50062,8.35642500935082,9.039104429134746,7.962135570865253,1.9588562168097576,51.5641675560299,52523.95,5.758092420329461,2.9078278129264463,-2.100691575990732,0.0159424018574163
2010-12-28,8.2766,8.3703,8.1923,8.2391,30451,0,-0.6786893941220451,8.33474,8.36379,8.47953,8.345251198936456,9.024583025329257,7.934476974670745,1.9592725762266192,30.886934212937575,47351.1,2.1727719932131495,-0.4530845999564995,-2.115905526778483,-0.0068100296450365
2010-12-29,8.0892,8.4734,8.0892,8.4454,59276,0,2.5039142624801114,8.29164,8.36099,8.479065,8.354789179990126,9.024223075674575,7.933906924325425,2.1280116420008452,34.82524733226768,46909.35,4.749542600009888,4.403402066953461,-0.3304458658861864,0.0247307997878664
2010-12-30,8.3985,8.3985,8.2579,8.3516,24117,0,-1.110663793307598,8.29914,8.35912,8.46688,8.354485448562494,9.01199313591482,7.921766864085178,2.1215964016565985,37.71933929156333,46093.65,1.70261204422433,-0.558433053521472,-0.223408957862925,-0.0111687771698934
2010-12-31,8.2766,8.4547,8.2298,8.3047,18621,0,-0.5615690406628571,8.32724,8.364740000000001,8.46219,8.349743977270828,9.011379101359587,7.91300089864041,2.071824965633404,45.26363074849797,44042.45,2.732751707210402,0.3395113935674098,0.6813360004849445,-0.0056315176778496
2011-01-03,8.3516,8.4359,8.0892,8.3703,52819,0,0.789914145002224,8.342220000000001,8.36285,8.465,8.351701693721225,9.011567543858508,7.918432456141492,2.0117059733115923,48.69016365972186,45341.45,4.285961528952186,0.2239091910532213,-0.2252896581318886,0.0078681065577373
2011-01-04,8.361,8.5766,8.2766,8.5015,50664,0,1.5674468059687197,8.3947,8.36472,8.479994999999999,8.365968199081108,9.012407991556806,7.947582008443192,2.0444530136271917,50.75323004342466,46103.05,3.624676799652018,1.6804210022724482,0.2204460791248363,0.0155528923624323
2011-01-05,8.4547,8.4547,7.9954,8.3797,38916,0,-1.4326883491148634,8.38156,8.3366,8.445305000000001,8.367275989644812,8.89957017864111,7.991039821358894,1.9523321931980524,50.24946921443736,40905.35,5.744553118042884,-0.8870805587424871,-3.246775739241881,-0.014430504184903
2011-01-06,8.3516,8.3516,8.1735,8.2672,34318,0,-1.342530162177635,8.364680000000002,8.331909999999999,8.40127,8.357744943011973,8.718990526645909,8.083549473354092,1.52850368863587,50.49874646610127,39429.4,2.1789930874166368,-1.0105847981225,-0.5641019472943487,-0.0135162357797172
2011-01-07,8.2859,8.3236,8.1547,8.3236,26389,0,0.682214050706409,8.36846,8.34785,8.373625,8.354493043677499,8.60045637140209,8.14679362859791,1.4084304904460565,48.168007149240395,38594.2,2.0711982047163073,0.4549898019527263,1.9524264471718176,0.0067989750057043
2011-01-10,8.2391,8.6047,8.1923,8.6047,23017,0,3.3771445047815707,8.41534,8.37878,8.380189999999999,8.378322277612975,8.6259874596236,8.134392540376398,1.6880521334374576,53.0815511400981,37275.7,5.033995337084822,4.437377868941981,3.7285724618463023,0.0332137120477891
2011-01-11,8.6141,8.7641,8.5015,8.7641,23765,0,1.852475972433676,8.467859999999998,8.43128,8.397535000000001,8.415063013078406,8.697351795111784,8.097718204888219,1.7014748603060414,52.63372805226622,36341.9,3.088866670587532,1.7413310734725458,6.372055200203897,0.0183552663787708
2011-01-12,8.8483,8.8483,8.5203,8.6235,16638,0,-1.6042719731632404,8.51662,8.44909,8.40504,8.434914154689986,8.71998567885764,8.09009432114236,1.6953835806058075,58.82487164860242,34913.4,3.849629707874128,-2.5406010194048587,2.1088403154379876,-0.0161727972337293
2011-01-13,8.5859,8.8015,8.5578,8.7265,30691,0,1.1944106221371875,8.608479999999998,8.48658,8.42285,8.462684235195702,8.76832966655003,8.07737033344997,1.6501968760024903,66.47910439012958,35436.7,2.8476945009231396,1.637568571728056,4.488960199243253,0.011873338333436
2011-01-14,8.7641,8.9796,8.7641,8.914,24775,0,2.1486277430814216,8.72656,8.547509999999999,8.456125,8.505666688986588,8.854972771381966,8.057277228618034,1.6873277380220733,67.54993191103044,34990.3,2.4588948095069716,1.7103866911605363,7.3368092766746384,0.0212587014416098
2011-01-18,8.914,8.914,8.7171,8.7359,24303,0,-1.9979807045097495,8.752799999999999,8.58407,8.47346,8.527593670987866,8.889813313525579,8.05710668647442,1.8928880468585088,63.18331387326192,34998.1,2.2587787222814857,-1.9979807045097464,4.367824331266501,-0.0201821024737777
2011-01-19,8.6422,8.6891,8.4359,8.4359,22921,0,-3.4341052438787156,8.68716,8.57751,8.471115000000001,8.518860940417593,8.88777500919536,8.054454990804642,2.199194087302909,49.75984630163306,34963.75,3.001458054268064,-2.387123649070845,-0.7716285361406783,-0.0349445634635392
2011-01-20,8.4266,8.5485,8.1547,8.1735,35905,0,-3.110515771879696,8.59716,8.556890000000001,8.446745,8.485969422282585,8.873558118107907,8.019931881892093,2.373054365275179,45.85138597717216,35119.65,4.829116950960803,-3.0035838891130453,-2.460708617253593,-0.0315991948779212
2011-01-21,8.0329,8.2203,8.0142,8.0422,20658,0,-1.6064109622560885,8.4603,8.53439,8.433150000000001,8.443705667779481,8.89373779607612,7.972562203923881,2.3882992288089264,44.11672419203009,34596.7,2.571685258665859,0.1157738799188293,-2.721598606541531,-0.016194536107819
2011-01-24,8.0422,8.211,8.0422,8.1923,14377,0,1.866404715127712,8.31596,8.521260000000002,8.434555,8.419762270848102,8.891848053452993,7.977261946547006,2.4676866771821615,46.156171719789214,32854.55,2.0989281539877265,1.8664047151277032,-1.5774424527848718,0.0184920111190593
2011-01-25,8.2203,8.361,8.2016,8.3421,22567,0,1.8285463178838723,8.2372,8.495,8.436890000000002,8.412365864100664,8.891661247991253,7.98211875200875,2.263157056089689,46.585261353898886,29759.4,1.9435232149824615,1.4816977482573672,-3.051820516694359,0.0181202945155032
2011-01-26,8.3892,8.7733,8.3421,8.3892,45120,0,0.5646060344517645,8.227860000000002,8.45751,8.444395,8.410159591329172,8.890290236574154,7.998499763425847,2.162323411254279,50.21024211038819,30492.85,5.168962251711205,0.0,-4.277678255610939,0.0056301810879334
2011-01-27,8.3892,8.5766,8.3421,8.4641,22823,0,0.8928145711152302,8.28598,8.44157,8.44533,8.415296773107347,8.89131252550089,7.99934747449911,2.153900699994516,54.431291353468055,28670.2,2.811042782992278,0.8928145711152377,-1.8484374094045353,0.0088885254671486
2011-01-28,8.4359,8.5297,8.0236,8.0236,47637,0,-5.204333597192856,8.282259999999999,8.37128,8.42893,8.377992318525695,8.91200537648688,7.945854623513118,2.6077124204680975,44.24361040755237,29846.2,6.307642454758462,-4.887445322964949,-8.054775683263616,-0.0534464908225461
2011-01-31,8.0142,8.3236,7.9486,8.2954,69560,0,3.3875068547784215,8.30288,8.30942,8.428465,8.37012638342801,8.912061501118709,7.944868498881291,2.7869093365768345,44.043905257076865,32393.15,4.717811941725598,3.5087719298245625,-6.939645501458369,0.0333139453317416
2011-02-01,8.3141,8.5485,8.2672,8.5297,24270,0,2.824456927935959,8.340399999999999,8.2888,8.436435,8.385323870720581,8.921247807173573,7.951622192826426,2.946435079795798,45.61278730253801,30965.7,3.4026030578672324,2.5931850711442035,-2.3603750042926364,0.0278530465966855
2011-02-02,8.061,8.4828,8.061,8.3421,35803,0,-2.1993739521905753,8.33098,8.27942,8.428465,8.381207311604335,8.914014421951478,7.94291557804852,2.8189183382811476,44.82416127133608,30222.65,5.23260141421659,3.487160401935248,-1.111914555649074,-0.0222392076609631
2011-02-03,8.4547,8.5671,8.1547,8.4359,23159,0,1.1244171131969072,8.32534,8.30566,8.431275,8.386416139070588,8.916286335189888,7.946263664810111,2.623670460947258,44.636793149269174,29434.8,5.05720627368266,-0.2223615267247873,3.2103749923533265,0.0111814253511776
2011-02-04,8.3985,8.511,8.3516,8.511,26286,0,0.8902428905036786,8.42282,8.352540000000001,8.443465,8.398281268682913,8.92334097641095,7.96358902358905,2.534308570182681,42.24044978434996,29033.2,1.9086163130418097,1.3395249151634094,5.829250702544075,0.0088630359077769
2011-02-07,8.511,9.2894,8.511,8.9421,113420,0,5.0652097285865505,8.55216,8.42752,8.47439,8.45007352880835,8.999341458006048,7.94943854199395,2.8892784735590253,53.61779774019227,33384.75,9.145811303019638,5.065209728586543,9.152496856804571,0.0494110164349302
2011-02-08,8.914,8.9515,8.6327,8.6984,24398,0,-2.725310609364695,8.585899999999999,8.463149999999999,8.479075,8.47372366892184,9.010555050127689,7.947594949872312,3.0821501722778226,54.69840701628779,33453.8,3.69293500295388,-2.4186672649764445,4.27110679565097,-0.0276313602283515
2011-02-09,8.6609,8.7171,8.5297,8.5671,17743,0,-1.5094730065299269,8.6309,8.48094,8.469225,8.482616652834047,8.9855492876328,7.952900712367199,3.1436522014174213,57.391826923076906,33152.7,2.1970292038407004,-1.083028322691636,2.120583607495341,-0.0152098150900606
2011-02-10,8.6235,8.8953,8.6047,8.8109,63210,0,2.8457704474092793,8.7059,8.51562,8.478595000000002,8.513881733516518,9.01318608809744,7.944003911902564,3.2466790547789475,63.850949583768795,35481.3,3.3772240752147233,2.173131559111732,4.0973050885504625,0.0280603057592936
2011-02-11,8.8109,8.9046,8.7359,8.9046,28076,0,1.0634554926284512,8.78462,8.60372,8.4875,8.551092996991136,9.044924271939148,7.930075728060854,2.567873251640074,63.10097480228068,35350.55,1.931111848807786,1.06345549262845,10.980108679395784,0.010578405777055
2011-02-14,8.9046,9.0453,8.8671,8.9234,55862,0,0.2111268333221172,8.78088,8.66652,8.48797,8.586550806801503,9.04692217420827,7.929017825791732,2.443725402427942,61.232850241545904,36904.9,2.0096762188313946,0.2111268333221098,7.570460737276075,0.0021090427382353
2011-02-15,8.9702,9.064,8.8297,8.8297,39152,0,-1.050048187910435,8.80714,8.69652,8.492659999999999,8.609707872820408,9.06185166469425,7.923468335305747,2.3863480469841116,58.36148969287423,37647.35,2.653544288027897,-1.5662972954895031,3.5171225248250337,-0.010556000932161
2011-02-16,8.8109,8.9515,8.7171,8.7359,21413,0,-1.06232374825872,8.840900000000001,8.735899999999999,8.50766,8.621726170647037,9.086287226240596,7.929032773759402,2.274712463866266,55.12250282698832,37571.95,2.6889676612634825,-0.8512183772372774,4.72063389314441,-0.0106800669031784
2011-02-18,8.7922,8.8109,8.7078,8.7922,27780,0,0.644467084101219,8.83716,8.771530000000002,8.538595,8.637961773442557,9.108083337202832,7.96910666279717,2.2647709189900893,66.93846967559944,37165.7,1.1839959576471617,0.0,4.223615737502806,0.0064239927446873
2011-02-22,8.4922,8.5297,8.3141,8.3141,76640,0,-5.437774390937422,8.719059999999999,8.75184,8.55219,8.607117795019457,9.083484173246642,8.020895826753357,2.914900329630759,50.37776251464585,39964.8,2.5931850711442035,-2.097218624149226,-2.3134766772412108,-0.0559120961324237
2011-02-23,8.2954,8.4266,8.211,8.211,32795,0,-1.2400620632419534,8.57658,8.67873,8.553125,8.56939229073189,9.081811841443312,8.024438158556686,2.2585717920616157,43.20150177055335,40885.7,2.625745950554138,-1.0174313474937973,-8.175931828094063,-0.0124781499361982
2011-02-24,8.2016,8.3141,8.0142,8.0516,52679,0,-1.94129825843381,8.420960000000001,8.61405,8.538599999999999,8.520078739233615,9.106226211330124,7.970973788669874,2.1981150442595387,43.727598566308245,42391.3,3.742107758728247,-1.8289114319157067,-7.435850271314248,-0.019603889281912
2011-02-25,7.8735,8.3141,7.8079,8.2954,50960,0,3.027969596105118,8.33286,8.586879999999999,8.53391,8.498680764068508,9.1082441514077,7.959575848592301,2.474338733315099,47.15091049194956,42683.3,6.4831772947911706,5.3584809805042335,-3.171434907961846,0.0298303148554072
2011-02-28,8.2954,8.3236,7.686,7.9672,105847,0,-3.956409576391739,8.167860000000001,8.502510000000001,8.509065,8.448063548442937,9.136637594332653,7.881492405667349,2.4501935255464287,39.99926438134472,46834.5,8.29560239396306,-3.956409576391743,-9.575639265001302,-0.0403680306648542
2011-03-01,8.0048,8.0048,7.8267,8.0048,32303,0,0.4719349332262146,8.106,8.41253,8.508125000000001,8.405847972400752,9.138807874267457,7.877442125732548,2.4022082886477194,29.845611318969578,46067.8,2.2755439712778016,0.0,-10.10488960761854,0.0047082481165106
2011-03-02,7.9954,8.0798,7.8735,7.9298,19133,0,-0.9369378372976134,8.049760000000001,8.313170000000001,8.489845,8.360510070267347,9.166040071433606,7.813649928566395,2.3632477163182712,32.1802837800241,43546.45,2.6201816218962417,-0.8204717712684779,-11.13476925835445,-0.0094135471040519
2011-03-03,8.0798,8.2579,7.9766,8.2203,31815,0,3.663396302554922,8.083499999999999,8.25223,8.474374999999998,8.347156730241885,9.160810276589778,7.787939723410219,2.812337830263533,42.51230676224199,43923.7,3.526565203219404,1.7389044283274264,-6.901706739753344,0.0359788901047264
2011-03-04,8.2579,8.2579,8.0516,8.0516,12275,0,-2.052236536379448,8.03474,8.183800000000002,8.45985,8.319008470218849,9.169956161077003,7.749743838922996,2.844655641794357,33.05663408756192,42747.3,2.5622236574096924,-2.4982138316036626,-7.83319406128733,-0.0207358753077382
2011-03-07,7.9672,8.0422,7.733,7.8923,71358,0,-1.9784887475781332,8.01976,8.093810000000001,8.43267,8.278369568293245,9.18688000314344,7.678459996856561,2.8199774194608778,28.053592334041497,45157.25,3.9984482089745215,-0.9401044281554424,-10.235208480243852,-0.0199832288289517
2011-03-08,7.8923,8.1642,7.7142,7.8173,78408,0,-0.9502933238726308,7.982259999999999,8.04413,8.397985,8.234458180836745,9.199357391982094,7.596612608017907,2.3618801152196403,26.590476190476153,47763.35,5.833398148868311,-0.9502933238726264,-5.975391202896274,-0.0095483742196743
2011-03-09,7.7893,7.9672,7.7704,7.8455,16136,0,0.360738362350177,7.9654,8.00758,8.343155,8.197414544566579,9.137807004537404,7.548502995462595,2.367111240084415,28.576404005224163,42899.15,2.5326881499021883,0.7215025740438868,-4.4513457556935805,0.0036008926208722
2011-03-10,7.7704,7.7798,7.6392,7.6581,37381,0,-2.388630425084448,7.85296,7.968230000000001,8.29114,8.146051254607857,9.123192785268586,7.459087214731414,2.4028198709364963,27.457542039655262,43548.3,1.8405068593570015,-1.4452280448882977,-4.887227383377224,-0.0241762078073919
2011-03-11,7.611,7.733,7.5454,7.6299,47384,0,-0.3682375523955006,7.76862,7.901680000000001,8.24428,8.09689399226425,9.115534202073716,7.373025797926283,2.0697979131259308,25.40105820105821,45030.35,2.486283033371323,0.2483247930626771,-8.022518504231268,-0.0036891721590099
2011-03-14,7.5736,7.6299,7.4049,7.5643,42301,0,-0.8597753574751898,7.70302,7.86139,8.181949999999999,8.04617075490575,9.06085631199388,7.303043688006116,1.7550567855090755,30.774358974358975,43984.9,3.038528541911444,-0.1227949720080231,-5.0569836328948625,-0.0086349274861386
2011-03-15,7.3581,7.5361,7.3581,7.4517,32303,0,-1.488571315257203,7.629900000000001,7.80608,8.109305,7.989554492533774,8.976819121771639,7.241790878228363,1.743405620128106,30.62515947945903,44196.25,2.419102757505333,1.272067517429764,-6.909604237457523,-0.0149976172844176
2011-03-16,7.4143,7.5174,7.3674,7.3861,41470,0,-0.8803360307043984,7.53802,7.75171,8.03244,7.932082636101986,8.868076386297771,7.196803613702228,1.7426422679836486,32.16487109395935,43476.65,2.0359964166463116,-0.3803460879651484,-6.8564150419934915,-0.0088423388132293
2011-03-17,7.5361,7.5361,7.3767,7.433,18453,0,0.6349765099308069,7.493,7.67298,7.962605000000001,7.884550956473225,8.749743063125264,7.175466936874738,1.0106041887711137,24.16107382550331,42441.7,2.1608578361598094,-1.368081633736288,-9.57750933664222,0.0063296902763578
2011-03-18,7.4987,7.6299,7.3581,7.3861,101891,0,-0.6309699986546513,7.444239999999999,7.606429999999999,7.895115,7.837079436809108,8.633008149517464,7.157221850482535,0.94343251922677,29.05945945945942,46465.6,3.693888367921064,-1.5015936095589966,-8.265437925381303,-0.006329690276358
2011-03-21,7.5267,7.6581,7.4517,7.6581,18492,0,3.682592978703236,7.462999999999999,7.58301,7.838409999999999,7.820033776160622,8.449434230374544,7.227385769625453,1.6375067802358103,39.31191812072262,46001.2,2.7698377551431266,1.7457850053808466,-2.9674492860129464,0.0361640557427955
2011-03-22,7.6299,7.7048,7.508,7.5454,36514,0,-1.4716444026586228,7.48174,7.55582,7.799974999999999,7.793878178431038,8.380980353267816,7.218969646732182,1.6689041677392085,38.41889611954688,43994.9,2.62120404901438,-1.1074850260160716,-3.478183004362123,-0.0148258051531579
2011-03-23,7.5454,7.6674,7.4517,7.611,42637,0,0.8694038752087296,7.52672,7.53237,7.769975,7.776461209056653,8.322902957141814,7.217047042858187,1.700128175465231,28.76559559489789,44487.0,2.8946414912033496,0.8694038752087349,-2.9889745714103744,0.0086564632288184
2011-03-24,7.6392,7.6486,7.5643,7.6392,9922,0,0.370516357903039,7.567960000000001,7.53048,7.749355,7.7633887129560195,8.288652802604723,7.210057197395276,1.5378673199252944,34.06737753052077,42349.15,1.114445487355073,0.0,-0.246797508520391,0.0036983163686012
2011-03-25,7.583,7.7798,7.583,7.7142,57013,0,0.9817781966698024,7.633579999999999,7.53891,7.720295,7.758704073626875,8.19439939212385,7.24619060787615,1.5623952730560269,42.63988759401605,42651.8,2.595278913358824,1.7301859422392163,1.1048637596823063,0.0097699006822653
2011-03-28,7.7142,7.8735,7.6674,7.8642,111964,0,1.9444660496227728,7.6748,7.568899999999999,7.7151450000000015,7.76875130471003,8.180106175401912,7.250183824598091,1.6175282966594695,51.825044750564246,42957.65,2.6880037561624563,1.9444660496227784,3.96467617624896,0.0192580285352967
2011-03-29,7.883,8.0798,7.7517,8.061,31946,0,2.5024795910582043,7.77792,7.62983,7.717954999999999,7.796584513785265,8.190897633552025,7.245012366447972,1.5915995545998296,57.41314069487442,42939.8,4.232619941432214,2.2580235950780154,8.176657675429766,0.0247168034300459
2011-03-30,8.1266,8.1923,8.0142,8.1547,20967,0,1.1623868006450877,7.886660000000001,7.70669,7.7292,7.830690750567621,8.233036623477732,7.225363376522269,1.4790346892337505,68.26003824091777,43031.5,2.2223054079009605,0.3457780621662225,10.406032953791588,0.0115568298477583
2011-03-31,8.0704,8.4172,8.0516,8.3047,54184,0,1.8394300219505275,8.019760000000002,7.79386,7.733420000000001,7.8758344886088,8.255653815752424,7.211186184247577,1.4945510178635353,72.77267818574514,44149.95,4.540712404987814,2.90320182394926,11.727431723395677,0.0182271714460115
2011-04-01,8.361,8.4641,8.2954,8.4454,36140,0,1.6942213445398258,8.166,7.89979,7.753110000000001,7.930078823027009,8.350187415063152,7.156032584936851,1.366376845653982,78.3002505299672,45343.2,2.033657207609029,1.0094486305465695,14.34180419978066,0.016800294847743
2011-04-04,8.511,8.6703,8.4922,8.6703,56642,0,2.6629881355530793,8.32722,8.001009999999999,7.79201,8.000576077976818,8.515303822220751,7.06871617777925,1.201724793047254,86.50689035350509,44607.4,2.097218624149205,1.87169545294325,13.217377678536437,0.02628147782696
2011-04-05,8.6703,8.8953,8.5671,8.8297,78895,0,1.838460030218125,8.48096,8.129439999999999,7.8426300000000015,8.079540261026645,8.702237565541617,6.983022434458385,0.7305591282138969,90.94622191967323,44631.75,3.8309346219841105,1.8384600302181189,17.020966416624717,0.0182176466838278
2011-04-06,8.8297,9.0831,8.7922,9.0453,65972,0,2.441759063161819,8.65908,8.272870000000001,7.902620000000001,8.171517379024108,8.91666094508818,6.888579054911821,0.7282479285129732,91.73699197514884,47123.55,3.30861445372035,2.441759063161811,18.845092629089464,0.0241242468393185
2011-04-07,9.0546,9.1012,8.9234,8.989,50676,0,-0.6224226946590861,8.795939999999998,8.40785,7.969165000000001,8.249372866736097,9.085191048130062,6.853138951869941,0.9653848354025416,91.29269926322846,47788.3,1.9925140641459476,-0.724493627548427,17.669389464865446,-0.0062436782018208
2011-04-08,9.064,9.064,8.511,8.5485,24136,0,-4.900433863611076,8.816559999999999,8.49128,8.015095,8.277861165142184,9.147816842521742,6.882373157478258,2.2931121771617216,71.10552763819099,46625.9,6.497473857361072,-5.687334510150038,10.81512016800188,-0.0502457786302353
2011-04-11,8.5766,8.7733,8.4734,8.6047,35899,0,0.6574252792887592,8.80344,8.56533,8.067115000000001,8.308988673223881,9.208197172002828,6.926032827997174,2.2737627142783983,75.80008768084177,46305.8,3.5393112564024,0.3276356598185789,9.416088095419738,0.0065527366432498
2011-04-12,8.6703,8.6703,8.5015,8.511,12484,0,-1.088939765477004,8.7397,8.610330000000001,8.12008,8.328227847202559,9.23900974540738,7.00115025459262,2.280997357233999,71.6242191254205,45314.85,1.9855319649473524,-1.837306667589357,5.58243394119835,-0.0109491211094527
2011-04-13,8.5953,8.6515,8.4828,8.4828,18008,0,-0.3313359182234743,8.627199999999998,8.643139999999999,8.174915,8.342949004611839,9.248984442574926,7.100845557425075,2.286685746962759,70.2691013935608,44141.75,1.9887301362757723,-1.308854839272634,4.023446601346459,-0.0033188605120523
2011-04-14,8.4454,8.5015,8.3421,8.5015,26759,0,0.2204460791248363,8.5297,8.66282,8.22834,8.358049099410712,9.252146604681274,7.204533395318725,2.23160255209795,69.442386526399,44557.05,1.9107898490787665,0.6642669382148946,2.369742435006672,0.002202034532632
2011-04-15,8.5297,8.5766,8.4547,8.5766,23985,0,0.8833735223195749,8.535319999999999,8.67594,8.287865,8.378863470895405,9.241518045758117,7.3342119542418835,2.187890721049296,68.26854036311417,40661.75,1.4418016014760824,0.5498434880476342,1.5535084187841883,0.0087949460523351
2011-04-18,8.5297,8.5766,8.2485,8.2672,28116,0,-3.6074901476109256,8.46782,8.63563,8.31832,8.368228854619652,9.225041110955376,7.4115988890446225,2.2920453123878186,54.99903025601245,41142.95,3.977692913863117,-3.0774822092218868,-4.649204756467462,-0.0367416860169554
2011-04-19,8.3236,8.4077,8.2672,8.3141,12698,0,0.5673021095413011,8.42844,8.58407,8.356755000000001,8.363073725608256,9.187512114355426,7.525997885644577,2.183656136292712,53.95415757094662,39952.15,1.699487129862582,-0.114133307703409,-5.839382991494624,0.0056569901120667
2011-04-20,8.4641,8.4828,8.3236,8.361,20409,0,0.5641019472943709,8.40408,8.515640000000001,8.394255,8.36287622793128,9.147352473176468,7.64115752682353,1.9649133634829623,51.47189542483661,38840.75,1.9126339564611277,-1.2180857976630657,-7.565254883751771,0.0056251685050709
2011-04-21,8.3516,8.4359,8.2298,8.2954,27387,0,-0.7845951441215138,8.362860000000001,8.44628,8.427065,8.356449920509252,9.093891641323266,7.760238358676736,1.964267684021906,45.91814520518126,39714.0,2.5043135920678643,-0.6729249485128442,-7.716097452441872,-0.0078768928677738
2011-04-25,8.1829,8.2766,8.0516,8.0986,21192,0,-2.372399160980798,8.267260000000002,8.40129,8.446285,8.331892785222657,9.04531034618156,7.847259653818439,1.4777602284754083,34.20107223788203,37922.95,2.794475632172482,-1.0301971183810228,-5.262911621921984,-0.0240099370663956
2011-04-26,8.136,8.4922,8.136,8.3892,23550,0,3.588274516583123,8.29166,8.379740000000002,8.472534999999999,8.337350615201451,9.006655720732033,7.938414279267965,1.9533609762911088,38.6498325173924,33502.25,4.3780727630285305,3.112094395280254,-2.5044452450404875,0.0352539570900513
2011-04-27,8.3892,8.4828,8.3892,8.4359,30080,0,0.5566680970771953,8.31602,8.372229999999998,8.49128,8.346736270896551,8.989710600563875,7.992849399436125,1.9428215797564048,32.80085798148566,33408.95,1.115720211700741,0.5566680970771888,-0.8823874985313007,0.0055512442632443
2011-04-28,8.4266,8.4359,8.3141,8.4172,15605,0,-0.2216716651453953,8.32726,8.36567,8.504405,8.353447102239738,8.978760738038494,8.030049261961507,1.9415014168001616,33.512110726643556,33140.85,1.4649811765554943,-0.1115515154392184,-0.7733295609940072,-0.0022191772047157
2011-04-29,8.4359,8.4359,8.3047,8.3236,14215,0,-1.112008744000359,8.3329,8.34788,8.50535,8.350604521074048,8.978103188081924,8.032596811918076,1.965643302436079,41.89315838800374,31142.4,1.5798282900044522,-1.3312154008463757,-2.092571899076623,-0.0111823778258436
2011-05-02,8.2298,8.2298,7.733,7.733,102736,0,-7.095487529434397,8.25978,8.263520000000002,8.46973,8.29178504287652,9.055375630591657,7.884084369408345,2.884437906530071,27.317200104085373,34472.2,6.42441484546747,-6.036598702277084,-9.836065573770492,-0.0735979679295892
2011-05-03,7.733,7.8173,7.4143,7.5267,88851,0,-2.667787404629507,8.08728,8.18947,8.41255,8.218919800697803,9.125268299706384,7.699831700293615,2.803935776608088,25.8050243350868,36082.65,5.43544232092039,-2.667787404629506,-8.957083413973299,-0.0270401868853359
2011-05-04,7.5267,7.5643,7.4517,7.4799,97520,0,-0.6217864402726314,7.89608,8.10605,8.34506,8.148536962536108,9.142103078542275,7.548016921457723,2.759767766172303,25.57119890875435,37013.9,1.5110645892883567,-0.6217864402726317,-10.033557450595977,-0.0062372758284994
2011-05-05,7.4424,7.4987,7.433,7.4799,49385,0,0.0,7.708620000000001,8.01794,8.266789999999999,8.084857251818383,9.081550001860116,7.45202999813988,2.7294651674629526,24.88692232055064,36184.55,0.8838961388403139,0.5038697194453354,-10.538213132400443,0.0
2011-05-06,7.9486,8.0236,7.733,7.9672,203143,0,6.51479297851576,7.63734,7.98512,8.2157,8.073651799264251,8.965320810810054,7.466079189189947,3.6395100022341023,37.54394571171616,43807.9,3.757920600025869,0.2340034723095913,-3.956409576391739,0.0631136907222297
2011-05-09,7.986,8.0986,7.9672,8.0704,52515,0,1.2953107741741077,7.704820000000001,7.9823,8.191794999999999,8.073342104096227,8.927086024303012,7.456503975696986,3.596846149576503,45.607142857142826,45226.85,1.6492619740937755,1.0568494866015476,-0.348208332304345,0.0128699337131158
2011-05-10,8.1453,8.3141,8.061,8.2954,37854,0,2.7879659000793255,7.85856,7.972919999999999,8.176329999999998,8.094490475134682,8.88767585000217,7.464984149997827,3.516730391172203,49.61333278193625,45324.6,3.139808956705122,1.8427804991835797,-1.11810422924713,0.0274980969517384
2011-05-11,8.2766,8.3328,8.1079,8.1079,32377,0,-2.260288834775903,7.98416,7.94012,8.156175,8.095767572740902,8.85022725610904,7.4621227438909585,3.5745128711481873,45.05412904990816,46319.25,2.773837861838452,-2.0382765870043182,-3.888144714849629,-0.0228622492842315
2011-05-12,8.0704,8.4828,8.0704,8.4454,47054,0,4.162606840242211,8.17726,7.94294,8.154304999999999,8.12906589914653,8.8448445006801,7.463765499319898,3.848735187186228,52.64961492263122,47771.55,5.110031720856463,4.6466098334655035,0.3350282754360112,0.0407830194270612
2011-05-13,8.4454,8.4734,8.2672,8.2672,40026,0,-2.1100243919766837,8.237260000000001,7.9373,8.14259,8.142221527799242,8.816067838966116,7.469112161033883,3.896311135125876,52.99786628734,48434.9,2.4941939229726997,-2.110024391976681,-0.6775914267864835,-0.0213260358921936
2011-05-16,8.2391,8.2579,8.061,8.0704,56464,0,-2.3804915811883265,8.237260000000001,7.97104,8.11728,8.135381382294552,8.759398810452058,7.475161189547941,3.157422343271636,44.13582517842687,50058.85,2.4426249844932317,-2.047553737665536,4.36311909996121,-0.0240928312023746
2011-05-17,8.0422,8.2298,7.9486,7.9672,35832,0,-1.278747026169702,8.17162,8.01509,8.10228,8.11936410779031,8.743668574561843,7.460891425438158,3.0320082605389396,41.55404187840127,50444.65,3.5377299147019503,-0.9325806371390823,5.852498438890885,-0.0128699337131159
2011-05-18,7.9766,8.0986,7.958,8.0986,40859,0,1.6492619740937853,8.16976,8.07696,8.091505,8.117386573715041,8.72510382866348,7.457906171336519,3.014417703946297,44.48292581561265,51852.7,1.766775571751686,1.5294737106035028,8.271500955895128,0.0163580935984587
2011-05-19,8.0986,8.1453,7.9954,8.0329,30271,0,-0.8112513273899169,8.08726,8.132259999999999,8.0751,8.109340233361229,8.696185640335617,7.454014359664384,3.050181463552037,44.91694352159467,52345.8,1.8748280261150236,-0.811251327389915,7.393146967205433,-0.0081455987688825
2011-05-20,7.9766,8.211,7.9204,8.0892,34712,0,0.7008676816591786,8.05166,8.144459999999999,8.064789999999999,8.107422115898254,8.677263985354777,7.452316014645219,2.290129916489896,57.659556167211434,52712.05,3.669006615827489,1.4116290148684851,1.531278240787226,0.0069842302003876
2011-05-23,7.9486,8.0329,7.8923,7.8923,43436,0,-2.434109677100338,8.01604,8.126650000000001,8.054475,8.086934295336516,8.671483490515282,7.437466509484719,2.3890407363259385,57.89360048363416,53824.25,1.7814832178199014,-0.708300832851071,-2.206829896907214,-0.0246422380494684
2011-05-24,7.9486,7.9486,7.5174,7.5174,149786,0,-4.750199561598,7.926080000000001,8.04885,8.010885,8.032692933875895,8.651070743687391,7.3706992563126095,2.5276362239644237,50.70917962101442,60136.05,5.73602575358501,-5.42485469139219,-9.378691805096809,-0.0486672671183629
2011-05-25,7.4705,7.6766,7.3955,7.4987,375743,0,-0.248756218905477,7.806100000000001,7.98793,7.964025,7.981836463982953,8.610392667491553,7.317657332508445,2.491669286437415,50.3530383835349,77419.2,3.800960043269548,0.377484773442206,-7.513659517260951,-0.0024906613124519
2011-05-26,7.508,7.7986,7.4799,7.7893,48143,0,3.875338391987948,7.75738,7.922319999999999,7.93263,7.963499657889338,8.546497179530547,7.318762820469455,2.4296202493444317,46.39279776146639,79046.1,4.2607521490929114,3.746670218433669,-7.76872617045965,0.0380213248668158
2011-05-27,7.8079,7.986,7.7893,7.9486,49210,0,2.045113168063883,7.729260000000001,7.890459999999999,7.913880000000001,7.962080642852259,8.499734767704105,7.328025232295896,2.52989666554637,47.58524980174466,80795.85,2.5252590091535807,1.8020210299824515,-3.8537836268627945,0.0202448154779844
2011-05-31,8.0798,8.211,8.061,8.1829,50634,0,2.9476889011901486,7.787380000000001,7.90171,7.936375,7.983111057818711,8.527512400983587,7.345237599016413,2.617420308242185,47.777821672658305,78190.75,1.860811313732792,1.2760216837050362,1.3939829500396517,0.0290507984837558
2011-06-01,8.1735,8.1735,7.9486,7.9766,43232,0,-2.521111097532658,7.879220000000001,7.90265,7.95887,7.982490957074072,8.517726016104655,7.400013983895345,2.7212267387288,47.425591153288096,75909.8,2.829429081850902,-2.409004710344409,0.1179837333065592,-0.0255343555062702
2011-06-02,7.9672,8.1266,7.9672,8.0798,31729,0,1.293784319133473,7.99544,7.90077,7.988865,7.991758484971779,8.502005593332704,7.475724406667295,2.7001861273334216,42.106399516365855,72620.25,2.0007028818154406,1.4132945074806769,-0.2321388882028818,0.01285486424415
2011-06-03,7.9016,8.0329,7.8735,7.9954,62460,0,-1.04458031139385,8.036660000000001,7.89702,8.01464,7.992105295926848,8.468500249299563,7.560779750700437,2.7090622560657365,43.88388838883886,73274.0,2.024512605575662,1.18710134656272,-0.4668301609630387,-0.0105007434474701
2011-06-06,7.9672,8.0142,7.8642,7.883,20183,0,-1.405808339795378,8.02354,7.876400000000001,8.01043,7.981714315362386,8.467692426552157,7.553167573447842,2.7291665673307275,45.616579341317376,64126.0,1.907377737087057,-1.056833015362989,-2.549077782722642,-0.0141578342261675
2011-06-07,7.9111,8.0516,7.8548,7.883,30107,0,0.0,7.963560000000001,7.87547,8.001059999999999,7.97231295199454,8.460821601381397,7.541298398618601,2.6163914719527908,47.93059378686591,63005.6,2.5054743596272413,-0.355197128085857,-0.1178363721602071,0.0
2011-06-08,7.8548,8.0329,7.7986,7.8548,32539,0,-0.3577318279842645,7.939200000000001,7.90921,7.979029999999999,7.9611212422807744,8.421298792287114,7.536761207712884,2.029656057773167,43.68786246893124,62739.85,3.004385402508133,0.0,4.488253917577878,-0.003583732183833
2011-06-09,7.8735,8.0329,7.7893,7.9486,27673,0,1.1941742628711172,7.91296,7.9542,7.9710649999999985,7.959928743015939,8.40928092502657,7.532849074973428,2.025082731134752,47.848721482162,62504.65,3.127367029129701,0.953832476027179,5.999706615813394,0.0118710026358352
2011-06-10,7.9298,8.0798,7.836,7.8735,40351,0,-0.9448204715295728,7.88858,7.962620000000001,7.94247,7.951697434157278,8.320923763288057,7.564016236711942,1.7084683609443432,44.547798392396736,62169.5,3.111281265952019,-0.7099800751595278,1.0809700486564822,-0.0094931221514461
2011-06-13,7.9111,7.9111,7.6392,7.6581,33968,0,-2.735759192227094,7.8436,7.93357,7.912015000000001,7.923735773761347,8.278275196695922,7.54575480330408,1.7776331848738098,44.13502955023541,61866.6,3.5592732223269516,-3.1980381994918545,-3.6547316508567462,-0.0277387791687331
2011-06-14,7.7986,8.0704,7.7423,7.7893,63697,0,1.7132186834854624,7.824859999999999,7.894210000000001,7.89796,7.910932366736457,8.260180731772548,7.535739268227451,1.5510295736408315,57.75571909407267,62228.25,4.237758805522896,-0.1192521734670393,-4.810030673722032,0.0169870858421949
2011-06-15,7.686,7.9016,7.6766,7.8455,43406,0,0.7215025740438863,7.823,7.881099999999999,7.891875000000001,7.9047007127615565,8.253286169109948,7.530463830890052,1.4096041033837643,59.68498659517426,62606.95,2.930985071516043,2.075201665365605,-1.6435574054108226,0.007189121965197
2011-06-16,7.8455,7.8735,7.7237,7.733,47729,0,-1.4339430246638307,7.77988,7.84642,7.873595,7.888348263927123,8.22789446580994,7.519295534190059,1.3608323989104938,48.25404701358307,62950.45,1.9394849618706052,-1.433943024663829,-4.292185450134911,-0.0144432333900875
2011-06-17,7.7893,7.883,7.6581,7.7237,74033,0,-0.1202638044743298,7.74992,7.819250000000001,7.858135,7.872667476886444,8.210142393910903,7.506127606089096,1.3457100142431446,42.31005949531561,65138.55,2.9367597707003026,-0.8421809405209696,-3.398203967281188,-0.0012033617942072
2011-06-20,7.7048,7.7048,7.583,7.583,21679,0,-1.821665781943882,7.7349,7.78925,7.8328250000000015,7.845080098135354,8.187660777433582,7.47798922256642,1.388166407350139,28.085044202527953,64486.9,1.6062244494263416,-1.5808327276502891,-3.805657744513513,-0.0183846241138926
2011-06-21,7.6204,7.6486,7.4799,7.5548,42655,0,-0.371884478438611,7.688,7.75643,7.815950000000001,7.817434374503416,8.190433602338713,7.44146639766129,1.3818660497549826,32.286242230808,64447.85,2.255377745691791,-0.8608471996220656,-4.163389572497778,-0.0037257768792445
2011-06-22,7.5361,7.5736,7.4424,7.4705,23133,0,-1.1158468788055265,7.613,7.718000000000001,7.813605,7.784393005503091,8.196454144262702,7.4307558557372975,1.3990206604417703,23.999317231373222,58115.2,1.7628721917660937,-0.8704767718050433,-4.892549778479394,-0.0112211915305514
2011-06-23,7.4049,7.4143,7.1612,7.2736,42128,0,-2.6357004216585267,7.521120000000001,7.650499999999999,7.8023500000000015,7.735746052598035,8.234268781351005,7.370431218648998,1.4104535246419063,21.896900794268817,41434.45,3.5343238563369255,-1.7731502113465345,-8.492061495106052,-0.0267105766329154
2011-06-24,7.2831,7.3861,7.1612,7.3674,304295,0,1.2895952485701745,7.449860000000001,7.599889999999999,7.781254999999999,7.700665476160127,8.25503974559384,7.307470254406159,1.5664392378399368,29.630214917825526,54242.05,3.14053510584818,1.1574741524900087,-6.427891026862264,0.0128135077362979
2011-06-27,7.3581,7.4237,7.1705,7.3111,83298,0,-0.7641773217145875,7.395480000000001,7.565190000000001,7.74938,7.663564002240115,8.260099408388587,7.238660591611413,1.3889146948569675,28.368257810726973,55946.45,3.5311345094484423,-0.6387518517008548,-4.531150024157437,-0.0076711211753266
2011-06-28,7.3299,7.3487,7.2175,7.2831,70566,0,-0.3829793054396679,7.34114,7.514570000000001,7.704389999999999,7.627329335360104,8.212836227141338,7.19594377285866,1.1657572055823806,28.37255050313989,56943.05,1.8178039487357085,-0.6384807432570727,-6.498658416032244,-0.0038371454900244
2011-06-29,7.3111,7.6299,7.2361,7.611,58597,0,4.5022037319273345,7.36924,7.49112,7.686110000000001,7.625774160563903,8.179412229981569,7.192807770018433,1.987965911252422,39.15027638513947,57711.3,5.442158068572846,4.101981917905651,-2.9889745714103744,0.0440379735382205
2011-06-30,7.6486,7.8923,7.5361,7.7611,119106,0,1.97214557876757,7.46674,7.493930000000001,7.670175,7.638662335748293,8.129339430471319,7.211010569528681,2.059820493070897,46.553838606818736,62080.15,4.726582715197508,1.4708574118139244,0.3633777317987974,0.0195295074412451
2011-07-01,7.8079,7.9486,7.6955,7.9016,70889,0,1.8103103941451648,7.57358,7.51172,7.665484999999999,7.663704018057979,8.112415628197013,7.218554371802986,2.130802635927071,57.82505302397327,62501.6,3.2889350919368447,1.2000665992136184,2.303300231754224,0.0179411938852808
2011-07-05,7.9111,7.9486,7.7237,7.9392,32946,0,0.4758529917991305,7.6992,7.54734,7.668295,7.689941730623886,8.121644496757249,7.214945503242752,2.0028452202248586,55.12548724611912,63139.75,2.9118168753317697,0.3551971280858458,4.697349334036649,0.0047472439035643
2011-07-06,7.9392,7.9672,7.7611,7.9204,30572,0,-0.2367996775493708,7.82666,7.5839,7.670165,7.711890137231135,8.127534169213332,7.212795830786669,1.9969232981481049,52.628254614358895,63163.0,2.655551403795856,-0.2367996775493715,4.839307460157771,-0.0023708049138423
2011-07-07,7.8923,8.0236,7.8735,7.9298,31046,0,0.118680874703303,7.890420000000001,7.62983,7.673915000000001,7.732643457494837,8.138825890272816,7.209004109727186,1.9233202152291813,57.444394008170704,63088.35,1.9063948688639123,0.4751466619363245,6.148182852553363,0.0011861050462491
2011-07-08,7.8548,7.9111,7.7517,7.8923,35221,0,-0.4728996948220709,7.91666,7.691699999999999,7.671100000000001,7.747848842495329,8.129646173993128,7.212553826006874,1.6138815559852928,56.24444444444443,63465.75,2.0563231291200723,0.4774150837704288,8.506104267487903,-0.0047402140319635
2011-07-11,7.7893,7.9672,7.7237,7.9204,46721,0,0.3560432320109497,7.92042,7.747,7.673445000000001,7.764282286067203,8.136803805950807,7.210086194049196,1.6114178146762852,63.63342492322611,63784.25,3.1526341002369342,1.6830780686326114,7.506040122702706,0.0035541089857143
2011-07-12,7.8548,7.9392,7.7798,7.8173,54725,0,-1.301701934245736,7.896040000000001,7.797619999999999,7.681405,7.76933159215604,8.149103312454951,7.213706687545049,1.67480633352471,60.00152404175875,64822.1,2.048895858505357,-0.4774150837704288,6.923718729055839,-0.0131024832053886
2011-07-13,7.8079,7.8079,7.611,7.6674,54783,0,-1.9175418622798257,7.845439999999999,7.83605,7.675309999999999,7.759623821474512,8.140257072935299,7.210362927064699,1.845087654287088,57.144930691632176,64376.4,2.5870450663513376,-1.7994595217664198,5.276599250319225,-0.0193616515355382
2011-07-14,7.7611,7.7611,7.5267,7.5361,40624,0,-1.712444896575105,7.7667,7.82856,7.65984,7.73833583847694,8.121521897322511,7.198158102677489,1.3347879349684388,60.00152404175875,64237.3,3.1142466153825707,-2.8990735849299667,-0.9841019576928068,-0.0172727680354886
2011-07-15,7.5643,7.686,7.4517,7.5454,98246,0,0.1234060057589525,7.69732,7.806990000000001,7.65046,7.719960996717231,8.113504335264537,7.187415664735463,1.1295600999599258,57.24873757941033,66763.15,3.1442489633238075,-0.2498578850653776,-2.779245210086201,0.0012332992313491
2011-07-18,7.508,7.6674,7.4799,7.4799,63050,0,-0.868078564423358,7.60922,7.76482,7.63827,7.697098044648923,8.106008672426961,7.17053132757304,0.8669999215103597,56.8229587712207,66214.0,2.5067180042513937,-0.3742674480554107,-5.336893793662045,-0.008718683143373
2011-07-19,7.4987,7.5548,7.3299,7.3955,68665,0,-1.1283573309803565,7.524859999999999,7.71045,7.628895,7.668374421349026,8.108659668078388,7.149130331921611,0.803511262416535,54.34513684861605,68563.3,3.068254682874253,-1.3762385480149917,-6.848297057638042,-0.0113477157837753
2011-07-20,7.3955,7.4424,7.2643,7.3767,52793,0,-0.2542086403894306,7.46672,7.65608,7.61999,7.640595905030071,8.112000572842696,7.127979427157303,0.802404720831349,38.098140810728424,69070.2,2.45171592582905,-0.254208640389434,-6.864552295338622,-0.0025453229918244
2011-07-21,7.4237,7.5454,7.3487,7.4987,39027,0,1.6538560602979755,7.459239999999999,7.61297,7.6214,7.627082009312921,8.111765633722802,7.131034366277196,1.0773906895226797,36.27902112528764,69864.9,2.676663899737367,1.010277893772649,-5.436454891674436,0.0164032880475098
2011-07-22,7.4987,7.5267,7.4611,7.5174,37076,0,0.2493765586034868,7.45364,7.575480000000001,7.63359,7.616636103664071,8.099039844207955,7.168140155792045,1.107098006715018,26.977468839884963,69612.3,0.8792269236439652,0.2493765586034904,-4.750199561598,0.0024906613124518
2011-07-25,7.4517,7.6017,7.433,7.5925,25047,0,0.9990156171016508,7.47616,7.54269,7.644844999999999,7.614337427124636,8.093786367522762,7.195903632477235,1.177479733144053,30.118132813396087,55649.9,2.26960850262344,1.889501724438725,-4.1399424271501335,0.0099405844403417
2011-07-26,7.4143,7.6017,7.4143,7.5736,20802,0,-0.2489298649983595,7.51178,7.51832,7.657970000000001,7.610457672160384,8.080393953167965,7.235546046832035,1.1357835794664768,30.114678899082605,52525.1,2.527548116477621,2.148550773505254,-3.1174446420119573,-0.0024924021052224
2011-07-27,7.5454,7.5548,7.2736,7.3487,40280,0,-2.9695257209253145,7.50618,7.48645,7.661250000000001,7.585528370049872,8.072283288445172,7.250216711554829,1.3328097417343143,23.282758620689677,51010.8,3.866036075670922,-2.6068863148408288,-4.156558937840726,-0.0301450889995737
2011-07-28,7.3861,7.4049,7.2925,7.3861,28866,0,0.5089335528732919,7.48366,7.47145,7.650005,7.5665351919498836,8.078750585092566,7.221259414907434,1.2765792453390048,26.72429648703331,49524.25,1.5413095646211747,0.0,-1.990419447724956,0.0050764286338278
2011-07-29,7.3861,7.5548,7.2736,7.3299,62140,0,-0.7608886963350048,7.446160000000001,7.4499,7.628444999999999,7.543998507002276,8.076595968336092,7.180294031663907,1.2828042277333869,23.532048408785315,46675.95,3.866036075670922,-0.760888696335002,-2.8560447424921143,-0.0076379822261011
2011-08-01,7.4893,7.6299,7.3861,7.6017,72781,0,3.708099701223744,7.448,7.4620799999999985,7.61345,7.549493887287773,8.04279252550854,7.18410747449146,1.773021749597602,41.60566889892539,46770.55,3.3007947360582746,1.500807819155329,1.6283640155617007,0.0364100332485313
2011-08-02,7.583,7.6299,7.4424,7.5548,64961,0,-0.6169672573240192,7.444240000000001,7.478009999999999,7.59423,7.549999231355605,7.995682589321839,7.192777410678162,1.7382628949996315,45.233660684050136,48371.3,2.5193485972267013,-0.3718844784386127,2.154012575214659,-0.0061887836496747
2011-08-03,7.4987,7.6674,7.4424,7.508,36045,0,-0.6194737120770899,7.4761,7.49114,7.57361,7.545999304559833,7.945822423220295,7.201397576779704,1.7532682076484143,48.718883924500766,48644.95,3.023218316672037,0.1240214970594855,1.7799286944026438,-0.0062140041152915
2011-08-04,7.4799,7.5548,7.3861,7.4143,57646,0,-1.2480021310601996,7.48174,7.4827,7.547834999999999,7.533456513649372,7.886033405019034,7.209636594980965,1.7240285914287714,44.45008890017781,49974.95,2.2840199834824912,-0.8770170724207528,-1.1255284249269917,-0.0125585508273153
2011-08-05,7.0861,7.7798,7.0861,7.5925,148903,0,2.4034635771414736,7.534260000000001,7.49021,7.532844999999999,7.539079702825623,7.830958750631051,7.234731249368947,1.8982747246268052,54.351522646467785,55659.05,9.789588066778618,7.146385176613372,0.9990156171016508,0.0237503500408198
2011-08-08,7.4424,7.6955,6.3082,6.505,100179,0,-14.3233454066513,7.314919999999999,7.38146,7.462074999999999,7.440595921604134,7.970579452704767,6.9535705472952305,4.906406542155342,30.615176977665556,58331.95,21.99201039916299,-12.595399333548322,-14.3233454066513,-0.1545898059732982
2011-08-09,6.73,7.2361,6.4207,7.0956,128953,0,9.079169869331285,7.22308,7.33366,7.42599,7.407739167165645,7.930770573068034,6.921209426931967,5.932518670745993,45.10056820162444,62043.35,12.69954989331382,5.4323922734026695,-6.311397486004012,0.0869037616681788
2011-08-10,6.9455,7.0768,6.5706,6.5988,50294,0,-7.00152207001522,7.04124,7.25867,7.37256,7.330697341721298,7.984577455547029,6.760542544452971,6.248810880343122,36.12763989517496,61818.9,7.704014854046824,-4.991721258368731,-10.204525970579835,-0.0725870593130151
2011-08-11,6.6551,7.0393,6.6551,6.8799,67500,0,4.259865430078191,6.93436,7.20805,7.33975,7.287764261557365,7.984342749440375,6.6951572505596255,6.451216772138872,40.908183348070395,63162.7,5.773016183077638,3.3778605881203907,-6.853413844924927,0.0417163026362665
2011-08-12,6.955,7.2831,6.8519,7.0582,61940,0,2.591607436154586,6.827499999999999,7.18088,7.315390000000001,7.265900998551902,7.964070344277638,6.6667096557223635,6.523547291156993,42.59787758721011,61347.4,6.293144967089427,1.4838245866283275,-3.706735426131325,0.0255859445349789
2011-08-15,7.1894,7.7517,7.1894,7.6955,120128,0,9.02921424725851,7.065600000000001,7.19026,7.326169999999999,7.306815189166007,7.993265874431653,6.659074125568345,7.069778379571063,51.44175044352455,64201.3,7.821236820875171,7.039530419784683,1.2339345146480385,0.0864456809469937
2011-08-16,7.583,7.7142,7.3861,7.4237,68624,0,-3.5319342472873716,7.131220000000001,7.17715,7.32758,7.317947075912102,7.995411682544374,6.659748317455627,7.173656041826785,50.8773161145424,64199.25,4.442127780560784,-2.1007516813925884,-1.7353205908826164,-0.0359581572532159
2011-08-17,7.4987,7.6955,7.3861,7.6392,52113,0,2.902865148106737,7.3393,7.19027,7.340705,7.348542592491902,8.022767650232094,6.658642349767906,7.222680905376854,52.84222346996069,64165.25,4.188949513274937,1.873658100737453,1.7474693660095797,0.0286153004692
2011-08-18,7.4049,7.4424,7.0768,7.0956,67023,0,-7.115928369462765,7.38244,7.1584,7.32055,7.3244528217783875,8.006765324499876,6.634334675500124,7.601341130989336,47.628494503937326,65565.05,5.166176803074832,-4.176963902280915,-4.298450292003286,-0.0738180120212081
2011-08-19,6.9175,7.5361,6.9175,7.3955,83204,0,4.2265629404137695,7.4499,7.1387,7.314455,7.331219219704256,7.995454125047391,6.633455874952609,7.6912688658222,47.924718196457334,67871.45,8.942537043729667,6.9100108420672175,-2.5946657886071756,0.0413968334966401
2011-08-22,7.6017,7.6955,7.3767,7.5925,41690,0,2.6637820296125936,7.4293,7.247450000000001,7.314455,7.356103103541946,7.995454125047391,6.633455874952609,5.822235397871786,50.36830073660147,68703.6,4.321715672319606,-0.1210255600720874,16.717909300538047,0.026289210808479
2011-08-23,7.6674,8.1079,7.6299,8.1079,112086,0,6.788277905828122,7.56614,7.34868,7.34117,7.427702807966522,8.102192041592092,6.580147958407908,5.538220088957721,55.3690013782734,73267.8,6.264826537700372,5.745102642355962,14.266587744517745,0.0656779770781486
2011-08-24,8.0892,8.1829,7.8735,8.1266,167522,0,0.2306392530741607,7.66362,7.50146,7.380064999999999,7.494264445303044,8.218305169766428,6.541824830233572,4.719024206744273,56.461708728704394,79629.9,3.9296373912491287,0.4623448548682178,23.15269442929018,0.0023037368900048
2011-08-25,8.1829,8.1829,7.8079,8.0142,57289,0,-1.383112248664864,7.84734,7.61489,7.41147,7.543782117178944,8.296424540848253,6.526515459151746,4.782895051163232,53.87172000954847,81051.05,4.802827905070505,-2.0616162974006698,16.487158243579138,-0.0139276636769424
2011-08-26,7.9486,8.3141,7.8735,8.1079,51066,0,1.1691747148810938,7.98982,7.71986,7.450370000000001,7.597507629828568,8.387109411272476,6.513630588727527,4.772596724930516,68.0016172143483,80497.35,5.59598653711818,2.0041265128450405,14.87206369896008,0.0116239267869378
2011-08-29,8.2579,8.4359,8.2298,8.4266,34463,0,3.930734222178356,8.15664,7.79297,7.491615,7.676468807940133,8.52415246566385,6.459077534336152,4.104174104643637,65.92029089517249,78581.45,2.5043135920678643,2.0428922607442717,9.500357351699051,0.0385544741709311
2011-08-30,8.3421,8.3703,8.2391,8.2766,20886,0,-1.7800773740298648,8.190380000000001,7.87826,7.527705,7.733624159564883,8.618363326497082,6.437046673502917,3.923198530156903,71.88396723535244,76377.7,1.5924069376509542,-0.7851739969552044,11.488880207982533,-0.0179611131397737
2011-08-31,8.3328,8.4266,8.2391,8.3516,37450,0,0.9061691999129984,8.23538,7.9495,7.569885000000001,7.792479001511085,8.720914348521323,6.41885565147868,3.875345111211742,70.28643894908059,76447.95,2.275734000072823,0.2256144393241025,9.325583830767624,0.0090208812260103
2011-09-01,8.3141,8.4266,8.2391,8.361,66939,0,0.1125532832032316,8.30474,8.07604,7.61722,7.846623858510029,8.818094231724778,6.416345768275223,2.695361929511164,68.83529956049041,76912.6,2.275734000072823,0.5641019472943654,17.833587011669216,0.0011248998948375
2011-09-02,8.1923,8.2766,8.0516,8.0798,41349,0,-3.3632340629111357,8.29912,8.14447,7.641585000000001,7.868831110080503,8.859993451563609,6.423176548436393,2.956569454650045,56.19379170293009,71534.9,2.794475632172482,-1.3732407260476172,9.252924075451286,-0.0342109174165119
2011-09-06,8.1079,8.2016,7.7986,8.061,71755,0,-0.2326790267085932,8.226,8.191320000000001,7.719385000000001,7.887132909120455,8.825777208510235,6.6129927914897655,2.9090675093456633,61.18344856631453,70113.7,5.167594183571393,-0.5784481801699679,6.170563055647005,-0.0023295014499451
2011-09-07,8.2016,8.3892,8.1923,8.3703,47038,0,3.836992928917016,8.24474,8.21756,7.783119999999999,7.933148822537555,8.885063954253262,6.681176045746738,2.3021674754748935,62.420576942679496,66017.95,2.403476435189156,2.056915723761232,3.2363497329764845,0.0376521078515073
2011-09-08,8.3047,8.3985,8.1266,8.1547,45707,0,-2.5757738671254304,8.20536,8.220369999999999,7.860915000000001,7.954248934676835,8.821424608762891,6.90040539123711,2.4814243829090077,70.24970364422009,65788.6,3.345802672704458,-1.8062061242429028,0.3457780621662243,-0.0260952780037489
2011-09-09,8.0892,8.3141,7.9954,8.1453,40229,0,-0.1152709480422231,8.16222,8.23348,7.924185,7.972444274231423,8.772796423754029,7.0755735762459695,2.4312627382958025,66.12750580745075,64425.05,3.9860419741351247,0.6935172823023378,1.6358463726884764,-0.0011533743609872
2011-09-12,8.1453,8.4077,8.0236,8.3703,30326,0,2.7623291959780527,8.220320000000001,8.25972,7.989789999999999,8.010335295733192,8.755321072351977,7.224258927648022,2.551846012607561,66.53064694380686,62844.35,4.787127972481182,2.762329195978044,3.2363497329764845,0.0272486523647363
2011-09-13,8.4172,8.4922,8.2391,8.3797,38742,0,0.1123018290861699,8.28406,8.255030000000001,8.024000000000001,8.045512886615745,8.79528687815921,7.252713121840792,2.220363351198288,57.35947146106355,58775.05,3.0719374688983003,-0.4455163237180968,-0.5565708589466811,0.0011223881775293
2011-09-14,8.511,8.511,8.2485,8.3047,32642,0,-0.8950201081184161,8.27094,8.25784,8.068050000000001,8.07019737360472,8.794297852428786,7.341802147571217,2.1598295041572277,54.67969940616955,56975.95,3.1823967994180675,-2.423921983315695,0.3395113935674043,-0.0089904947352665
2011-09-15,8.3516,8.3516,8.1547,8.3047,19267,0,0.0,8.30094,8.25315,8.101325,8.092530957070938,8.805488126659508,7.39716187334049,2.1390521633485733,58.112259145490086,55333.65,2.4145584754803906,-0.5615690406628557,-0.5615690406628571,0.0
2011-09-16,8.361,8.361,8.0986,8.0986,72464,0,-2.48172721470975,8.291599999999999,8.22691,8.151475000000001,8.09310896115942,8.673312102531504,7.629637897468498,2.2722363653287947,49.75563613432126,55605.7,3.2400661842787803,-3.1383805764860813,-3.1383805764860773,-0.0251304123614823
2011-09-19,7.9766,8.0142,7.8735,7.9298,18602,0,-2.0843108685451694,8.2035,8.21191,8.17819,8.077555726763284,8.577362591084624,7.779017408915378,2.1106098097970913,35.83000570450655,52375.6,1.787007048961716,-0.5867161447233179,-1.856481596079118,-0.0210633925859998
2011-09-20,7.9766,7.9766,7.7237,7.7237,30418,0,-2.599056722742066,8.0723,8.178180000000001,8.184750000000001,8.043855181357257,8.545896364846213,7.823603635153789,2.247002475133232,34.718921010447175,51812.0,3.274337428952449,-3.170523782062537,-4.1843443741471305,-0.0263342908150604
2011-09-21,7.7517,7.836,7.4611,7.4893,21796,0,-3.0348149203102137,7.90922,8.09008,8.15382,7.991040402180375,8.63024048919609,7.677399510803908,1.8152076995335011,28.097536195072408,47297.5,5.02472825722749,-3.3850639214623826,-10.52530972605522,-0.030818188614954
2011-09-22,7.2736,7.3111,6.9737,7.0393,46388,0,-6.008572229714392,7.656139999999999,7.978540000000001,8.099455,7.900398459115578,8.789297259543556,7.409612740456446,2.3676861933526507,22.568594080777046,41240.8,4.838177724880619,-3.2212384513858363,-13.678001643224158,-0.0619666018096388
2011-09-23,6.9831,7.3111,6.9831,7.1612,23010,0,1.7317062776128322,7.46866,7.880129999999999,8.056805,7.829998605866475,8.86428512320301,7.249324876796992,2.5472531754670142,29.584851986843265,39526.85,4.697054316850673,2.5504432128997103,-12.081814052275552,0.0171688312868826
2011-09-26,7.208,7.2175,6.9362,7.1612,26109,0,0.0,7.31494,7.759220000000001,8.00947,7.766303500545859,8.909972816500781,7.108967183499219,2.1883205939254875,29.83415508740474,38279.0,4.055534730832442,-0.6492785793562732,-14.445121441286457,0.0
2011-09-27,7.3581,7.9111,7.3018,7.4517,50218,0,4.0565826956376005,7.260540000000001,7.66642,7.960724999999999,7.736341262398634,8.8716399498109,7.049810050189098,2.78934053369868,29.237862761052313,39066.75,8.344517790133942,1.272067517429764,-11.074382137785364,0.0397646295850468
2011-09-28,7.4799,7.5548,7.2175,7.255,33495,0,-2.6396661164566404,7.213679999999999,7.561450000000001,7.909645,7.690499237408288,8.85971160702763,6.95957839297237,2.8272085661557185,29.48980987553,39697.2,4.673363352961551,-3.006724688832737,-12.639830457451806,-0.0267513079438765
2011-09-29,7.4143,7.686,7.3205,7.583,32760,0,4.521019986216412,7.322419999999999,7.489279999999999,7.871214999999999,7.680261214797975,8.80809802763643,6.9343319723635695,3.36885095534641,38.8072773597675,39462.7,4.992828358718666,2.2753328028269735,-8.690259732440664,0.0442180133826474
2011-09-30,7.4143,7.7048,7.4143,7.4799,32141,0,-1.359620203085854,7.386159999999999,7.42741,7.827160000000001,7.661179194341025,8.749825795456179,6.904494204543823,3.327033944252383,31.37238493723848,37722.8,3.9181042040381393,0.884776715266443,-7.639592028251796,-0.0136894768057355
2011-10-03,7.2455,7.6017,7.1424,7.1519,43364,0,-4.385085362103769,7.384299999999999,7.34962,7.780765,7.612676413927594,8.74243372351605,6.819096276483949,3.5049934806749072,27.33515469246106,37823.55,6.430611559139781,-1.2918363121937682,-9.80983126938888,-0.0448413672425087
2011-10-04,7.1331,7.8735,6.8519,7.8735,57034,0,10.089626532809447,7.46866,7.3645999999999985,7.771389999999999,7.637516755458299,8.725179372974724,6.817600627025276,4.878188254159001,43.57415355269432,37087.5,14.909733066740616,10.379778777810492,1.9394849618705967,0.0961246347077727
2011-10-05,7.8923,8.2203,7.6299,7.8267,41299,0,-0.5943989331301247,7.583,7.398339999999999,7.744210000000001,7.655534207319413,8.656204143332731,6.83221585666727,4.752402314790073,42.97472075249852,36800.55,7.737978217276764,-0.8311898939472635,4.505093934012527,-0.0059617251518284
2011-10-06,7.686,8.0236,7.686,8.0142,44134,0,2.3956456744221866,7.66924,7.49583,7.737184999999999,7.6896928542413745,8.637961133821646,6.836408866178352,4.173261436949625,48.75273393627714,36721.9,4.392401769450951,4.270101483216247,13.849388433509024,0.0236740030024791
2011-10-07,7.883,8.0422,7.7142,7.7798,34328,0,-2.924808464974682,7.729220000000001,7.557690000000001,7.718909999999999,7.698274487170767,8.599426293282729,6.8383937067172695,4.38430393897002,47.82545665410263,36426.85,4.251899095175124,-1.3091462641126497,8.638217058593533,-0.0296843373099806
2011-10-10,7.958,7.958,7.6581,7.9016,39211,0,1.5655929458340934,7.879160000000001,7.631729999999999,7.695475,7.717638821725933,8.526555488533191,6.864394511466809,4.375907736010297,52.643623502838295,36871.1,3.916114963241536,-0.7087207841166123,10.339049321342795,0.0155346396927834
2011-10-11,7.836,8.0704,7.8173,8.0704,22835,0,2.1362761972258726,7.91854,7.693600000000001,7.68001,7.7512351244187006,8.467868092752308,6.892151907247692,4.271288986560727,58.80694734927706,36075.75,3.2376907627953253,2.9913221031138213,8.30280338714655,0.0211377767366281
2011-10-12,8.1829,8.2859,8.136,8.2016,26842,0,1.625693893735125,7.993520000000001,7.788259999999999,7.674854999999999,7.794127017331205,8.446689292209857,6.903020707790141,4.089824197195004,69.49971479381269,35785.75,1.8424287118977456,0.2285253394273307,13.047553411440372,0.0161262098392061
2011-10-13,8.1642,8.2579,8.0704,8.2203,20661,0,0.2280042918455072,8.03474,7.851989999999999,7.670635,7.83471492044252,8.428770966905214,6.912499033094786,3.937444419319641,68.40568628132493,35855.45,2.3233049167327517,0.6871463217461687,8.404325464855589,0.0022774475648631
2011-10-14,8.3141,8.3516,7.9486,8.1735,25093,0,-0.5693222875077453,8.11348,7.92135,7.674379999999999,7.8669801661146606,8.442096621512706,6.906663378487294,3.8952541399454783,67.31078354252882,33486.9,5.070075233374426,-1.6911030658760322,9.272851241326771,-0.0057094910433521
2011-10-17,8.0798,8.0798,7.6766,7.7048,22155,0,-5.734385514161633,8.07412,7.976640000000001,7.66313,7.851534436008502,8.421625963559698,6.904634036440301,4.11786078937765,54.079494535959505,33664.55,5.252325248156748,-4.641203990197788,7.7308127910065805,-0.0590537024446083
2011-10-18,7.7142,8.2016,7.6486,8.1735,23302,0,6.083220849340676,8.094740000000002,8.006639999999999,7.68562,7.882197823055312,8.477612080236545,6.893627919763455,3.211018335526126,63.61103701727868,33308.75,7.230081322072,5.953955043944942,3.810249571346924,0.0590537024446082
2011-10-19,8.1735,8.2391,7.9392,7.958,20728,0,-2.6365694011133645,8.046020000000002,8.019770000000001,7.709055000000001,7.889417078002425,8.504318577557147,6.9137914224428565,3.344930138059148,55.74871228844738,33255.35,3.777458686013716,-2.6365694011133596,1.6775908109420312,-0.0267195017043888
2011-10-20,7.9016,8.0236,7.7893,7.986,15060,0,0.3518471977883797,7.999160000000001,8.01695,7.756390000000001,7.898615451526004,8.494442127384211,7.01833787261579,3.258335085956661,57.94131492232857,31688.95,3.0079724750619463,1.068138098612934,-0.3518754211275121,0.0035122966362925
2011-10-21,8.1829,8.2391,8.0516,8.2391,26346,0,3.1692962684698234,8.01228,8.06288,7.810285,7.93104255138067,8.522300503305152,7.09826949669485,3.217553042086141,67.47011183956805,31855.75,2.3287296934770727,0.6867980789206818,5.9037507390935495,0.0312011060140807
2011-10-24,8.3047,8.5766,8.3047,8.5015,40689,0,3.1848138753019173,8.17162,8.12287,7.8773,7.985371832201558,8.584367405407006,7.170232594592994,3.3097398317530544,61.83833509274617,32584.75,3.2740496345442787,2.3697424350066787,7.592133238837695,0.0313515038602931
2011-10-25,8.4359,8.5671,8.0892,8.1547,26837,0,-4.0792801270364,8.167860000000001,8.1313,7.91245,8.001498324372838,8.600060729838471,7.224839270161528,3.5985727168234964,55.55480287223954,31415.7,5.907877169559413,-3.333372846999136,1.044557890563058,-0.0416481703661812
2011-10-26,8.4172,8.4172,8.0986,8.3141,27169,0,1.954700969992773,8.23908,8.14255,7.965405,8.031269912527806,8.600988118834108,7.329821881165891,3.614905321859344,55.12772287385014,31099.4,3.934013286247006,-1.2248728793422936,1.3716835739367994,0.0193584205136279
2011-10-27,8.3236,8.9983,8.1266,8.9983,57816,0,8.229393440059663,8.44154,8.22035,8.03617,8.123368016096586,8.79557736200883,7.27676263799117,4.419053540791071,68.056666963042,32352.2,10.726503088622556,8.105867653419189,9.464374779509278,0.0790828019427275
2011-10-28,8.9234,9.0171,8.5203,8.5766,21207,0,-4.686440772145861,8.50904,8.26066,8.091005,8.16653296694453,8.839591534673355,7.342418465326642,4.7596914649802,59.186173108328774,31805.5,5.8307806063166625,-3.886411009256581,4.931791766073257,-0.0479981060378389
2011-10-31,8.2766,8.3703,7.8267,7.8267,40735,0,-8.743558053307831,8.37408,8.27285,8.124745,8.134167922473623,8.744929137256664,7.504560862743338,5.271155778808003,47.13637752344247,31674.05,6.945455939284763,-5.435806973878168,1.5821306198733345,-0.0914965993412399
2011-11-01,7.5454,8.0142,7.5454,7.7237,33690,0,-1.3160080238159066,8.28788,8.22787,8.117255,8.095075739380897,8.753622283802574,7.480887716197427,4.870561722690482,44.34692091130617,30506.85,6.213056961857566,2.363029130331064,-5.503150425154468,-0.0132474413938074
2011-11-02,7.8642,7.9672,7.5174,7.6674,60520,0,-0.728925256030144,8.158539999999999,8.198809999999998,8.10929,8.054344716582717,8.764673255973216,7.453906744026783,4.812732440791017,43.51741118536757,31467.9,5.983451725330563,-2.50247959105822,-3.651671274189505,-0.0073159489721156
2011-11-03,7.6674,8.2766,7.6674,8.2766,46707,0,7.945326968724742,8.014199999999999,8.22787,8.122409999999999,8.075511886431983,8.780279303609088,7.46454069639091,5.474647856248657,51.067973233338165,31596.55,7.945326968724736,7.945326968724736,3.6388680190333034,0.0764546811864975
2011-11-04,8.6703,9.064,8.5578,8.9609,104003,0,8.267887780006289,8.09106,8.30005,8.181465,8.15983456391465,8.917270481374379,7.44565951862562,5.966884271790756,62.45513138324244,35080.3,5.915071630559253,3.3516717991303797,8.760665606680341,0.0794384123239328
2011-11-07,8.9609,9.3729,8.6609,9.2603,68023,0,3.341182247318919,8.377780000000001,8.37593,8.2494,8.264640795922778,9.115723552052948,7.383076447947052,5.9734391348688245,61.150783879175904,36520.9,8.220854645591103,3.341182247318911,8.925483738163864,0.0328657771705049
2011-11-08,9.3069,9.786,9.2137,9.776,89689,0,5.568934051812557,8.78824,8.53806,8.33468,8.408579767739656,9.431850173625891,7.237509826374108,5.836184550535786,67.5706498627595,39863.6,6.211402585280617,5.0403464096530435,19.88178596392265,0.0541939568877286
2011-11-09,9.523,9.758,9.2506,9.3545,48772,0,-4.311579378068742,9.12566,8.642100000000001,8.392325000000001,8.498667408907307,9.577659061506695,7.206990938493307,6.166638536441881,62.29140095924123,40960.1,5.485049618403117,-1.7694003990339164,12.513681577079904,-0.0440728914859032
2011-11-10,9.542,9.645,9.2798,9.551,26166,0,2.1005932973435337,9.38054,8.697370000000001,8.45886,8.598889560439945,9.748350067143868,7.169369932856132,5.694140808102343,61.90407055877175,41235.35,3.935429642880232,0.094319849088245,6.142271317915604,0.0207883501092643
2011-11-11,9.655,9.701,9.561,9.701,56186,0,1.5705161763166275,9.52856,8.80981,8.535235,8.703852459445665,9.93019175431914,7.140278245680859,5.3654334441178575,61.11080234906167,42790.0,1.4642819788725088,0.4764370792335696,13.110090245551875,0.015583111926546
2011-11-14,9.4582,10.198,9.3458,9.945,85294,0,2.515204618080613,9.6655,9.02164,8.647245000000002,8.822056987117506,10.119081368872706,7.175408631127298,4.020157896482172,66.90525202545749,45946.95,9.11853452887928,5.146856695777215,27.06504657135191,0.024840939326789
2011-11-15,10.096,10.545,10.096,10.489,121970,0,5.470085470085473,9.8081,9.29817,8.763020000000001,8.980813464534886,10.429373475611872,7.096666524388131,3.8754644030968577,69.14625772487983,50880.35,4.447305863708398,3.892630744849452,35.802788818830365,0.0532571766735313
2011-11-16,10.414,10.921,10.273,10.282,91968,0,-1.973496043474121,9.9936,9.559630000000002,8.87922,9.10473599172204,10.631132055711394,7.1273079442886065,4.031567391782174,62.33733781835655,54442.35,6.307797138129073,-1.2675244862684816,34.100216501030346,-0.0199322953461539
2011-11-17,10.32,10.48,10.104,10.291,45438,0,0.0875316086364597,10.1416,9.76107,8.99447,9.21771351631994,10.801375458278724,7.187564541721274,3.725451785723833,67.89636310493131,55961.25,3.721298495645301,-0.2810077519379836,24.338496484063494,0.0008749332206418
2011-11-18,10.086,10.442,9.927,10.357,87242,0,0.6413370906617422,10.2728,9.90068,9.100365,9.326216990956135,10.968093087135074,7.232636912864926,3.085378929265446,80.81297644852528,59006.05,5.187871461670198,2.686892722585753,15.579908268142685,0.0063928927527871
2011-11-21,10.489,10.788,10.367,10.61,93142,0,2.4427923143767405,10.4058,10.03565,9.20579,9.448482039436504,11.166885768777076,7.244694231222924,3.038569023455475,83.90939636739583,61628.7,4.060962670010604,1.1535894746877553,14.57512175631457,0.0241343330191498
2011-11-22,10.32,10.516,10.058,10.058,73313,0,-5.2026390197926435,10.3196,10.06385,9.300955,9.50653136901398,11.231777190265229,7.370132809734771,3.2989792499932937,75.15573701490024,63952.5,4.55358918274011,-2.538759689922485,2.8846153846153744,-0.0534286148761186
2011-11-23,9.776,9.776,9.2331,9.4108,64997,0,-6.4346788625969324,10.14536,10.06948,9.35579,9.497414095774552,11.230070137349465,7.481509862650537,3.6777465088064023,61.84023718055788,65843.9,5.8799319838407405,-3.735679214402616,0.6018493773050526,-0.0665103718256461
2011-11-25,9.3826,9.655,9.1479,9.1575,26537,0,-2.69158838780974,9.91866,10.03013,9.36375,9.465041324748404,11.232982955547495,7.494517044452503,3.7033720847908977,52.2553113385032,64279.95,5.543348746706888,-2.399121778611466,-4.119987435870587,-0.0272847502532943
2011-11-28,9.4859,9.824,9.3826,9.655,51195,0,5.43270543270542,9.77826,10.02553,9.41767,9.483132627153315,11.253209522692984,7.582130477307015,4.106258299450108,54.33098514275681,65779.35,4.704452923496683,1.7826458216932335,-0.474177919802099,0.0529027002096452
2011-11-29,9.767,9.824,9.4108,9.4197,41679,0,-2.4370792335577263,9.5402,9.973,9.49732,9.477091424567288,11.17351000882471,7.82112999117529,4.071545123976609,45.83401538713374,65826.55,4.39070004675479,-3.5558513361318607,-5.282051282051281,-0.0246726749330946
2011-11-30,9.4483,9.645,9.2429,9.4948,86425,0,0.7972653056891321,9.42756,9.87358,9.585875,9.47877795556088,11.039950953818527,8.131799046181472,3.5491441918785376,51.78503269803303,68463.3,4.350366227049941,0.4921520273488351,-9.478501287062643,0.0079410393772767
2011-12-01,9.4582,9.833,9.3069,9.599,40777,0,1.0974428108017076,9.4652,9.80528,9.682455,9.490227674078891,10.82273863872171,8.542171361278289,3.581893371880287,50.62539086929331,67476.15,5.652795237941737,1.4886553466833063,-6.6426765220774175,0.0109146460567401
2011-12-02,9.683,9.86,9.683,9.85,38833,0,2.614855714136888,9.6037,9.76118,9.761125000000002,9.524491705118995,10.690645063767834,8.83160493623217,3.7242212620013144,51.891535063220424,67082.45,1.8279458845399117,1.7246721057523475,-4.285297833058022,0.0258125288025976
2011-12-05,10.048,10.629,9.889,10.348,65945,0,5.055837563451782,9.7423,9.76028,9.83048,9.602921066536236,10.71447758894623,8.94648241105377,4.100562243391873,54.806086915040794,65179.55,7.483061988067552,2.985668789808924,-0.0868977503137857,0.0493218091397852
2011-12-06,10.142,10.573,10.142,10.563,63482,0,2.077696173173549,9.970960000000002,9.75558,9.895615,9.694357155437547,10.7945646450388,8.996665354961204,4.0786304299621765,50.95765607205715,64952.5,4.2496549004141295,4.151055018733989,-0.4429783223374062,0.0205640645172423
2011-12-07,10.245,10.545,10.245,10.489,33946,0,-0.7005585534412551,10.1698,9.79868,9.931265,9.770037426348257,10.866077592025867,8.996452407974132,3.664158652289698,52.774352651048105,62165.35,2.9282576866764347,2.3816495851635096,4.285146152316566,-0.0070302398615582
2011-12-08,9.945,10.282,9.683,9.701,58323,0,-7.512632281437703,10.1902,9.8277,9.94859,9.763462433362708,10.850665414982242,9.046514585017755,3.898579248454828,43.45839985808054,62642.9,6.186099349375196,-2.453494218200098,3.0836910783355265,-0.0780981160003204
2011-12-09,9.72,10.114,9.72,10.058,48210,0,3.680032986290072,10.2318,9.91775,9.97394,9.791513630185309,10.85727167735009,9.090608322649912,3.862501550848476,46.88580594092405,63745.1,4.053497942386832,3.4773662551440245,9.83346983346982,0.0361393647706265
2011-12-12,9.701,10.104,9.701,10.096,32181,0,0.3778087094849836,10.1814,9.96185,9.99369,9.82051233207242,10.868953172212322,9.11842682778768,3.5364771469136445,44.395498953244946,62544.85,4.154210906092142,4.07174518090918,4.567581563956513,0.0037709680490842
2011-12-13,9.963,10.339,9.711,9.767,29376,0,-3.2587163232963623,10.0222,9.99658,9.98479,9.815415919494097,10.865739265281263,9.103840734718736,3.620963147773347,46.66483289781322,59748.95,6.466893213881167,-1.9672789320485773,3.6869539369618782,-0.0331299493335174
2011-12-14,9.655,9.814,9.4859,9.767,50516,0,0.0,9.8778,10.0238,9.94869,9.810804879542276,10.801361430270532,9.096018569729466,3.620581659962967,54.79356193142056,56176.25,3.458817824349816,1.1600207146556198,2.866832371403283,0.0
2011-12-15,9.992,10.255,9.843,10.198,36076,0,4.412818675130548,9.9772,10.0837,9.94449,9.847680605300155,10.791054303274445,9.097925696725556,3.842328588947282,63.36338650432817,53381.65,4.185715737072039,2.0616493194555594,6.240233357641434,0.043182266167624
2011-12-16,10.217,10.395,10.048,10.376,103648,0,1.745440282408306,10.0408,10.1363,9.94874,9.897996738128713,10.8034431824586,9.0940368175414,3.803187521507071,60.08786657712112,56292.15,3.453423566878976,1.5562298130566596,5.340101522842633,0.0173038243811786
2011-12-19,10.424,10.536,10.132,10.424,75091,0,0.4626060138781751,10.1064,10.1439,9.952090000000002,9.948092286878358,10.814025356960451,9.09015464303955,3.466032050809292,64.82886926734193,55684.6,3.98736675878405,0.0,0.7344414379590214,0.0046153928084011
2011-12-20,10.507,10.845,10.432,10.667,58479,0,2.3311588641596437,10.2864,10.1543,9.95494,10.01655968812804,10.826359646082494,9.083520353917503,3.482756653652705,66.49034944572618,53951.45,3.958972392638039,1.522794327591131,0.9845687778093248,0.0230440238208019
2011-12-21,10.639,10.835,10.348,10.752,109914,0,0.7968500984344429,10.4834,10.180600000000002,9.98964,10.086601622592037,10.930817250267264,9.048462749732735,3.4741220996217153,66.3083451202263,55781.5,4.70622342481639,1.0621298994266504,2.507388692916379,0.0079369201374481
2011-12-22,10.695,10.938,10.573,10.629,38061,0,-1.1439732142857206,10.5696,10.2734,10.05055,10.138258610916605,10.991674112850728,9.109425887149271,2.250247512559333,61.43234517170529,54434.7,3.452189539392795,-0.6171107994389969,9.566024121224604,-0.0115056692293491
2011-12-23,10.705,10.817,10.619,10.695,78638,0,0.6209427039232329,10.6334,10.3371,10.127425,10.191281600353117,11.010806841203465,9.244043158796538,2.033967155382627,55.83193277310923,57039.75,1.8645823523872345,-0.0934142923867331,6.333267051103597,0.0061902279829243
2011-12-27,10.593,10.93,10.432,10.921,53782,0,2.1131369798971456,10.7328,10.4196,10.190725,10.260778590795676,11.11218432514373,9.269265674856271,2.083068363412824,55.99464166108503,57169.1,4.773773006134963,3.096384404795614,8.171553090332795,0.0209111986812223
2011-12-28,10.93,10.93,10.291,10.348,38756,0,-5.246772273601308,10.669,10.4777,10.23714,10.26908539167228,11.085709501913986,9.388570498086017,2.555593391540655,47.97704447632712,57022.95,6.209309105043235,-5.324794144556258,5.948602436776906,-0.0538942768918085
2011-12-29,10.424,10.769,10.357,10.61,47029,0,2.5318902203324223,10.6406,10.562,10.2929,10.301553449608251,11.08044860167459,9.50535139832541,2.613298874945499,65.3599188915174,55053.15,3.977985903253846,1.7843438219493473,8.631104740452544,0.0250036883021089
2011-12-30,10.826,10.835,10.357,10.395,40383,0,-2.0263901979264864,10.593799999999998,10.5817,10.3327,10.310453121074133,11.04990982762488,9.615490172375122,2.428017039468685,55.981540646077384,55033.45,4.615236072221701,-3.981156475152419,1.9317513237889772,-0.0204720313159155
2012-01-03,10.723,11.444,10.676,11.285,124751,0,8.56180856180857,10.7118,10.6726,10.40445,10.403267109543265,11.201056876564015,9.607843123435984,3.585317510312995,66.20332515671845,59329.35,7.193705507680785,5.241070595915316,8.760601387818046,0.0821494889595228
2012-01-04,11.285,11.426,10.921,11.229,72165,0,-0.4962339388568937,10.7734,10.7531,10.4485,10.481908337205809,11.325355026125589,9.57164497387441,3.611047468113135,71.52532391048291,59640.35,4.624118670451431,-0.496233938856898,7.722563315425934,-0.0049746926790974
2012-01-05,11.249,11.474,11.136,11.229,52018,0,0.0,10.9496,10.8093,10.4818,10.553059924138587,11.425035997705784,9.538564002294216,3.576604119495224,71.52532391048291,59067.15,3.0352011494252964,-0.1777935816517143,5.2685853567076,0.0
2012-01-06,10.957,11.418,10.957,11.21,37236,0,-0.1692047377326422,11.0696,10.8551,10.51785,10.6156256456492,11.51577189864191,9.519928101358088,3.582871056715158,66.95710455764078,59231.65,4.20735602810987,2.309026193301087,4.2596726190476275,-0.0016934805063329
2012-01-09,11.219,11.342,11.08,11.285,51865,0,0.6690454950936564,11.2476,10.9207,10.59705,10.6793755841588,11.573197200935564,9.620902799064432,3.5374551397698264,65.77577230128429,58908.75,2.364620938628163,0.5882877261788103,6.171794148085441,0.0066681731854303
2012-01-10,11.398,12.11,11.295,11.819,94361,0,4.7319450598139134,11.3544,11.0331,10.6851,10.787911242810344,11.768334124472018,9.601865875527984,3.7645396070376265,70.71577071577074,61216.3,7.215582115980518,3.693630461484481,10.509583917718569,0.0462339957606045
2012-01-11,11.762,11.931,11.577,11.706,50873,0,-0.9560876554700172,11.4498,11.1116,10.7656,10.875348267304595,11.902467793081929,9.628732206918071,3.7947598012871406,66.04881062712388,62150.9,3.057786991448555,-0.4761095051862007,7.187986448127459,-0.0096068751610744
2012-01-12,11.746,11.951,11.52,11.651,60761,0,-0.4698445241756332,11.5342,11.2419,10.8598,10.949219860894637,11.95989408210084,9.75970591789916,3.2102460544315212,64.01621453071405,63720.15,3.7413194444444526,-0.8087859696918155,12.591805179744874,-0.004709517631225
2012-01-13,11.66,11.988,11.511,11.651,49020,0,0.0,11.6224,11.346,10.954,11.016056064618956,11.980265175539891,9.92773482446011,3.196647678233163,66.56939040207524,63645.35,4.143862392494139,-0.0771869639794197,9.8114985862394,0.0
2012-01-17,11.858,11.858,11.154,11.361,71995,0,-2.4890567333275992,11.6376,11.4426,11.01215,11.04890786798858,11.988640013962268,10.035659986037732,3.248003514882694,60.06650544135431,65441.3,6.311637080867856,-4.191263282172372,9.292929292929308,-0.0252055756500364
2012-01-18,11.379,11.706,11.314,11.651,41929,0,2.5525922013907243,11.604,11.4792,11.0759,11.106249975799193,12.043962829626713,10.10783717037329,1.9950487201297316,60.82443653618033,62355.35,3.464733957928226,2.3903682221636373,3.2432432432432323,0.0252055756500366
2012-01-19,11.697,12.017,11.67,11.875,56955,0,1.922581752639263,11.6378,11.5438,11.14845,11.179464263818318,12.12821999986282,10.16868000013718,2.0290986496569396,75.2563678465101,61448.55,2.9734361610968256,1.5217577156535935,5.752961082910324,0.0190433366829008
2012-01-20,11.895,12.008,11.613,11.706,72332,0,-1.4231578947368484,11.6488,11.5915,11.2004,11.229610524407049,12.182862084442974,10.217937915557028,2.12201660730146,68.70307167235495,62141.2,3.4013605442176833,-1.5889029003783108,4.247929468340916,-0.0143338190516758
2012-01-23,11.633,12.064,11.482,11.501,40973,0,-1.7512386810182856,11.618799999999998,11.6206,11.23785,11.255457141130186,12.205331652212603,10.270368347787397,2.2285230771832447,68.93835616438355,58694.15,5.0688033443651,-1.1347030000859597,2.5958965209634144,-0.0176675427585848
2012-01-24,11.332,11.53,11.201,11.249,59248,0,-2.1911138161898824,11.5964,11.617,11.26885,11.254842175308264,12.192948940931757,10.344751059068246,2.352924164024972,49.21121822962315,59753.5,2.9372377466297546,-0.7324391104835879,-0.319007532122284,-0.0221547522997553
2012-01-25,11.201,11.501,11.136,11.418,36582,0,1.5023557649568753,11.5498,11.5769,11.305,11.270381015755095,12.190331932993812,10.419668067006189,1.7826826086431398,53.94572025052192,57650.7,3.277658045977014,1.937327024372813,-3.392842034013044,0.0149118217313785
2012-01-26,11.52,11.66,11.295,11.454,40936,0,0.3152916447714204,11.465599999999998,11.5517,11.33165,11.287868538064131,12.200242394260988,10.463057605739012,1.7784245732425563,54.627725215960545,57008.4,3.231518370960604,-0.5729166666666575,-2.1527421834956373,0.0031479564295981
2012-01-27,11.426,11.482,11.323,11.361,38060,0,-0.8119434258774261,11.3966,11.5227,11.3823,11.294833439200882,12.117238049662502,10.6473619503375,1.787392258987669,53.013972055888225,56973.6,1.4042214960699364,-0.5688779975494442,-2.4890567333275992,-0.0081525763838981
2012-01-30,11.295,11.398,11.192,11.314,35011,0,-0.413695977466777,11.3592,11.489,11.4175,11.296658825943656,12.05807096241896,10.77692903758104,1.7860749200187631,50.5853855470327,56372.7,1.8406004288777655,0.1682160247897311,-2.8924555832117393,-0.0041455406668035
2012-01-31,11.426,11.426,11.249,11.249,32181,0,-0.5745094573095244,11.3592,11.4778,11.4602,11.292119890139498,11.89439452346862,11.026005476531378,1.6174739318456737,35.806772908366526,55962.6,1.5734731976175624,-1.5490985471731105,-0.9858287122612496,-0.005761661110275
2012-02-01,11.173,11.52,11.173,11.501,48030,0,2.2401991288114376,11.375800000000002,11.4628,11.471,11.312013233935737,11.89752327634348,11.04447672365652,1.5629199818416186,45.22589659990684,52126.55,3.105701244070523,2.935648438199225,-1.2874431379280793,0.0221547522997553
2012-02-02,11.52,11.951,11.434,11.931,47945,0,3.738805321276417,11.4712,11.4684,11.5061,11.370964354513283,11.963213552631748,11.048986447368252,1.8964140586830407,55.55114988104679,50915.55,4.521602238936516,3.5677083333333295,0.4715789473684229,0.0367060667832189
2012-02-03,10.367,10.386,8.4641,9.664,720529,0,-19.000921967982563,11.1318,11.2642,11.42785,11.208396320750117,12.366674858953516,10.489025141046485,6.348207469064736,29.25454165796616,84341.1,22.70648976264457,-6.78113243947141,-17.44404578848454,-0.2107324137012041
2012-02-06,9.664,9.664,9.1393,9.2429,258020,0,-4.357408940397345,10.71758,11.03839,11.329495,11.021206194964387,12.684383716307932,9.974606283692069,6.404038410678628,28.47503099530496,95380.3,5.7411399122471005,-4.357408940397342,-19.633944874358743,-0.044551951966505
2012-02-07,9.2701,9.3545,9.1108,9.1299,84058,0,-1.222560019041652,10.29376,10.82648,11.22174,10.841081795443973,12.896550397312776,9.546929602687223,6.407398939061704,23.423499399127124,96989.95,2.6748474338148185,-1.5123892946138673,-18.838118943906135,-0.0123009475815796
2012-02-08,9.1766,9.2137,8.6984,8.8671,118909,0,-2.8784543094666826,9.76698,10.57139,11.074145,10.653083529211212,13.0248871642732,9.123402835726798,6.300962822214376,18.54911227754657,98217.35,5.92407799135473,-3.372708846413703,-22.34104046242773,-0.0292069435385855
2012-02-09,8.9046,9.0171,8.7171,8.8578,100273,0,-0.1048820922285864,9.15234,10.31177,10.931735,10.48210414547681,13.092775610227452,8.770694389772547,6.282986326441736,19.189996105750495,100687.35,3.441511511855995,-0.5255710531635454,-22.6663174436878,-0.0010493713198286
2012-02-10,8.7078,8.8953,8.6422,8.7359,80009,0,-1.3761882182934615,8.966719999999999,10.04926,10.78598,10.315798988764731,13.12837720987746,8.44358279012254,6.270274178184678,19.541318763631537,101649.75,2.9286524264654816,0.3226991892326447,-23.10624064783029,-0.0138574547353737
2012-02-13,8.7359,8.8578,8.4359,8.4828,181584,0,-2.897240124085687,8.814699999999998,9.766139999999998,10.62757,10.141227656501425,13.145585978461828,8.109554021538173,6.2321488648075025,19.53658429144087,108277.95,5.00124468047273,-2.897240124085688,-25.02386423899594,-0.0294003880678147
2012-02-14,8.2579,8.5766,8.0236,8.5297,101461,0,0.552883481869193,8.69466,9.49421,10.486005,9.987748832072718,13.144823384545962,7.827186615454039,6.28371567841141,17.312872049070876,109751.25,6.892168104092914,3.291393695733791,-24.173704329273715,0.0055136069140609
2012-02-15,8.5391,8.6422,8.4077,8.4359,148060,0,-1.0996869760952932,8.608419999999999,9.1877,10.32525,9.83995370520865,13.074723479547757,7.575776520452246,6.087668806912095,16.284992962309246,115057.8,2.789109982516034,-1.2085582789755278,-26.650726023824017,-0.0110577823097855
2012-02-16,8.4077,8.5859,8.4077,8.4547,83486,0,0.2228570751194425,8.527800000000001,8.84007,10.154235,9.708024780903065,12.923252709376683,7.3852172906233156,5.756434921831544,16.98661880637026,116384.35,2.119485709528175,0.559011382423262,-29.13670270723324,0.0022260911706616
2012-02-17,8.5015,8.5297,8.4359,8.5203,67090,0,0.7758997953800861,8.48468,8.7257,9.99495,9.594908135102774,12.754613036257108,7.23528696374289,1.6962199304031182,18.39920367395878,116122.25,1.1119145556490695,0.221137446333007,-11.834644039735087,0.0077290517312193
2012-02-21,8.511,8.8015,8.4828,8.5297,64337,0,0.110324753823221,8.494060000000001,8.65438,9.846385,9.493459741283464,12.584502106622455,7.108267893377542,1.332913808357088,18.848947235777946,117290.45,3.757014193426717,0.2197156620843711,-7.716192969738945,0.0011026394079046
2012-02-22,8.7546,8.7546,8.4359,8.4359,78082,0,-1.0996869760952932,8.4753,8.58498,9.70573,9.392739765923134,12.429449115358263,6.982010884641735,1.329061488985393,13.567098537976946,118232.15,3.777901587263952,-3.6403719187627046,-7.60139760566928,-0.0110577823097855
2012-02-23,8.4734,8.5671,8.3797,8.4077,108231,0,-0.3342856126791416,8.469660000000001,8.53904,9.555215,9.298926454882835,12.212419136741357,6.898010863258644,1.1076775849577574,3.698057665518988,121814.6,2.2363569101519176,-0.7753676210257943,-5.180949803205115,-0.0033484559534261
2012-02-24,8.4266,8.4828,8.3892,8.4359,62526,0,0.3354068294539436,8.465900000000001,8.49685,9.40431,9.216733459179707,11.947847564640323,6.860772435359675,1.1346542568425195,10.786129382463798,122894.1,1.115720211700741,0.1103647971898469,-4.76303371040212,0.003348455953426
2012-02-27,8.3892,8.5391,8.211,8.4359,66262,0,0.0,8.44902,8.46685,9.258055,9.14236836782926,11.660329910842377,6.855780089157625,1.0968385893832706,14.753668763102766,124304.2,3.995859213250507,0.5566680970771888,-3.4341052438787156,0.0
2012-02-28,8.4077,8.5297,8.2954,8.4547,68449,0,0.2228570751194425,8.43402,8.46404,9.11509,9.076876142321712,11.335643849262222,6.894536150737778,0.6370283764664543,17.865981343994008,125976.1,2.8244569279359557,0.559011382423262,-0.331258546706259,0.0022260911706616
2012-02-29,8.5203,8.5297,8.3328,8.3797,103847,0,-0.8870805587424924,8.42278,8.44904,8.971625,9.010478414481549,10.971475761668716,6.971774238331282,0.6528452901409607,21.75475197032921,129559.4,2.362951228878641,-1.6501766369728874,-1.7585612624125169,-0.0089103854272083
2012-03-01,8.4828,8.5578,8.3421,8.4454,62590,0,0.7840376147117301,8.43032,8.44999,8.818845,8.956661422626164,10.435176445263302,7.202513554736698,0.627783310219576,27.567449956483955,130287.4,2.585679864782249,-0.4408921582496331,0.1126139475337462,0.0078098001124763
2012-03-02,8.511,8.511,8.1172,8.1266,64027,0,-3.774836005399385,8.368459999999999,8.417179999999998,8.628625,8.877607953804624,9.351124506100437,7.906125493899563,1.343824452041822,22.70405877609537,131091.5,4.851426600305509,-4.516508048407936,-3.880681750978754,-0.0384792825370566
2012-03-05,8.0142,8.1923,7.9672,8.0329,44132,0,-1.1530037161912698,8.28786,8.368440000000001,8.547070000000001,8.797159577251803,9.132756969023385,7.961383030976621,1.2959832635973276,26.48688199017461,97271.65,2.8253338688623284,0.233335828903684,-5.720455852493467,-0.0115970234410513
2012-03-06,8.0798,8.0798,7.6392,7.6486,60939,0,-4.784075489549222,8.12664,8.280330000000001,8.467355000000001,8.687772950846869,9.087264696224596,7.847445303775407,1.8233667032980616,15.957035777760623,87417.6,5.767619646036244,-5.336765761528756,-10.329788855411092,-0.0490229839101114
2012-03-07,7.7517,8.0048,7.686,7.8923,54710,0,3.1862040111915846,8.029160000000001,8.22597,8.405475,8.612013622194786,8.993156947189306,7.817793052810692,2.2654776328208346,31.177285318559527,85950.2,4.1478011969815185,1.813795683527485,-6.443888618878846,0.0313649760610306
2012-03-08,7.9204,8.0892,7.883,7.9486,48302,0,0.7133535217870524,7.9298,8.180060000000001,8.35955,8.54883137246195,8.938835013024999,7.780264986975002,2.3050873810847237,32.91933850826861,82419.85,2.615755423062285,0.3560426241098935,-5.460470758947156,0.0071082119139852
2012-03-09,7.9766,8.1453,7.9486,7.9766,35880,0,0.3522632916488577,7.899800000000001,8.13413,8.31549,8.494333146513192,8.868669292910397,7.762310707089604,2.305801240730821,31.172518872498088,79200.2,2.4746496238331375,0.0,-5.444588010763518,0.0035164429774857
2012-03-12,7.9486,8.2016,7.9111,8.0798,27715,0,1.293784319133473,7.909180000000001,8.098519999999999,8.282684999999999,8.454853799226221,8.80800528636132,7.757364713638678,2.374372396717436,35.37100864928142,76585.5,3.6720557191793666,1.6506051380117337,-4.221244917554734,0.01285486424415
2012-03-13,8.2298,8.361,8.1735,8.3516,38685,0,3.36394465209533,8.04978,8.08821,8.276124999999999,8.445020104061818,8.794149437037484,7.758100562962514,2.6574986852218556,47.54327679664275,69440.55,2.2939988988805284,1.47998736299789,-1.2194400747513323,0.0330860175216743
2012-03-14,8.3797,8.3797,7.7704,7.883,59758,0,-5.6109009052157655,8.047920000000001,8.03854,8.24379,8.391494379865454,8.775717022695094,7.711862977304907,3.182751172868468,37.83219702240155,67355.4,7.841295171419738,-5.927419836032312,-5.9274198360323105,-0.0577445951953122
2012-03-15,7.9298,7.9298,7.686,7.8548,30337,0,-0.3577318279842645,8.029160000000001,7.979480000000001,8.214735000000001,8.340380629402079,8.765622954124597,7.663847045875406,3.1493664675888926,36.52427994990955,61469.25,3.172001040853503,-0.9457993896441296,-6.993156037606263,-0.003583732183833
2012-03-16,7.8735,7.883,7.7048,7.7142,81805,0,-1.7899882874166106,7.976679999999999,7.93824,8.17771,8.280744378982833,8.75936885787715,7.59605114212285,2.9910082195423233,34.28832672965558,61385.2,2.312843941439108,-2.023242522385216,-5.074692983535545,-0.0180620235578169
2012-03-19,7.7611,7.9672,7.686,7.883,46778,0,2.188172461175486,7.93732,7.92325,8.145845,8.242863961936848,8.718232776083754,7.573457223916244,3.0922085097465333,38.3169166632607,60369.6,3.6586000520426767,1.5706536444576171,-1.866075763422914,0.0216457557416499
2012-03-20,7.8455,7.8923,7.733,7.8079,22793,0,-0.9526829887098852,7.82858,7.939179999999999,8.109755000000002,8.201438822704768,8.671152558635312,7.548357441364692,2.660728881986527,38.31535066208926,58292.4,2.060002586318376,-0.4792556242432005,2.082734095128514,-0.0095725004260441
2012-03-21,7.7704,7.9204,7.7048,7.7893,46772,0,-0.2382202640915043,7.80984,7.928880000000001,8.077425000000002,8.162187506256695,8.634193979304138,7.520656020695865,2.451346797583257,36.329541192649074,56726.9,2.798255632852251,0.2432307217131611,-1.3050694981184163,-0.0023850445999382
2012-03-22,7.7986,7.8267,7.6486,7.7986,28149,0,0.1193945540677754,7.7986,7.913880000000001,8.04697,8.127560124708438,8.594225780089792,7.499714219910208,2.4364980923774717,42.15386087455747,52722.8,2.3285307115027547,0.0,-1.88712477669023,0.0011932333545186
2012-03-23,7.8079,7.8173,7.4987,7.5361,79903,0,-3.365988767214634,7.762980000000001,7.86983,8.00198,8.071230589021921,8.56239560367435,7.44156439632565,2.625480829268924,39.00398406374504,53591.65,4.248736447650925,-3.4810896655951,-5.522403028859413,-0.0342394235812205
2012-03-26,7.6017,7.7517,7.4987,7.7048,53090,0,2.2385584055413243,7.727340000000001,7.832330000000001,7.965424999999999,8.0363324376865,8.501515302192496,7.429334697807501,2.7141051648494603,51.3751590486444,52933.05,3.37391814581193,1.3562755699382971,-4.641203990197784,0.0221387044394305
2012-03-27,7.7237,7.883,7.583,7.7704,38871,0,0.8514172983075552,7.71984,7.774210000000001,7.93121,8.011005538859214,8.421182557340662,7.441237442659338,2.423520186365735,46.73242909987672,51454.15,3.956217855729919,0.6046324947887722,-6.959145552947932,0.0084781318414663
2012-03-28,7.8173,7.8548,7.508,7.6581,62957,0,-1.4452280448883026,7.693600000000001,7.751720000000001,7.89513,7.977395487539288,8.351144247699393,7.439115752300607,1.747882629626551,42.44001457346588,49409.65,4.619072988811935,-2.036508769012322,-2.852974755803628,-0.0145577318963898
2012-03-29,7.6299,7.8079,7.4987,7.7611,29703,0,1.3449811310899618,7.686100000000001,7.742349999999999,7.860915,7.956795917297452,8.239141154985838,7.482688845014164,1.820384475066679,44.602514652106386,47765.3,4.123381386106921,1.7195507149503897,-1.1929011559810632,0.0133601655169057
2012-03-30,7.7986,7.8173,7.6441,7.7048,35243,0,-0.7254126348069212,7.71984,7.74141,7.839825,7.932796306126266,8.202388672084464,7.477261327915537,1.7402586795096089,40.381655894121245,46326.1,2.2657997671406767,-1.2027799861513704,-0.1218532057763677,-0.0072805654619822
2012-04-02,7.733,7.9204,7.7048,7.8173,49392,0,1.4601287509085292,7.74234,7.73484,7.829044999999999,7.921796657923765,8.180074832139965,7.4780151678600335,1.6515836767584864,35.0762527233116,46589.1,2.798255632852251,1.0901331953963624,-0.8334390460484564,0.0144957151315962
2012-04-03,7.7893,7.8079,7.686,7.7517,46153,0,-0.8391644173819657,7.7386,7.729220000000001,7.8342,7.9055969762167395,8.177004102412967,7.491395897587033,1.645230484002127,45.26710402999062,45849.8,1.5860005204267515,-0.4827134659083653,-0.7197838087065755,-0.0084270522469034
2012-04-04,7.6581,7.686,7.5267,7.5548,34450,0,-2.540087980701,7.71794,7.705770000000001,7.817324999999999,7.872187740386574,8.18069751800554,7.45395248199446,1.8242343623740644,40.35865792518321,44836.8,2.1164653832356812,-1.3488985518601213,-3.0105400998805987,-0.0257290513096562
2012-04-05,7.5454,7.5925,7.1331,7.1331,74444,0,-5.581881717583526,7.59234,7.63922,7.77655,7.801798431778328,8.24556167082281,7.307538329177191,2.4615901337153296,34.18259023354567,46143.9,6.44039758309852,-5.464256368118326,-8.533582950786045,-0.0574372002952245
2012-04-09,7.1142,7.1238,6.8988,6.9831,64389,0,-2.102872523867594,7.448,7.583919999999999,7.7268750000000015,7.723827152561345,8.304539542519095,7.149210457480909,2.348538943957886,25.2516363236346,47569.35,3.261436771612462,-1.8427932866661043,-7.338013030612645,-0.0212529782903433
2012-04-10,7.0111,7.1612,6.8799,7.0768,65383,0,1.3418109435637593,7.299899999999999,7.521120000000001,7.676725,7.662205518984074,8.297895124590513,7.055554875409488,2.2368943535994337,30.097457396417525,49452.75,4.088722219799704,0.9370854787408612,-8.150763160627129,0.0133288838779394
2012-04-11,7.208,7.5736,7.1142,7.5361,41169,0,6.490221569070753,7.256780000000001,7.49769,7.635950000000001,7.650195469557019,8.171794763458504,7.1001052365414985,3.206595762817726,44.4410292438746,49576.95,6.45750752017092,4.55188679245283,-3.0152887882219703,0.0628829786931614
2012-04-12,7.508,7.7048,7.4424,7.6204,64371,0,1.1186157296214194,7.2699,7.49392,7.62282,7.647357805789684,8.145893067653885,7.099746932346115,3.203774066106997,46.21237884713483,49807.6,3.5257443835321873,1.497069792221631,-0.4922892101173914,0.0111240549340558
2012-04-13,7.5454,7.6204,7.3111,7.4237,30505,0,-2.5812293317935997,7.32802,7.460180000000001,7.601265,7.626057062381143,8.119595824148767,7.082934175851232,3.260254591429654,47.54220239657133,49816.0,4.230553541874689,-1.6129032258064475,-4.347321900246093,-0.026151276574487
2012-04-16,7.4987,7.5174,7.2643,7.4893,36207,0,0.8836563977531409,7.429260000000001,7.438630000000001,7.590020000000001,7.613032580249606,8.107792628822226,7.072247371177776,3.2818253083190387,45.06526219372568,47536.1,3.4841622730338764,-0.1253550615440049,-2.7969577406292134,0.0087977500330814
2012-04-17,7.5361,7.611,7.4705,7.508,26430,0,0.2496895571014734,7.5155,7.4077,7.57127,7.6030294773686915,8.071223492994577,7.071316507005424,3.2343322868246847,43.8594027894786,46518.7,1.8807308747741032,-0.3728719098738105,-3.956609059393912,0.0024937835065253
2012-04-18,7.4705,7.5174,7.3581,7.3767,31965,0,-1.7488012786361251,7.48362,7.3702,7.549709999999999,7.581474289047864,8.043853843962362,7.055566156037638,3.2620992863706686,43.472814993505274,46977.3,2.1649610633179757,-1.2556053811659296,-4.837648515809434,-0.0176427345867991
2012-04-19,7.3767,7.4143,7.2269,7.3487,52161,0,-0.3795735220355922,7.42928,7.349589999999999,7.527679999999999,7.559305309138543,8.01610203321093,7.039257966789069,3.17855229468724,40.08939728924349,47246.75,2.5930897065131693,-0.3795735220355929,-2.7280669243394895,-0.0038029573044926
2012-04-20,7.433,7.611,7.2831,7.3955,32313,0,0.63684733354199,7.423640000000001,7.375829999999999,7.507524999999999,7.543704803506301,7.9819422752463955,7.033107724753603,2.564353284110728,42.53295350296945,47454.95,4.502203731927334,-0.5045069285618141,3.6786250017524,0.006348280296317
2012-04-23,7.2455,7.508,7.1894,7.3111,36719,0,-1.141234534514235,7.388,7.40863,7.496275,7.52155196507713,7.978446801113521,7.014103198886478,2.476990829224471,37.6113558492413,45295.75,4.431524188388461,0.9053895521358069,4.6970543168506795,-0.0114779658922292
2012-04-24,7.3393,7.4987,7.2643,7.4705,28320,0,2.180246474538716,7.3805,7.448,7.48456,7.5166898731650225,7.956680115848771,7.012439884151229,2.52290476529424,43.42006739049047,44057.25,3.2267389837974747,1.7876364230921296,5.563248926068276,0.021568190071944
2012-04-25,7.5925,7.6766,7.4237,7.508,25860,0,0.5019744327688924,7.40676,7.445189999999999,7.471439999999999,7.515862266196925,7.9243057075251055,7.018574292474893,1.4401094096391236,48.81662789521594,43406.7,3.4066570578013584,-1.112940401712219,-0.3728719098738065,0.0050071874152599
2012-04-26,7.4705,7.6674,7.4705,7.5925,18288,0,1.125466169419287,7.45552,7.442400000000001,7.46816,7.523161097987694,7.916258510785301,7.020061489214699,1.44071693662359,64.00438970857213,41173.25,2.6357004216585156,1.6330901546081238,-0.366122513253897,0.0111917992135044
2012-04-27,7.6392,7.7893,7.5643,7.7893,26258,0,2.592031610141587,7.53428,7.478959999999999,7.46957,7.548507660084105,7.921708917171079,7.017431082828921,1.3475502322093276,73.89448725548309,41001.0,2.9744986317306243,1.9648654309351783,4.9247679728437355,0.0255900791140221
2012-04-30,7.7986,7.7986,7.4705,7.5174,18313,0,-3.490685940970295,7.575540000000001,7.48177,7.4602,7.54554502579038,7.899395249710199,7.021004750289801,1.8294108807883336,61.81106583744371,40154.5,4.39194163710595,-3.605775395583824,0.3752019547888396,-0.0355306635543638
2012-05-01,7.508,7.6766,7.3205,7.3205,30678,0,-2.619256657887037,7.54554,7.46302,7.43536,7.524112166191296,7.84469691900773,7.02602308099227,2.0110131008577294,43.274270027451955,39218.8,4.864421829110029,-2.4973361747469367,-2.4973361747469336,-0.0265417018460251
2012-05-02,7.2925,7.508,7.2925,7.3018,35444,0,-0.2554470323065327,7.504300000000001,7.45553,7.412865000000001,7.502939578934982,7.797720725666816,7.028009274333186,1.9402543190316115,39.63700234192038,38683.35,2.9550908467603643,0.1275282824819971,-1.015359171445218,-0.002557738549292
2012-05-03,7.3581,7.4049,7.3111,7.3299,25133,0,0.384836615629025,7.451779999999999,7.45365,7.401619999999999,7.486459619036412,7.782132068277533,7.021107931722466,1.9424144680406497,46.57314043548152,38217.5,1.282980673222906,-0.3832511110205081,-0.2558275613373739,0.0038409801385895
2012-05-04,7.7798,8.5953,7.7611,8.0516,122058,0,9.845973342064696,7.504240000000001,7.51926,7.447545,7.540282512461516,7.905443795873872,6.989646204126128,3.6843595130742,63.88600780362523,40598.2,10.748476375771476,3.493663076171633,8.87161111486716,0.0939089562040424
2012-05-07,8.3516,8.4828,8.0329,8.0516,45048,0,0.0,7.611080000000001,7.59331,7.50097,7.58897941603661,7.979570455714482,7.022369544285517,3.6309684096822825,63.549351944167505,39631.15,5.6007170511272335,-3.5921260596771756,10.128434845645671,0.0
2012-05-08,8.0422,8.4172,8.0329,8.3797,35520,0,4.074966466292396,7.822920000000001,7.68423,7.566114999999999,7.664286138318837,8.145660409055647,6.9865695909443515,3.7454913953621447,72.7664790266933,38138.0,4.784075489549224,4.196612867125916,12.170537447292684,0.0399412848857605
2012-05-09,8.2579,8.5578,8.2579,8.3985,38102,0,0.2243517071016887,8.04226,7.77328,7.609235,7.734211268002757,8.297508719341677,6.9209612806583225,3.752394357004008,73.92870167760759,37984.65,3.631673912253732,1.70261204422433,11.860681939264794,0.0022410041444202
2012-05-10,8.4734,8.5578,8.4172,8.5015,23029,0,1.2264094778829504,8.27658,7.86418,7.65329,7.807286385335828,8.448984823541105,6.857595176458895,3.752342548323966,74.57996266334784,35917.55,1.6703892030604115,0.3316260296929241,11.972341126111296,0.0121895000404827
2012-05-11,8.4734,8.6141,8.4454,8.4547,21158,0,-0.5504910898076698,8.3572,7.930720000000001,7.70484,7.868944824827653,8.568585462993404,6.841094537006596,3.754242368518516,75.8475725522105,35450.2,1.9975371207995023,-0.2206906318596909,8.542487771686801,-0.0055201187576947
2012-05-14,8.3703,8.4359,8.3236,8.3236,18993,0,-1.550616816681849,8.4116,8.01134,7.746554999999999,7.91224531770121,8.646305923369821,6.8468040766301765,3.5474852143429367,69.53157195842303,34589.5,1.3491758373780502,-0.5579250445025807,10.724452603293688,-0.0156276462012211
2012-05-15,8.3703,8.4828,8.2579,8.4266,31294,0,1.2374453361526203,8.42098,8.12195,7.792485000000001,7.961231477920142,8.733786686132229,6.851183313867773,3.3020129063795847,70.41877834089092,34832.7,2.723452693784133,0.6726162742076178,15.109623659586102,0.0122985156303591
2012-05-16,8.4454,8.5766,8.2859,8.2954,23040,0,-1.5569743431514516,8.400360000000001,8.221309999999999,7.838420000000001,7.993057051451557,8.783944410550546,6.892895589449457,3.4014592318274643,65.30638909455166,34386.45,3.5083696399908195,-1.7761148080611764,13.607603604590658,-0.0156922248866997
2012-05-17,8.3421,8.3892,8.0704,8.211,18251,0,-1.0174313474938024,8.342260000000001,8.30942,7.881535000000001,8.013813522741884,8.81154802373428,6.951521976265722,3.4730687230473096,59.65563035215462,32690.95,3.95023790642349,-1.5715467328370554,12.020627839397546,-0.0102264255734953
2012-05-18,8.211,8.3421,8.136,8.211,37257,0,0.0,8.293520000000001,8.32536,7.92231,8.032593187242657,8.833925710587012,7.010694289412989,1.6806742360180016,68.13997280050215,32938.15,2.533185840707978,0.0,1.9797307367479755,0.0
2012-05-21,8.2579,8.4077,8.2203,8.3703,28405,0,1.940080379978082,8.30286,8.357230000000001,7.97527,8.064755740838594,8.860050955586189,7.090489044413811,1.7638174595837717,78.00661615622667,32522.45,2.2797221512596892,1.3611208660797651,3.9582194843260865,0.0192150074263194
2012-05-22,8.4641,8.4641,8.2485,8.2954,17635,0,-0.8948305317611038,8.276620000000001,8.3488,8.016515000000002,8.086721860758727,8.878842917295366,7.154187082704639,1.2350600452978309,75.73559883961877,31988.2,2.6138085712553827,-1.993123899764882,-1.0060026015251022,-0.0089885818528241
2012-05-23,8.2579,8.3985,8.2016,8.2954,32337,0,0.0,8.276620000000001,8.338490000000002,8.055885,8.106595969257896,8.891957802860972,7.219812197139028,1.2306602723129438,75.37717499868583,32312.05,2.400751072961388,0.4541106092348106,-1.2276001666964298,0.0
2012-05-24,8.3516,8.4922,8.3236,8.3797,15143,0,1.0162258601152274,8.31036,8.326310000000001,8.095245,8.13260587694762,8.91339188290037,7.277098117099631,1.2067360670054623,62.96940469602339,32154.8,2.0255658609255565,0.3364624742564327,-1.4326883491148634,0.0101109700303533
2012-05-25,8.4077,8.5485,8.3797,8.4359,12030,0,0.6706684010167496,8.35534,8.32443,8.127575,8.161491031524037,8.945919855565899,7.309230144434102,1.2220087217729,64.54469760048445,31443.4,2.0143919233385557,0.3354068294539529,-0.2223615267247902,0.0066842942565466
2012-05-29,8.4641,8.5015,8.2954,8.4077,16595,0,-0.3342856126791416,8.36282,8.332840000000001,8.17209,8.184939504712224,8.946352870905452,7.3978271290945505,1.1073967300903105,51.37093615354488,31357.5,2.4845094871856603,-0.6663437341241243,1.0103801239847998,-0.0033484559534261
2012-05-30,8.3421,8.4077,8.211,8.3141,13168,0,-1.1132652211663152,8.36656,8.32159,8.221770000000001,8.19724050426344,8.885593610369355,7.557946389630647,1.0899146262797688,46.14963503649632,30482.0,2.395566922421141,-0.3356468994617718,-1.335058030522407,-0.0111950839707708
2012-05-31,8.3047,8.5297,8.2672,8.4172,49339,0,1.2400620632419646,8.39092,8.333770000000001,8.27754,8.218189027666922,8.784914191405967,7.770165808594033,1.0405126428465754,46.15454794270592,31176.75,3.1751983742984233,1.3546545931821612,1.4682836270704105,0.0123243627194812
2012-06-01,8.3421,8.6515,8.3421,8.5766,68957,0,1.893741386684411,8.430299999999999,8.37033,8.339875000000001,8.252323405984358,8.606032048018879,8.073717951981124,1.083719848266555,55.04260776040368,33367.95,3.7088982390525183,2.811042782992278,4.452563634149298,0.0187603331854074
2012-06-04,8.6609,8.6797,8.4454,8.5297,37107,0,-0.5468367418324127,8.44906,8.402199999999999,8.36378,8.278740224462037,8.605697799000573,8.121862200999427,1.1216255118566625,59.164072921298335,29120.4,2.774291330191597,-1.5148541144684704,3.881378638411892,-0.005483373670906
2012-06-05,8.5203,8.6609,8.4359,8.6515,20923,0,1.4279517450789705,8.497819999999999,8.430319999999998,8.393775000000002,8.314241155465654,8.621034414719274,8.16651558528073,1.0523966392702184,59.835563719058875,27914.15,2.667172441588919,1.5398518831496515,3.359497270109802,0.0141785254177335
2012-06-06,8.7171,8.989,8.3985,8.9421,21944,0,3.358955094492289,8.62342,8.49499,8.421895000000001,8.374037235897497,8.755919899638556,8.087870100361446,1.3242262500234918,74.8215245259845,27235.35,7.031017443591122,2.581133633892001,7.795886877064384,0.0330377446151881
2012-06-07,8.9983,9.1203,8.8109,8.8765,29886,0,-0.733608436497013,8.71528,8.553099999999999,8.445795,8.421890832478688,8.836385427429553,8.055204572570448,1.3897867020954655,75.91712750214197,26824.55,3.511559545562884,-1.3535890112576858,7.005087156737466,-0.0073631257650387
2012-06-08,8.8953,9.0735,8.8953,8.9515,24236,0,0.8449276178673859,8.79026,8.61028,8.468295000000001,8.472329800814052,8.91953275726168,8.017057242738323,1.386342511702366,77.24630215615574,26884.9,2.0033051161849356,0.6317943183478769,6.823633304294896,0.0084137808444752
2012-06-11,9.0077,9.0265,8.3421,8.4266,47059,0,-5.8638217058593405,8.769639999999999,8.609350000000001,8.466890000000001,8.467974581688903,8.918480839028362,8.01529916097164,2.4884006530067855,51.63235720498697,28179.95,8.204169213986887,-6.451147351710196,-0.1102431275856741,-0.0604277468223438
2012-06-12,8.4454,8.5671,8.4359,8.5671,32910,0,1.6673391403412952,8.75276,8.62529,8.479065,8.47741509771853,8.927508686659614,8.030621313340387,2.536999069397914,57.58896151053013,28875.8,1.5552578859398494,1.4410211476069883,1.895881156558876,0.0165359164244951
2012-06-13,8.511,8.7171,8.4641,8.6515,51983,0,0.9851641745748374,8.69464,8.65903,8.49031,8.493994612221528,8.944457093722336,8.036162906277662,2.501224664156871,59.498532942117905,29910.25,2.989095119386587,1.65080484079428,4.058166247699702,0.0098034307032242
2012-06-14,8.6984,8.8015,8.5578,8.7641,34944,0,1.3015084089464055,8.67216,8.693719999999999,8.513745,8.519718934867097,8.973876008689372,8.053613991310629,2.5035173755203552,60.10090393104899,30505.45,2.8476945009231396,0.7553113216223633,4.121323005274902,0.0129311156684814
2012-06-15,8.6891,8.7733,8.5671,8.7546,48237,0,-0.1083967549434516,8.63278,8.711519999999998,8.540925,8.542088560117849,8.989842795193853,8.092007204806146,2.4533200436292963,58.58520553849472,32004.75,2.406882142148461,0.7538180018644062,2.075414499918393,-0.0010845554671528
2012-06-18,8.6422,8.7453,8.5766,8.7078,32771,0,-0.5345761085600587,8.689020000000001,8.729330000000001,8.565765,8.557870602011388,8.99223407347566,8.139295926524342,2.4528898609705783,58.00394729823443,31780.45,1.966979922113672,0.75906597857027,2.087998405571123,-0.0053601007936594
2012-06-19,8.6984,9.3263,8.6703,9.2429,87544,0,6.1450653437148395,8.82418,8.78847,8.609395,8.623111497057922,9.12159234878743,8.097197651212568,3.081034088183482,70.05008203091278,34737.4,7.566058844561326,6.259771912075797,6.835808819279898,0.0596365135037189
2012-06-20,9.2894,9.2982,8.839,8.9234,40887,0,-3.456707310476148,8.87856,8.7866,8.640795,8.651710402100024,9.148924939763267,8.132665060236732,3.1812481951477554,59.99368238174214,35900.0,5.195157823283167,-3.939974594699331,-0.2091231366233792,-0.0351786493400282
2012-06-21,8.9515,9.064,8.6327,8.6891,40632,0,-2.6256807943160765,8.863560000000001,8.76786,8.66048,8.655271316185736,9.14208189980351,8.17887810019649,3.2859044692479764,52.15723873441997,36314.75,4.996119406442946,-2.931352287326141,-2.1111924745113475,-0.0266076732908474
2012-06-22,8.7171,9.1766,8.7078,9.1479,110351,0,5.280178614586095,8.94222,8.7875,8.69889,8.702188333691856,9.207955426050145,8.189824573949856,3.709344168959787,60.23713320527258,41075.15,5.383679000436389,4.942010531025222,2.194045690666369,0.0514549781545937
2012-06-25,8.9796,9.1108,8.7546,9.0546,24330,0,-1.0199062079821464,9.01158,8.8503,8.729825,8.735751349530727,9.24673434102773,8.21291565897227,3.0811178317353796,56.73877428198872,41690.15,4.0687181595960915,0.8352265134304543,7.452590605938347,-0.0102514288792491
2012-06-26,9.0831,9.2701,8.9983,9.2137,38463,0,1.757117929008456,9.00574,8.91496,8.770125,8.781270268623038,9.30659812533821,8.23365187466179,3.084173712027034,54.749248094005736,42783.55,3.0205705522154065,1.4378351003511949,7.547478143128949,0.0174185909641209
2012-06-27,9.2234,9.3729,9.1861,9.3545,26242,0,1.528159154302844,9.09196,8.98526,8.822145,8.835863576373225,9.373980206045433,8.270309793954569,3.0931032887832264,58.144210454576445,43437.25,2.0335071466672456,1.4213847388164884,8.125758538981675,0.0151660041087926
2012-06-28,9.2429,9.542,9.2429,9.4671,30052,0,1.203698754610083,9.247560000000002,9.05556,8.87464,8.895981331004347,9.462831151886462,8.286448848113537,3.0915892228985764,58.67370970997917,42472.9,3.2359973601358796,2.425645630700318,8.021359865816247,0.0119651191559745
2012-06-29,9.505,10.019,9.3729,9.954,67246,0,5.143074436733541,9.408779999999998,9.1755,8.94351,8.996745013765837,9.686856710633847,8.200163289366152,3.3520007503963556,76.02753731851956,42387.35,6.893277427477094,4.723829563387689,13.700226166815169,0.0501518503370517
2012-07-02,10.019,10.311,9.674,10.301,74172,0,3.4860357645167817,9.65806,9.33482,9.032075,9.120959774359568,9.965585158656792,8.098564841343208,3.3430136099106114,77.6037189161652,44240.6,6.584659913169324,2.814652160894301,18.296240152506947,0.0342664974651939
2012-07-03,10.265,10.732,10.265,10.639,39063,0,3.281234831569746,9.94312,9.47443,9.13145,9.26553503394437,10.290325007110305,7.972574992889694,3.0323407793142665,79.27702324485168,45147.6,4.549439844130529,3.643448611787615,15.10456674853129,0.0322855166326725
2012-07-05,10.639,10.714,10.424,10.639,44689,0,0.0,10.20002,9.64599,9.216295,9.396341221187765,10.551808990507684,7.880781009492317,2.571948701459353,78.56598714081119,46284.85,2.782041442824261,0.0,19.225855615572527,0.0
2012-07-06,10.516,10.601,10.442,10.442,30782,0,-1.851677789265904,10.395,9.82128,9.29457,9.495927771550834,10.726274268345826,7.862865731654174,2.4316712029189693,74.31972789115649,46329.65,1.5226968013790527,-0.7036896158235055,20.173550770505575,-0.0186903595458683
2012-07-09,10.348,10.424,10.039,10.086,34896,0,-3.4093085615782392,10.4214,9.91509,9.351295,9.552125126641233,10.81530184421023,7.88728815578977,2.6266969450117,68.23787846707602,46862.65,3.835043331009062,-2.5318902203324356,10.25481257993639,-0.034687811333827
2012-07-10,10.152,10.179,9.843,10.011,31440,0,-0.7436049970255931,10.3634,10.01073,9.430515,9.595827495532545,10.85476991993078,8.00626008006922,2.6043081881949983,61.57369737516197,46081.7,3.413593416641271,-1.388888888888889,10.562586972367626,-0.007463835217187
2012-07-11,10.067,10.198,9.992,10.188,24550,0,1.7680551393467248,10.2732,10.10816,9.51156,9.652224876910395,10.913236972171354,8.109883027828644,2.6046453369215765,69.90994395113042,45663.7,2.0616493194555594,1.2019469553988322,10.574470625264576,0.0175260686798639
2012-07-12,10.058,10.067,9.776,9.963,22358,0,-2.2084805653710404,10.138,10.16901,9.577135000000002,9.681822507680836,10.93130286221366,8.222967137786345,2.788466521477424,70.11526922469602,44182.45,2.9766775777414116,-0.944521773712474,6.504890694318233,-0.0223323260544915
2012-07-13,10.039,10.198,9.963,10.096,29609,0,1.3349392753186915,10.0688,10.2319,9.64373,9.721267983139803,10.960017238049623,8.327442761950376,2.7915808011976804,66.68778822121308,43915.7,2.358727290976626,0.5677856360195277,6.6430057779045315,0.0132610747361382
2012-07-16,10.086,10.282,9.992,10.217,29232,0,1.1984944532488218,10.095,10.2582,9.71685,9.768480556174108,10.986832435850236,8.446867564149763,2.331674489722382,70.26216706177658,42965.45,2.9023218574859797,1.2988300614713486,2.642153907976686,0.0119136938104293
2012-07-17,10.32,10.451,10.142,10.245,24251,0,0.2740530488401616,10.1418,10.2526,9.79371,9.813863360348002,10.990519303545188,8.596900696454814,2.045477764636198,68.83790596573263,42539.45,3.0467363439163977,-0.7267441860465219,-0.5436365401417453,0.0027367820815764
2012-07-18,10.265,10.265,10.114,10.161,10791,0,-0.8199121522693975,10.136399999999998,10.2048,9.839615,9.84692399269581,11.017752631625576,8.661477368374426,1.68613242730306,65.04383510539077,38701.8,1.492980027684396,-1.0131514856307935,-4.49290346837109,-0.0082329191871187
2012-07-19,10.226,10.376,9.935,10.217,21193,0,0.5511268575927764,10.1872,10.1626,9.904295,9.882169326724782,11.010482267813806,8.798107732186192,1.7111423413205362,64.28979762948282,37717.1,4.438852541519869,-0.088010952474089,-3.966538208478232,0.0054961371055424
2012-07-20,10.123,10.339,10.123,10.255,17962,0,0.3719291377116684,10.219,10.1439,9.98259,9.91767700989385,10.938021206920512,9.027158793079488,1.6433188920956094,56.91954022988505,36583.6,2.133754815766088,1.303961276301506,-1.7908446657728394,0.0037123919150574
2012-07-23,10.132,10.132,9.889,9.927,21836,0,-3.198439785470508,10.161,10.128,10.021545,9.918564913713483,10.893574063916727,9.149515936083272,1.5978327193031645,41.326530612244895,32157.85,2.45727576094651,-2.0232925384919076,-1.5764425936942383,-0.0325070739167591
2012-07-24,10.076,10.076,9.898,10.029,16752,0,1.0275007555152538,10.1178,10.1298,10.070265,9.929082540978866,10.814317197588675,9.326212802411325,1.6223477211350474,34.1145833333334,31778.95,1.7983430996160925,-0.4664549424374811,0.1798022175606872,0.0102225784984863
2012-07-25,10.17,10.245,10.011,10.104,48391,0,0.747831289261125,10.1064,10.1214,10.11478,9.945741346599927,10.74011657329028,9.489443426709718,1.530371045826968,36.59147869674188,32275.35,2.3374288282888824,-0.648967551622426,-0.8244994110718662,0.0074504889421185
2012-07-26,10.198,10.451,10.198,10.442,18272,0,3.345209817893924,10.1514,10.169300000000002,10.169155,9.993004075495172,10.697784236202574,9.640525763797426,1.6702564548602714,50.0,31876.85,2.480878603647775,2.3926260050990367,4.807788818628933,0.0329047499401708
2012-07-27,10.451,10.995,10.451,10.957,44941,0,4.9320053629573035,10.2918,10.2554,10.24365,10.0848132111623,10.775619637043825,9.711680362956171,2.1827557361465613,68.97603485838775,32621.3,5.205243517366746,4.841641948138936,8.528129952456421,0.0481423864348957
2012-07-30,11.013,11.136,10.947,11.041,28859,0,0.7666332025189293,10.5146,10.3378,10.298,10.175878619623033,10.919882033152264,9.676117966847736,2.1792096228076474,72.35243055555553,30701.95,1.7265004110715272,0.254244983201675,8.064989723010662,0.0076370950337436
2012-07-31,11.013,11.249,10.986,11.145,43382,0,0.9419436645231372,10.7378,10.4278,10.3402,10.26817589394465,11.06839679237192,9.61200320762808,2.1715275407600094,71.44778126400712,29162.45,2.3939559439286353,1.198583492236445,8.784773060029295,0.0093753503808321
2012-08-01,11.145,11.145,10.516,10.516,31602,0,-5.643786451323463,10.8202,10.4633,10.33405,10.291778189759444,11.05364827242977,9.614451727570229,2.974959441865375,60.4933586337761,28789.4,5.981361734499806,-5.64378645132346,3.4937506150969355,-0.0580930599701973
2012-08-02,9.617,9.954,9.617,9.786,48496,0,-6.941802966907574,10.689,10.4202,10.2914,10.243608838353785,11.03558967587834,9.54721032412166,3.766540398010204,45.20420792079208,28979.75,3.504211292502857,1.757304772798156,-4.218459430361177,-0.071945114000703
2012-08-03,10.039,10.695,10.039,10.593,45642,0,8.246474555487438,10.6162,10.454,10.29895,10.276884187081992,11.05257687263499,9.545323127365013,4.655898995539254,54.798366513527306,29722.75,6.534515389979087,5.51847793604941,3.295953193564105,0.0792406127474272
2012-08-06,10.554,11.033,10.554,11.023,29764,0,4.059284433116206,10.6126,10.5636,10.3458,10.347942835931327,11.157916299682643,9.533683700317358,4.594032066171917,59.004629629629626,29466.15,4.538563577790403,4.44381277240856,11.040596353379684,0.0397905933668193
2012-08-07,11.126,11.126,10.554,10.995,32363,0,-0.254014333665975,10.5826,10.6602,10.395,10.409567327747393,11.240263957527135,9.549736042472862,4.615594378798751,59.779549718574096,29512.3,5.419746067841569,-1.1774222541794015,9.63206700568351,-0.0025433749744539
2012-08-08,10.995,11.351,10.778,11.258,37086,0,2.391996361982729,10.731,10.7756,10.4485,10.490370439390496,11.370558680630475,9.52644131936952,4.6340700417926985,61.641690896891056,30139.1,5.316385229170536,2.3919963619827187,11.421219319081557,0.0236383630351104
2012-08-09,11.249,11.567,11.154,11.201,33127,0,-0.506306626398989,11.014,10.851499999999998,10.5104,10.55804944516283,11.46100388562646,9.55979611437354,4.594409342962613,60.53452115812918,30677.55,3.7027075488613974,-0.426704595964086,7.268722466960353,-0.0050759270122322
2012-08-10,11.173,11.931,10.845,11.875,62389,0,6.017319882153371,11.2704,10.9433,10.59935,10.683473307528274,11.706693007763093,9.492006992236911,4.714141683893824,70.14061207609595,32316.55,10.013831258644522,6.2830036695605465,8.378205713242659,0.0584322898911024
2012-08-13,11.905,12.044,11.726,11.915,38276,0,0.3368421052631465,11.4488,11.0307,10.68425,10.800761563954152,11.920975196042365,9.447524803957638,4.717529449421001,69.75282781734396,32768.75,2.711922224117343,0.0839983200335975,7.915949642242537,0.0033627606300004
2012-08-14,11.905,12.091,11.697,11.819,45547,0,-0.8057070919009535,11.6136,11.0981,10.76295,10.897736653101376,12.079717729188136,9.446182270811864,4.746635699565906,67.88321167883214,33833.55,3.3683850559972655,-0.7223855522889419,6.047554957380008,-0.0080897045206017
2012-08-15,11.557,11.754,11.379,11.679,27211,0,-1.1845333784584189,11.6978,11.2144,10.83885,10.97214268613934,12.18421276070599,9.493487239294009,4.271133306817539,63.45442680008703,34654.55,3.295544423938835,1.055637276109716,11.059338151388353,-0.0119160487336752
2012-08-16,11.716,11.81,11.351,11.482,45653,0,-1.6867882524188804,11.754,11.384,10.9021,11.02070052555464,12.243304313490686,9.560895686509316,3.4016238305810105,56.134610890394946,35877.55,4.043696590608754,-1.99726869238648,17.330880850194163,-0.0170117655509833
2012-08-17,11.369,11.736,11.369,11.67,43068,0,1.6373454102072804,11.713,11.4917,10.97285,11.082538570739914,12.31960114334645,9.626098856653549,2.503541168032559,57.17545060460871,37132.85,3.2280763479637686,2.64755035623186,10.167091475502698,0.0162408545530195
2012-08-20,11.577,11.716,11.418,11.689,54138,0,0.1628106255355588,11.667800000000002,11.5583,11.06095,11.140296802098018,12.34887733940182,9.77302266059818,2.2665960188808043,56.32852489530016,38747.95,2.609914170607813,0.9674354323227098,6.041912365054891,0.0016267823271686
2012-08-21,11.706,11.895,11.351,11.379,63374,0,-2.652066044999579,11.5798,11.5967,11.12845,11.163030439993443,12.327063668500196,9.929836331499803,2.484639613736335,60.84443327469213,41079.05,4.79252929257333,-2.7934392619169657,3.4924965893587956,-0.0268786772507617
2012-08-22,11.52,11.52,11.249,11.398,22557,0,0.1669742508129124,11.523599999999998,11.6107,11.19315,11.185408493327404,12.294693658498678,10.09160634150132,2.3810231285453747,74.66340269277846,39787.35,2.409103031380558,-1.0590277777777768,1.2435601350150982,0.0016683500379363
2012-08-23,11.454,11.454,11.145,11.305,35994,0,-0.8159326197578531,11.4882,11.621100000000002,11.2363,11.196798160629555,12.280047115974444,10.192552884025556,2.392471227051435,63.93891934220831,40673.45,2.7725437415881657,-1.3008555962982444,0.9284885278100008,-0.0081927956828746
2012-08-24,11.305,11.538,11.21,11.379,15890,0,0.6545776205219012,11.43,11.5715,11.2574,11.214150716760074,12.294413809987589,10.220386190012414,1.252610654883777,58.098271155596,39220.9,2.9259589652096287,0.6545776205218916,-4.176842105263157,0.0065244456449384
2012-08-27,11.369,11.369,11.023,11.163,21568,0,-1.898233588188758,11.3248,11.4963,11.2635,11.20927921992578,12.296581950180707,10.230418049819288,1.3012879998064433,53.520536462699106,38856.35,3.1388914088723587,-1.8119447620722977,-6.311372219890887,-0.0191648133422763
2012-08-28,11.201,11.474,11.201,11.444,15888,0,2.51724446833288,11.3378,11.4588,11.27845,11.231633579932849,12.312964373739383,10.243935626260615,1.636086494994351,53.868552412645634,37481.65,2.4372823855012915,2.16944915632533,-3.1728572637278907,0.0248608371552686
2012-08-29,11.464,11.567,11.398,11.52,26947,0,0.6641034603285467,11.362199999999998,11.4429,11.32865,11.259097048510672,12.30307674645672,10.354223253543278,1.6307059553909276,56.58274865868757,37248.9,1.4827162660115851,0.4884856943475154,-1.3614179296172702,0.0066190800798812
2012-08-30,11.511,11.511,11.21,11.21,9058,0,-2.69097222222221,11.3432,11.4157,11.39985,11.254421139128704,12.055687038487717,10.744012961512285,1.7631101518329395,33.8513841670714,35277.0,2.6851025869759,-2.6148901051168307,-2.368925274342437,-0.0272784181836765
2012-08-31,11.275,11.557,11.219,11.426,16770,0,1.926851025869758,11.3526,11.3913,11.4415,11.270761983021208,11.976203656243069,10.90679634375693,1.7991049607703509,39.06040268456377,33833.4,3.012746234067216,1.3392461197339227,-2.0908311910882604,0.0190852232182022
2012-09-04,11.464,11.567,11.201,11.482,56590,0,0.490110274811828,11.4164,11.3706,11.46445,11.29087988940014,11.96160547711029,10.96729452288971,1.8093154509368692,42.32346241457856,35174.7,3.267565395946787,0.1570132588974084,-1.770895713919074,0.0048891314431742
2012-09-05,11.369,11.547,11.369,11.511,38531,0,0.2525692388085643,11.4298,11.3838,11.49025,11.31184370945727,11.93569424897744,11.04480575102256,1.5846634755471751,45.969289827255245,35483.1,1.5656610080042292,1.2490104670595432,1.1600316372264663,0.0025225081874798
2012-09-06,11.53,11.567,11.136,11.511,48701,0,0.0,11.428,11.3951,11.5029,11.330810975223244,11.934735202484664,11.071064797515335,1.5850719422700312,50.768415474297825,36063.85,3.870330459770124,-0.1647875108412847,0.9914020003509272,0.0
2012-09-07,11.547,11.577,11.351,11.482,54710,0,-0.2519329337155707,11.482399999999998,11.4128,11.51695,11.345209929963888,11.925060653209233,11.108839346790768,1.5582709932370755,44.560185185185155,37143.0,1.9910140075764169,-0.5629167749199037,1.5656789031402107,-0.0025225081874798
2012-09-10,11.482,11.567,11.482,11.491,21332,0,0.0783835568716195,11.4954,11.424,11.49775,11.359094698538756,11.869441368858515,11.126058631141484,1.5488397991496494,44.23748544819556,35090.15,0.7402891482320229,0.0783835568716281,0.9842692679497222,0.0007835285300515
2012-09-11,11.501,11.623,11.361,11.444,21833,0,-0.4090157514576531,11.4878,11.4521,11.4742,11.36718091772554,11.79007245927118,11.15832754072882,1.3987406297675744,52.233676975945066,34268.0,2.3061350233253997,-0.4956090774715121,2.51724446833288,-0.0040985450876327
2012-09-12,11.52,11.52,11.136,11.219,27569,0,-1.9660957707095528,11.4294,11.4296,11.4442,11.353068449370726,11.73517773472376,11.15322226527624,1.3097190737410869,44.61167971101744,33369.1,3.448275862068969,-2.6128472222222237,-1.9660957707095528,-0.0198568056250363
2012-09-13,11.266,11.595,11.219,11.557,43278,0,3.0127462340672206,11.4386,11.4333,11.4381,11.37249050181161,11.713024602103582,11.16317539789642,1.6471380181914823,56.61070304302206,34172.45,3.3514573491398627,2.5829930765134064,0.3211805555555669,0.0296825444304767
2012-09-14,11.567,11.613,11.305,11.52,42848,0,-0.320152288656228,11.4462,11.4643,11.44,11.3865390254486,11.716721406547835,11.163278593452166,1.3542843313510873,53.77207062600321,34032.2,2.724458204334364,-0.4063283478862333,2.7653880463871516,-0.0032066587255591
2012-09-17,11.491,11.782,11.266,11.762,24965,0,2.100694444444451,11.5004,11.4979,11.4446,11.422297213501114,11.739857532547472,11.149342467452524,1.378650473201663,65.8047493403694,33127.05,4.580152671755725,2.358367417979295,2.9406616488709902,0.0207893407700191
2012-09-18,11.716,11.802,11.53,11.754,18860,0,-0.0680156435980405,11.5624,11.525099999999998,11.44785,11.453887955072435,11.755601283719963,11.140098716280034,1.3813367290272844,59.55610357583226,31363.15,2.359063313096273,0.3243427791054989,2.3689252743424483,-0.0006803878473056
2012-09-19,11.746,11.866,11.444,11.839,42876,0,0.7231580738472188,11.6864,11.5579,11.47085,11.490565292684586,11.822553987376528,11.119146012623473,1.3896927048561276,59.77927651747396,30338.25,3.6875218455085528,0.7917588966456662,2.849448353748607,0.0072055582390406
2012-09-20,11.754,11.754,11.37,11.689,9918,0,-1.2669989019342909,11.712799999999998,11.5757,11.4854,11.509463836238435,11.84831300973,11.12248699027,1.4742520130675298,66.28144119646493,29706.3,3.3773087071240138,-0.553003232941973,1.5463469724611212,-0.0127509378038659
2012-09-21,11.858,11.858,11.633,11.689,36901,0,0.0,11.7466,11.5964,11.5046,11.52656251850144,11.867958254416132,11.141241745583867,1.468509599723281,60.47808764940235,29751.65,1.93415284105563,-1.4251981784449357,1.8028218080473837,0.0
2012-09-24,11.651,11.782,11.491,11.623,24956,0,-0.5646334160321786,11.7188,11.6096,11.5168,11.535747040548925,11.878784355578963,11.154815644421037,1.4878165641190235,55.57312252964424,30204.95,2.5324166739187226,-0.2403227190799113,1.148725089200231,-0.0056623349640624
2012-09-25,11.706,11.706,11.08,11.097,54795,0,-4.5255097651208835,11.5874,11.5749,11.5135,11.493961608115692,11.889978139436264,11.137021860563737,2.0966389773739373,38.25198637911469,31866.3,5.649819494584833,-5.202460276781138,-3.0321565886053947,-0.0463110921431443
2012-09-26,11.097,11.154,10.723,10.873,98894,0,-2.0185635757411946,11.3942,11.540299999999998,11.48495,11.434822407342768,11.957869922007191,11.012030077992812,2.1013667270150584,33.937562940584144,36016.6,4.019397556653914,-2.0185635757411933,-3.084053837240397,-0.0203921495028142
2012-09-27,10.845,10.995,10.723,10.967,19275,0,0.8645268095281988,11.2498,11.4813,11.4573,11.390267892357745,11.983279026998048,10.931320973001952,1.8163845475945304,37.44514870794742,35633.0,2.5366035624358707,1.1249423697556469,-5.105131089383052,0.0086081117624595
2012-09-28,10.938,10.938,10.788,10.788,21876,0,-1.632169234977665,11.0696,11.4081,11.4362,11.332909045466527,12.033035020843256,10.839364979156745,1.848446452887226,34.173795587573224,36273.9,1.3904338153503926,-1.3713658804168982,-6.354166666666661,-0.0164563585005883
2012-10-01,10.921,11.173,10.629,11.116,45278,0,3.040415276232844,10.9682,11.3435,11.4207,11.312251041136385,12.034510565668286,10.806889434331714,2.0191908294322185,43.44524380495603,37699.3,5.1180731959732855,1.785550773738671,-5.492263220540727,0.0299511066027736
2012-10-02,11.145,11.454,10.938,11.106,40764,0,-0.0899604174163348,10.97,11.2787,11.4019,11.29260808483768,12.030655797294376,10.773144202705629,2.018626951862092,47.529514648010505,36908.0,4.71749862863412,-0.3499327052489879,-5.513016845329243,-0.0009000090608418
2012-10-03,11.154,11.192,10.93,11.033,20101,0,-0.6573023590851879,11.002,11.1981,11.378,11.26788350532933,12.02535835678932,10.73064164321068,1.968701321423482,37.042532146389725,35986.5,2.3970722781335816,-1.0848126232741655,-6.8080074330602365,-0.0065947210412465
2012-10-04,11.097,11.116,10.442,10.639,47493,0,-3.571104867216534,10.9364,11.0931,11.3344,11.207989838155108,12.057115464138528,10.61168453586147,2.169023386484757,31.4838167297184,35926.1,6.454702164336329,-4.127241596827973,-8.9828043459663,-0.03636428724394
2012-10-05,10.695,11.482,10.676,11.201,96594,0,5.282451358210372,11.019,11.044299999999998,11.32035,11.207324139283193,12.04190833553404,10.59879166446596,2.927404153622289,39.60726194886997,38020.3,7.5496440614462275,4.731182795698927,-4.174865257934801,0.0514765654953735
2012-10-08,11.426,11.746,11.07,11.53,43771,0,2.9372377466297506,11.1018,11.035,11.3223,11.238055173637177,12.046007733971548,10.598592266028453,3.1077187835019697,46.29139072847682,39142.25,6.106594399277327,0.9102047960791108,-0.8001376580917152,0.028949274251365
2012-10-09,11.547,11.651,11.369,11.398,48055,0,-1.1448395490025964,11.1602,11.0651,11.32,11.25328801424316,12.042370367171944,10.597629632828058,2.7255769134559418,42.81056406912291,40453.35,2.4804292373999477,-1.2903784532779157,2.7124448049022254,-0.0115144328681597
2012-10-10,11.369,11.679,11.164,11.482,30516,0,0.7369713984909598,11.25,11.126,11.33315,11.275070108124762,12.057351854675542,10.608948145324458,2.601472729508163,46.55114961679439,40600.7,4.613041920458622,0.9939308646318896,5.60103007449646,0.0073426903326372
2012-10-11,11.482,11.613,11.201,11.388,29058,0,-0.8186727051036402,11.3998,11.1681,11.3247,11.285825335922404,12.0418135416227,10.6075864583773,2.63501185765154,45.1373182552504,39889.7,3.678243014016597,-0.8186727051036355,3.838789094556394,-0.0082204223296539
2012-10-12,11.388,11.388,11.145,11.295,15286,0,-0.8166491043203328,11.4186,11.2188,11.31345,11.286699113453604,12.02469870918371,10.60220129081629,2.576821068345387,44.74695707879565,38511.6,2.180349932705252,-0.816649104320337,4.699666295884319,-0.0082000194958244
2012-10-15,11.249,11.342,11.145,11.275,23907,0,-0.1770694997786592,11.3676,11.2347,11.2891,11.285584912172308,11.968314375893764,10.609885624106234,2.4190050532311034,53.40214067278289,38458.7,1.767608793180807,0.2311316561472113,1.4303706369197533,-0.0017722645312245
2012-10-16,11.342,11.342,11.145,11.21,22334,0,-0.5764966740576472,11.33,11.2451,11.2619,11.278386349108278,11.905353805645522,10.61844619435448,2.429641773693376,56.85795685795689,38632.4,1.767608793180807,-1.163815905484039,0.936430758148754,-0.0057816483046734
2012-10-17,11.229,11.266,11.154,11.192,26984,0,-0.160570918822489,11.272,11.261,11.22955,11.270159077764632,11.813108403697536,10.645991596302462,2.417041880156985,54.72490550188996,37837.8,1.004124081047159,-0.3295039629530593,1.4411311519985537,-0.0016069997208885
2012-10-18,11.219,11.258,10.339,10.376,35408,0,-7.2909220872051534,11.0696,11.2347,11.163900000000002,11.185001070358476,11.82065787415368,10.507142125846324,3.212097055887692,43.1742876076872,39112.3,8.888673952993507,-7.5140386843747216,-2.472036845568193,-0.0757037903490373
2012-10-19,10.376,10.376,9.589,9.635,37736,0,-7.14148033924441,10.7376,11.0781,11.0612,11.037381920800524,11.967282510475272,10.155117489524727,3.25710523157417,28.41737102885456,39154.05,8.207320888518083,-7.141480339244407,-13.980894562985458,-0.074093145147813
2012-10-22,9.72,9.72,9.2043,9.3729,53828,0,-2.720290607161391,10.35718,10.86239,10.948695,10.878859833105237,12.089449261050536,9.807940738949462,2.880921664905678,26.472265211370853,40597.65,5.602816075095344,-3.5709876543209984,-18.70858629661753,-0.0275797551016023
2012-10-23,9.3545,9.635,9.2506,9.532,96735,0,1.697446894771093,10.02158,10.67579,10.870445,10.750587468047597,12.171767440685349,9.569122559314652,3.1071938643104287,30.088612968269132,42694.65,4.15540613581821,1.8974824950558575,-16.37129320933497,0.0168320124717682
2012-10-24,9.561,9.898,9.3438,9.739,22533,0,2.1716323961393336,9.73098,10.50149,10.813745,10.654245804424017,12.209958217731486,9.417531782268515,3.2628138400354456,37.43788733180729,38876.6,5.931205719300497,1.8617299445664768,-15.180282180804728,0.0214838837425666
2012-10-25,9.824,9.85,9.2982,9.579,30551,0,-1.6428791457028469,9.57158,10.32059,10.744345,10.55184144209792,12.242729029862524,9.245960970137478,3.2517437811889938,24.49845921640149,39440.4,5.9344819427416065,-2.4938925081433148,-15.885142255005258,-0.0165652405783075
2012-10-26,9.607,9.711,9.3729,9.542,34661,0,-0.3862616139471808,9.55298,10.14529,10.682045,10.455666066660022,12.273508197616614,9.090581802383385,3.2670427404364593,15.58410082404268,40079.65,3.607208014595277,-0.6765899864681951,-15.52014165559983,-0.0038700953068394
2012-10-31,9.551,9.645,9.4108,9.645,43267,0,1.0794382728987584,9.607400000000002,9.98229,10.608495,10.378459774597165,12.250671996005668,8.966318003994331,3.3518802301033417,19.344571908226087,39979.1,2.4886300845836646,0.9841901371584064,-14.456762749445684,0.010736539263777
2012-11-01,9.617,9.954,9.561,9.917,66965,0,2.820114048729905,9.6844,9.85299,10.549045,10.334511224635529,12.20144409601948,8.89664590398052,3.617129330285167,24.320687844578657,41289.15,4.110448697834962,3.1194759280440776,-11.534344335414817,0.0278108098462955
2012-11-02,10.301,10.93,10.19,10.752,94366,0,8.419885045880825,9.887,9.80899,10.534995,10.374272060384524,12.174798480491262,8.895191519508739,4.727232337131075,41.605511852594915,45002.4,7.262021589793918,4.378215707212897,-3.9313795568262977,0.0808413275768058
2012-11-05,10.695,10.891,10.61,10.761,39254,0,0.0837053571428381,10.1234,9.84749,10.541095,10.411103292728855,12.183433219509864,8.898756780490135,4.040714988604976,42.79196587657253,44590.45,2.6484448633364805,0.6171107994389804,3.7104857363145616,0.0008367034374612
2012-11-06,10.629,10.995,10.629,10.854,27383,0,0.8642319487036421,10.3858,9.96939,10.523745,10.453283931516586,12.14391197706706,8.903578022932939,3.0417156912471306,44.427088848882754,41129.9,3.4434095399379028,2.1168501270110043,12.651790347690708,0.0086051884229577
2012-11-07,10.761,10.835,10.311,10.489,36837,0,-3.3628155518702685,10.5546,10.081,10.471695,10.45668546184834,12.021088358331504,8.922301641668497,3.139840175291151,41.158147748454816,40783.2,5.081951314130549,-2.5276461295418504,11.90773399908247,-0.0342065866617461
2012-11-08,10.498,10.667,10.301,10.357,36433,0,-1.25846124511394,10.6426,10.1635,10.419645,10.447191608338974,11.906703126460885,8.932586873539115,3.22316541498529,40.038652414582934,40202.1,3.553053101640614,-1.343112973899791,8.655056651279903,-0.0126644693727251
2012-11-09,10.311,10.685,10.283,10.593,12728,0,2.278652119339575,10.6108,10.2489,10.375195,10.4610781218305,11.77938509430598,8.971004905694022,3.228108666123448,53.00454142667258,39312.7,3.909364971311884,2.734943264474833,8.76886744018892,0.0225307860076172
2012-11-12,10.732,10.798,10.601,10.639,12243,0,0.4342490323798742,10.5864,10.3549,10.337745,10.478023062608548,11.666106135859833,9.009383864140167,3.111783699094347,67.21418284068307,38471.95,1.8583152532779847,-0.8665672754379424,11.065873264432602,0.0043330889198699
2012-11-13,10.601,10.778,10.451,10.48,21757,0,-1.494501362910039,10.5116,10.4487,10.296995,10.478211342360115,11.549551863673864,9.044438136326136,3.189259433651463,69.67757989406707,38795.5,3.1288871878289153,-1.1414017545514614,9.830224271641177,-0.0150578156413327
2012-11-14,10.48,10.583,10.17,10.291,37367,0,-1.8034351145038152,10.472,10.5133,10.247795,10.460381690706772,11.412847352065045,9.082742647934955,3.3080053826785125,63.34857544846993,39468.5,4.0609636184857445,-1.8034351145038172,6.697770865733554,-0.0181989520389414
2012-11-15,10.235,10.732,9.983,10.619,25774,0,3.1872509960159334,10.5244,10.5835,10.218245,10.475488196353746,11.308091808114588,9.128398191885411,3.3360905391979783,64.84480431848851,39640.5,7.502754682961021,3.751831949193946,7.07875365533932,0.0313751225677538
2012-11-16,10.536,10.667,10.161,10.348,52597,0,-2.55202938129766,10.4754,10.5431,10.176044999999998,10.463346463367674,11.168109256142436,9.18398074385756,2.1047986388355993,62.504065040650424,40921.15,4.979824820391697,-1.7843583902809306,-3.7574404761904767,-0.0258515850979256
2012-11-19,10.348,10.432,10.039,10.357,66164,0,0.0869733281793516,10.419,10.5027,10.175095,10.45321822876123,11.166389128054558,9.18380087194544,2.1048758360683393,63.37381030521826,42458.95,3.914732543081987,0.0869733281793444,-3.754297927701888,0.000869355282959
2012-11-20,10.301,10.301,9.804,9.992,43282,0,-3.524186540503993,10.3214,10.4165,10.192945,10.409292683164924,11.155737315091711,9.230152684908289,2.2716753127610723,55.24327591417349,42736.25,5.069359445124437,-2.999708766139203,-7.941772618389519,-0.035877846783465
2012-11-21,9.983,10.142,9.927,10.096,18197,0,1.040832666132907,10.2824,10.377199999999998,10.2291,10.379455284768264,11.113334286647984,9.344865713352016,2.1430331946690746,52.84941101560013,40954.7,2.1658104160370693,1.1319242712611397,-3.746782343407384,0.0103545329755807
2012-11-23,10.142,10.516,10.096,10.424,11645,0,3.2488114104595844,10.2434,10.3839,10.2737,10.383697638599855,11.097828017648562,9.449571982351438,2.392633479217036,43.77372817008347,36700.2,4.160063391442154,2.780516663380004,0.6469054745582792,0.0319715340236866
2012-11-26,10.301,10.367,9.935,10.002,32797,0,-4.048349961627007,10.1742,10.3248,10.28685,10.347345482542728,11.082971724361082,9.490728275638917,2.5789363270725394,37.5451263537906,37213.4,4.348263714141926,-2.9026308125424665,-5.579156046445755,-0.0413257668258319
2012-11-27,10.019,10.17,9.879,9.907,32149,0,-0.9498100379924046,10.0842,10.2516,10.30325,10.30540781753866,11.049955289571026,9.556544710428977,2.557748235262634,34.47031813709411,37293.3,2.945642271484972,-1.1178760355324893,-6.8803458971707805,-0.0095434950058187
2012-11-28,9.833,10.096,9.758,10.096,13024,0,1.907742000605639,10.105,10.2132,10.33095,10.285464215868313,10.995314666825369,9.666585333174634,2.661659887764757,43.16045945005219,36211.45,3.463824554211939,2.6746669378622996,-3.664122137404579,0.0188977278079642
2012-11-29,10.039,10.208,9.879,9.973,23803,0,-1.2183042789223442,10.0804,10.1814,10.34735,10.255705719118948,10.954115115397077,9.740584884602926,2.632197310280935,43.29608938547487,35238.25,3.3302965887235616,-0.6574359996015435,-3.0900787095520355,-0.0122578643791264
2012-11-30,10.029,10.048,9.739,9.935,41136,0,-0.3810287776997878,9.9826,10.113,10.34825,10.225162317298096,10.95237507418814,9.74412492581186,2.3346720641705385,37.65941485371339,33946.8,3.17281035013861,-0.9372818825406264,-6.4412844900649695,-0.0038175654159507
2012-12-03,10.048,10.123,9.935,10.058,17265,0,1.2380473074987242,9.9938,10.084,10.31355,10.20924209660304,10.899480290446588,9.72761970955341,2.2969280654641944,39.40940576011663,30091.75,1.892299949672862,0.0995222929936284,-2.802473908001557,0.0123044617459926
2012-12-04,10.123,10.245,9.992,10.235,17571,0,1.759793199443216,10.0594,10.0718,10.28725,10.211695230259894,10.834562621143368,9.739937378856633,2.3842540184457195,45.56320173850052,29007.6,2.53202562049638,1.106391385952782,-1.1779472820314774,0.0174448813634797
2012-12-05,10.011,10.226,9.945,10.086,25208,0,-1.4557889594528528,10.0574,10.0812,10.24885,10.199724255949429,10.732840550146635,9.764859449853365,2.1296025586736103,46.233002572583594,28898.85,2.825540472599302,0.7491759065028576,0.9407526020816626,-0.0146648954587192
2012-12-06,10.104,10.104,9.795,9.889,29609,0,-1.9532024588538643,10.0406,10.0605,10.21885,10.17013146966853,10.714407644423968,9.723292355576032,2.1943338782809465,35.90733590733586,28537.45,3.154670750382841,-2.1278701504354696,-2.050316957210785,-0.0197252953666798
2012-12-07,9.917,9.927,9.3729,9.57,38301,0,-3.2258064516128893,9.9676,9.9751,10.1795,10.11297609160486,10.748422342309222,9.61057765769078,2.016503542740923,35.253980288097,28630.85,5.911724226226676,-3.499042049006752,-8.19263238679968,-0.0327898228229907
2012-12-10,9.617,9.86,9.476,9.683,23409,0,1.1807732497387535,9.8926,9.9432,10.134,10.072025987642492,10.709201566500756,9.55879843349924,1.7504148966496955,37.70970094821296,29164.9,4.05234276065849,0.6862847041696885,-3.189362127574491,0.011738565164531
2012-12-11,9.711,10.058,9.664,10.029,33902,0,3.5732727460497715,9.8514,9.9554,10.1035,10.067928274533685,10.62844912034123,9.57855087965877,2.1133966573210174,50.67939772309951,30247.85,4.076986754966889,3.274637009576765,1.2314525083274352,0.0351091254766771
2012-12-12,10.076,10.114,10.011,10.029,15358,0,0.0,9.84,9.9487,10.08095,10.064220819816189,10.57567862311168,9.58622137688832,2.020409136383052,48.7208858342879,29927.9,1.0288682449305917,-0.4664549424374811,-0.6636291600633948,0.0
2012-12-13,10.076,10.096,9.973,10.067,5786,0,0.3789011865589886,9.8756,9.9581,10.06975,10.06448550364322,10.554497954041096,9.585002045958902,1.980368109848431,42.33576642335768,28348.85,1.2333299909756277,-0.0893211591901581,0.9425448711521068,0.003781851641215
2012-12-14,10.019,10.208,9.954,10.114,19271,0,0.4668719578821978,9.9844,9.976,10.0445,10.069201169962913,10.455836461075586,9.633163538924412,1.9750819484249729,52.86591606960082,28023.7,2.551737994775965,0.9481984229963134,1.8017111222949245,0.0046578549105051
2012-12-17,10.301,10.301,9.73,10.002,27666,0,-1.1073759145738604,10.0482,9.9704,10.0272,10.062801058537874,10.413108961175368,9.641291038824631,1.97688604508523,52.409944190766126,26777.15,5.868448098663923,-2.9026308125424665,-0.5567707297673419,-0.0111355296610793
2012-12-18,9.992,10.217,9.898,10.179,20069,0,1.7696460707858463,10.0782,9.9648,10.0183,10.07386762439141,10.379609955869178,9.656990044130822,1.977883975536247,52.11842776927004,24472.4,3.2228733077389458,1.8714971977582,-0.547142159257441,0.0175417014734908
2012-12-19,10.179,10.291,10.114,10.282,15624,0,1.011887218783758,10.1288,9.9844,10.0328,10.093689755401751,10.41247554015124,9.65312445984876,1.9347070314189203,57.96802475502835,23089.5,1.7500494364247536,1.011887218783768,1.9432877255601833,0.01006801916311
2012-12-20,10.291,11.116,10.265,11.106,33791,0,8.014005057381834,10.3366,10.1061,10.0833,10.190100254887298,10.695713379481608,9.470886620518392,2.981170183237345,71.4862385321101,23869.2,8.290306867998043,7.919541346807886,12.30660329659219,0.0770907091861025
2012-12-21,10.891,11.116,10.788,11.097,75120,0,-0.0810372771474887,10.5332,10.2588,10.11695,10.276471659183748,10.866736348515838,9.36716365148416,2.6036643433238154,69.89659134431253,27042.95,3.040415276232846,1.8914700211183504,15.95611285266456,-0.0008107013009888
2012-12-24,11.097,11.145,10.714,10.769,13000,0,-2.955753807335315,10.6866,10.3674,10.1553,10.323379120213866,10.95699481002481,9.353605189975193,2.9669207552962304,59.66690803765389,26053.1,4.022773940638409,-2.9557538073353107,11.215532376329662,-0.0300031651716827
2012-12-26,10.835,10.854,10.498,10.619,16469,0,-1.3928869904355157,10.7746,10.4264,10.1909,10.351533489717308,11.009231010108332,9.372568989891665,2.9235564867806394,59.645313065508496,25269.1,3.3911221184987608,-1.9935394554683992,5.882939475520987,-0.0140267869250354
2012-12-27,10.601,10.769,10.507,10.714,11687,0,0.8946228458423633,10.861,10.4949,10.221799999999998,10.386054109744231,11.071127064891703,9.372472935108291,2.9164810640303083,65.50169109357387,25202.25,2.4935757114304793,1.0659371757381335,6.830192441918448,0.0089064480370601
2012-12-28,10.629,10.788,10.629,10.732,24548,0,0.1680044801194657,10.7862,10.5614,10.25975,10.419001337387638,11.129842765774027,9.389657234225972,2.9198206944288088,74.6186440677966,25239.5,1.4959074230877851,0.9690469470317036,6.605741531737341,0.001678635104609
2012-12-31,10.695,10.957,10.498,10.778,49942,0,0.4286246738725463,10.7224,10.6278,10.3019,10.453191686207862,11.187293733407662,9.416506266592338,2.920154177373576,73.87701700828609,25679.8,4.372261383120608,0.7760635811126712,6.56515720783073,0.0042770869479274
2013-01-02,10.938,11.388,10.521,10.695,117114,0,-0.770087214696602,10.7076,10.6971,10.33375,10.476221049426162,11.227986722456162,9.439513277543838,2.899152334964142,66.4039408866995,30672.25,8.240661534074698,-2.221612726275373,6.928614277144574,-0.0077306769769359
2013-01-03,10.778,10.988,10.311,10.873,42398,0,1.6643291257596893,10.7584,10.7665,10.36565,10.514009520909385,11.290063731706796,9.441236268293205,2.8950584368451513,69.11231884057969,31913.6,6.565803510813691,0.8814251252551388,6.817958542096458,0.0165063094812433
2013-01-04,10.957,11.07,10.826,11.013,23267,0,1.2875931205738933,10.8182,10.8396,10.412,10.56153242367992,11.369734168149895,9.454265831850106,2.8996871378113815,70.47619047619047,31816.55,2.2538333641234045,0.511088801679284,7.109511768138499,0.0127937411671944
2013-01-07,11.229,11.229,10.873,11.033,24570,0,0.1816035594297549,10.8784,10.8323,10.4692,10.606434097615164,11.4320505048742,9.506349495125797,1.3628530948810984,70.12702584318876,31564.6,3.2741653637450554,-1.7454804524000334,-0.6573023590851879,0.0018143885953619
2013-01-08,10.967,11.332,10.967,11.097,23284,0,0.5800779479742557,10.9422,10.8323,10.54555,10.653154659747052,11.448483342529943,9.642616657470056,1.377540468104106,74.49664429530199,30813.75,3.3281663171332196,1.18537430473237,0.0,0.0057840197402575
2013-01-09,11.097,11.229,10.938,10.986,14896,0,-1.0002703433360294,11.0004,10.854,10.6107,10.684854215961618,11.436307808000407,9.78509219199959,0.9959107517498704,68.60304287690181,30388.1,2.6604498080087637,-1.0002703433360267,2.0150431794967005,-0.0100530665979978
2013-01-10,10.995,11.369,10.995,11.351,22759,0,3.322410340433279,11.096,10.9272,10.6768,10.74829667158432,11.517854375862555,9.835745624137443,1.2416859804351603,71.98683669271907,29830.95,3.4015461573442525,3.237835379718069,6.893304454280069,0.0326841108527736
2013-01-11,11.398,11.595,11.379,11.538,12059,0,1.6474319443220864,11.201,11.0096,10.75225,10.823506512385814,11.618966216532067,9.885533783467933,1.2787030774439787,62.04013377926423,29666.0,1.8982335881887784,1.228285664151611,7.690871756580164,0.0163400900614953
2013-01-14,11.633,11.66,11.369,11.52,14786,0,-0.1560062402496176,11.2984,11.0884,10.8249,10.889839225491926,11.693352683315307,9.956447316684695,1.2990592319678873,61.73044925124793,30116.0,2.559591872636119,-0.9713745379523728,7.342527021990319,-0.0015612805669525
2013-01-15,11.444,11.557,11.426,11.501,37850,0,-0.1649305555555535,11.3792,11.1607,10.89425,10.948045013540314,11.745013341451402,10.0434866585486,1.3270380122125236,74.49799196787147,31044.95,1.1465079642919678,0.4980775952464051,6.708109111152338,-0.0016506671573008
2013-01-16,11.474,11.716,11.182,11.249,20250,0,-2.1911138161898824,11.4318,11.2161,10.9566,10.976707393203142,11.709143588525766,10.204056411474234,1.5538056267239582,69.73684210526321,30674.15,4.775532105169012,-1.9609552030678024,5.1799906498363635,-0.0221547522997553
2013-01-17,11.295,11.675,11.295,11.53,56032,0,2.497999822206398,11.4676,11.2818,11.02415,11.029401927183796,11.723457108199684,10.324842891800316,1.6420554609233098,72.89562289562292,32472.3,3.3643204957946065,2.0805666223992865,6.042490572978942,0.0246730984702786
2013-01-18,11.482,11.538,11.229,11.53,38041,0,0.0,11.466,11.3335,11.08655,11.077077934118671,11.727292488712711,10.445807511287285,1.6326453084700523,72.61904761904765,33593.15,2.751803366283739,0.4180456366486678,4.69445201125942,0.0
2013-01-22,11.577,11.603,11.369,11.482,155453,0,-0.4163052905464037,11.4584,11.3784,11.10535,11.115641940393084,11.770109639980516,10.440590360019485,1.6552424634632976,69.93204983012458,39676.25,2.0582285161403817,-0.8205925542023031,4.069609353756909,-0.0041717425355226
2013-01-23,11.53,11.679,11.478,11.491,54643,0,0.0783835568716195,11.4564,11.417800000000002,11.12505,11.151390327022312,11.811757621840906,10.438342378159094,1.6571815988996883,73.52245862884163,38652.4,1.7511761630946203,-0.3382480485689479,3.5505091466162098,0.0007835285300515
2013-01-24,11.53,11.679,11.482,11.557,47846,0,0.5743625446001266,11.518,11.4749,11.16445,11.190019819686857,11.855552391682398,10.473347608317605,1.5866941230646852,71.64556962025321,40394.7,1.7157289670789146,0.2341717259323592,5.19752412160932,0.0057271937178076
2013-01-25,11.623,11.67,11.351,11.53,102492,0,-0.2336246430734712,11.518,11.4928,11.21,11.222398884478585,11.869077824651251,10.55092217534875,1.2517883930690747,67.62099522835719,44695.85,2.810325081490609,-0.8001376580917146,1.5769535723724637,-0.0023389797123366
2013-01-28,11.577,11.802,11.577,11.67,44311,0,1.2142237640936804,11.546,11.505999999999998,11.2578,11.265027562147289,11.903956116055124,10.611643883944874,1.2012063772855106,70.06931316950222,46327.05,1.943508681005439,0.8033169214822491,1.14404576183047,0.012069112017497
2013-01-29,11.67,11.706,11.577,11.706,35738,0,0.308483290488426,11.590799999999998,11.5246,11.3065,11.30702493718088,11.932295157337466,10.680704842662534,1.198311989432309,69.53175112251444,46886.55,1.1142783104431162,0.3084832904884283,1.6145833333333304,0.0030800845705644
2013-01-30,11.641,11.726,11.53,11.53,43258,0,-1.5035024773620398,11.5986,11.5275,11.3441,11.328260657449368,11.924944720621042,10.763255279378956,1.3091181414642654,66.74876847290636,46552.35,1.6999132697311494,-0.953526329353154,0.2521519867837662,-0.0151491965880615
2013-01-31,11.538,11.746,11.53,11.577,79585,0,0.4076322636600293,11.6026,11.5603,11.3882,11.351950118644666,11.890106512577864,10.886293487422137,1.0510840931003422,58.652373660030584,44675.9,1.8733738074588129,0.338013520540819,2.915814739087907,0.0040680369426238
2013-02-01,11.716,12.972,11.557,12.597,93328,0,8.81057268722467,11.816,11.666999999999998,11.4744,11.470526297821364,12.161687697363352,10.787112302636649,2.8606162102415733,74.75455820476856,47222.4,12.243661849961054,7.519631273472177,9.254119687771034,0.0844383191465745
2013-02-04,12.579,12.739,12.269,12.336,39784,0,-2.0719218861633637,11.9492,11.7476,11.54055,11.55295236469552,12.292484900597444,10.788615099402554,3.00630273782906,67.12846347607055,48048.25,3.830793055668764,-1.931791080372051,6.990459670424998,-0.0209368735491921
2013-02-05,12.448,12.634,12.167,12.233,81204,0,-0.8349546044098544,12.0546,11.8227,11.600550000000002,11.61771880615309,12.373181722715952,10.827918277284052,3.0266816965357717,64.84184914841852,50879.95,3.838251006821735,-1.7271850899742918,6.54067235673228,-0.0083845987561943
2013-02-06,12.177,12.795,12.087,12.747,98512,0,4.201749366467755,12.298,11.9483,11.68305,11.725269396043272,12.572783129710762,10.793316870289235,3.2115987557416337,77.45601173020526,54641.35,5.857532886572352,4.680955900468097,10.93029327299626,0.0411587317360049
2013-02-07,12.747,13.273,12.612,13.17,27416,0,3.3184278653800803,12.6166,12.1096,11.79225,11.862862786896294,12.843251302017151,10.741248697982847,3.2794160258776026,78.57142857142857,55267.35,5.241040279099267,3.31842786538009,13.95690923249977,0.0326455659544053
2013-02-08,13.207,13.403,13.075,13.346,50051,0,1.336370539104026,12.7664,12.2912,11.892,12.004113950049028,13.128915007929706,10.655084992070291,3.2317898502920057,79.80958634274458,56631.95,2.5086042065009653,1.0524721738471972,15.750216825672169,0.0132751987262251
2013-02-11,13.423,14.051,13.423,13.601,114413,0,1.910684849393074,13.0194,12.4843,11.99515,12.156198335758644,13.435169776910849,10.555130223089147,3.2320035067990016,82.56993544420536,61749.65,4.678536839752664,1.3260820978916847,16.546700942587833,0.0189266049692015
2013-02-12,13.563,13.684,13.451,13.563,54011,0,-0.2793912212337379,13.2854,12.67,12.0973,12.290179446638772,13.678343239862665,10.516256760137338,3.2630671285452566,81.56611822059719,63710.9,1.732213218348069,0.0,15.86365966171195,-0.0027978224700386
2013-02-13,13.704,13.873,13.591,13.638,67358,0,0.5529750055297544,13.4636,12.8808,12.20415,12.41854330886365,13.900176846237263,10.508123153762735,3.11198001190871,81.61652993011242,65186.3,2.074902509013318,-0.48161120840631,18.28274067649611,0.0055145171178834
2013-02-14,13.619,13.741,13.563,13.601,37366,0,-0.2713007772400577,13.5498,13.0832,12.32175,12.531158231829018,14.064445537620308,10.579054462379691,3.1513191292340146,81.36928203574678,66042.1,1.3123940131239331,-0.1321682942947272,17.482940312688953,-0.0027166946478447
2013-02-15,13.667,13.751,13.386,13.507,56336,0,-0.6911256525255594,13.582,13.174200000000004,12.4206,12.624095543083396,14.198133169429102,10.643066830570897,1.9687929908283817,78.21812596006146,66057.3,2.7267294187957583,-1.170703153581621,7.223942208462342,-0.0069352498719893
2013-02-19,13.684,13.947,13.32,13.91,188356,0,2.9836381135707413,13.643800000000002,13.3316,12.5396,12.746562634218312,14.383516815111856,10.695683184888145,1.816207178103573,80.42517945886252,73573.05,4.707207207207198,1.6515638702133943,12.759403372243838,0.0293999363567244
2013-02-20,13.873,13.986,13.507,13.582,63043,0,-2.3580158159597353,13.6476,13.466500000000002,12.6446,12.826128097626093,14.47405023666146,10.815149763338542,2.0559699183514297,77.18600953895074,68952.55,3.546309321092774,-2.0975996540041706,11.02754843456224,-0.0238626192437518
2013-02-21,13.545,13.675,13.413,13.591,34010,0,0.0662641731703717,13.6382,13.550900000000002,12.7496,12.898973040709322,14.540929926412993,10.95827007358701,1.749153351465203,76.95396145610279,67920.9,1.953328860061138,0.3396087117017303,6.621165764493608,0.0006624222816105
2013-02-22,13.628,13.684,13.525,13.591,51056,0,0.0,13.6362,13.593,12.8513,12.964880370165575,14.58765432959242,11.11494567040758,1.48256960989996,68.29896907216497,68081.4,1.1756007393715262,-0.2714998532433285,3.1966590736522305,0.0
2013-02-25,13.658,14.032,13.545,13.554,75038,0,-0.2722389816790405,13.645599999999998,13.6138,12.9525,13.02098700157838,14.598165758735137,11.306834241264866,1.4474962033294991,74.43820224719103,66708.7,3.595422665190108,-0.7614584858690819,1.5585194065637742,-0.0027261022592889
2013-02-26,13.61,13.826,13.451,13.498,51412,0,-0.413162166150216,13.5632,13.6035,13.0439,13.066416810951868,14.589672489557657,11.49812751044234,1.3165646120528645,75.86912065439671,67063.75,2.787896810646049,-0.8229243203526826,-0.7572972575546011,-0.0041401803927064
2013-02-27,13.479,13.638,13.423,13.489,88705,0,-0.066676544673272,13.5446,13.596100000000002,13.13305,13.106662828956452,14.554605334280255,11.711494665719746,1.3144907098511764,69.12371134020623,69712.1,1.6017283766669137,0.0741894799317572,-0.545602005456014,-0.0006669878336719
2013-02-28,13.469,13.572,13.217,13.441,102909,0,-0.3558455037437902,13.514600000000002,13.576399999999998,13.2286,13.138504464293932,14.437458600411588,12.019741399588412,1.2997374716464352,58.658146964856265,72694.65,2.6859347809639,-0.207884772440409,-1.4444933274673666,-0.0035648013985313
2013-03-01,13.339,13.525,13.339,13.507,55466,0,0.4910348932370967,13.497800000000002,13.566999999999998,13.3251,13.17359927721832,14.254711101482544,12.395488898517458,1.3133258616855186,55.53264604810997,71488.7,1.394407376864832,1.2594647274908108,-0.6911256525255594,0.0048983324896156
2013-03-04,13.498,13.591,13.423,13.563,114165,0,0.4145998371215098,13.4996,13.5726,13.3734,13.210685060340383,14.242113361968574,12.504686638031426,1.300924987811778,48.4872611464968,72530.55,1.2515831036280956,0.4815528226404007,0.4145998371215098,0.0041374274019508
2013-03-05,13.582,14.06,13.441,13.929,73694,0,2.698518026985175,13.5858,13.5745,13.45305,13.279096006974632,14.205625780412005,12.700474219587996,1.230688382941374,61.55303030303032,74226.05,4.605312104754108,2.5548520100132492,0.1365923795830337,0.0266275007253165
2013-03-06,14.06,14.482,13.92,14.116,96504,0,1.342522794170442,13.7112,13.6279,13.547199999999998,13.358801149167524,14.102358621239384,12.992041378760613,0.9633702207979502,64.09198113207549,74991.05,4.037356321839076,0.3982930298719713,3.931674274775432,0.0133359081071293
2013-03-07,14.163,14.622,13.891,14.557,76061,0,3.124114480022677,13.9344,13.7245,13.6377,13.472915325437285,14.232329685735134,13.043070314264869,1.2817177682340872,72.76190476190477,73868.5,5.262400115182491,2.781896490856458,7.107644764917964,0.0307630717695002
2013-03-08,14.716,14.716,14.463,14.622,36103,0,0.4465205742941514,14.1574,13.8276,13.7103,13.582351961109923,14.409805720227606,13.010794279772394,1.2623977995156843,76.91936262675043,74302.85,1.749291295028695,-0.6387605327534617,7.585902435435221,0.0044552662886003
2013-03-11,14.697,14.914,14.425,14.632,83595,0,0.0683900971139461,14.371199999999998,13.935399999999998,13.7746,13.682318441004218,14.563782228305506,12.985417771694497,1.2363487283014996,71.51370679380219,75980.05,3.389948006932402,-0.4422671293461216,7.953371698391609,0.0006836672174404
2013-03-12,14.547,14.81,14.257,14.612,74000,0,-0.1366867140513927,14.5078,14.0468,13.82515,13.77085954186096,14.693098161197357,12.957201838802645,1.209629059485869,87.5912408759125,73959.4,3.8787963807252632,0.4468275245755104,8.253074529559946,-0.0013678021555284
2013-03-13,14.697,14.791,14.547,14.594,58891,0,-0.123186422118815,14.6034,14.1573,13.876700000000003,13.849253871207535,14.799806448785311,12.953593551214691,1.2142646227019134,86.36693255982603,74203.4,1.677321784560389,-0.7008232972715505,8.191860034101861,-0.0012326235896077
2013-03-14,14.688,14.988,14.538,14.95,62613,0,2.4393586405372147,14.682,14.3082,13.9423,13.954086835854437,14.974061314706974,12.910538685293025,1.240829906905107,89.16426512968305,73966.15,3.0953363598844357,1.783769063180819,11.226843240830275,0.0241008144932671
2013-03-15,14.998,15.09,13.813,13.956,364425,0,-6.648829431438131,14.5488,14.3531,13.96005,13.954269041963538,14.97922664911673,12.940873350883267,2.75070445109269,57.46656760772659,90319.1,9.244914211250263,-6.9475930124016525,3.324202265491971,-0.0688017765121677
2013-03-18,13.787,15.401,13.787,15.138,167169,0,8.469475494411016,14.65,14.5106,14.0416,14.067005323681297,15.163931107912909,12.919268892087093,3.761339763360633,71.47721320062863,95860.75,11.706680205991145,9.799086095597294,11.612475116124754,0.0812986155624481
2013-03-19,15.063,15.307,15.016,15.251,116894,0,0.7464658475359931,14.7778,14.6428,14.10865,14.179766721425937,15.351621359283689,12.865678640716313,3.723548536010401,72.46302906680265,92287.65,1.9379328716036253,1.2480913496647337,9.490990020819856,0.0074369357870709
2013-03-20,15.297,15.7,15.119,15.654,64513,0,2.6424496754311244,14.9898,14.796599999999998,14.21225,14.320169890813942,15.606579248287906,12.817920751712096,3.760398022862062,75.87093757306522,92361.15,3.842846749123616,2.333790939399878,10.895437801076802,0.0260814007085997
2013-03-21,15.7,15.719,15.55,15.616,50234,0,-0.2427494570077959,15.123,14.9025,14.3135,14.443582282164996,15.808351726496666,12.818648273503335,3.7096960357027977,74.8176041421511,93172.35,1.0868167202572263,-0.5350318471337556,7.274850587346293,-0.0024304457119097
2013-03-22,15.654,16.057,15.654,15.869,39014,0,1.6201331967213184,15.505599999999998,15.0272,14.4274,14.579336350530234,16.03346566032111,12.82133433967889,3.717018791017431,75.93342330184434,92570.25,2.574421873003697,1.373450875175673,8.528245110108056,0.0160714909099686
2013-03-25,16.066,16.515,16.009,16.31,71622,0,2.779003087781206,15.739999999999998,15.195000000000002,14.5652,14.744161460003545,16.321628865025353,12.808771134974643,3.7496657752973297,76.33266976332669,92399.45,3.1607220938222262,1.5187352172289292,11.468015308911973,0.0274108960522172
2013-03-26,16.31,16.403,16.216,16.356,42310,0,0.2820355610055447,15.961000000000002,15.3694,14.708099999999998,14.89766989238416,16.561324319651263,12.854875680348735,3.735957451758064,75.57077625570777,91944.35,1.1531820424272177,0.282035561005536,11.93539556528882,0.0028163858694736
2013-03-27,16.187,16.394,15.569,15.738,70578,0,-3.778429933969196,15.977800000000002,15.4838,14.82055,14.977701331204717,16.634831412048523,13.006268587951478,4.045409757436875,62.95808646039059,91038.0,5.298991585843647,-2.773830851918216,7.83883787858024,-0.0385166323896043
2013-03-28,15.738,15.85,15.053,15.326,88942,0,-2.6178675816495023,15.9198,15.5214,14.9148,15.010872632994744,16.61989090358057,13.20970909641943,4.137058503593408,57.17781402936378,90339.65,5.294625656015404,-2.6178675816495045,2.5150501672240866,-0.0265274375645789
2013-04-01,15.053,15.466,15.006,15.418,91908,0,0.6002870938274674,15.8296,15.667599999999998,15.01035,15.049646667947624,16.593056180132965,13.427643819867033,3.33702045240021,57.882069795427185,92161.75,3.0654404904704724,2.424765827409808,10.475781026081975,0.0059849254888577
2013-04-02,15.391,15.729,15.109,15.503,74510,0,0.5513036710338648,15.668200000000002,15.7041,15.10735,15.092823175762137,16.547982649768308,13.666717350231693,2.0857441529673313,58.82003563650762,90179.0,4.103514461579186,0.7276980053277896,2.411150746465851,0.0054978955471547
2013-04-03,15.503,15.625,15.031,15.166,59438,0,-2.1737728181642213,15.4302,15.695600000000002,15.1692,15.099792397118124,16.498757045350672,13.839642954649326,2.210496061387155,55.325884543761646,89466.2,3.9518328787173136,-2.173772818164225,-0.557340502262138,-0.0219774733054812
2013-04-04,15.063,15.269,14.923,15.213,37731,0,0.3099037320321685,15.3252,15.651500000000002,15.224050000000002,15.110574073583065,16.457717783481236,13.990382216518766,2.0107644072055626,52.59830073108082,86527.55,2.3185686524157347,0.9958175662218588,-2.817171330011503,0.0030942452022478
2013-04-05,14.969,15.073,14.612,14.632,55366,0,-3.819102083744163,15.1864,15.5531,15.227799999999998,15.064995590384678,16.453359653039133,14.002240346960866,2.302806574303058,57.27194492254733,85492.8,3.1549411442649897,-2.251319393413052,-6.301229508196727,-0.0389394143924271
2013-04-08,14.632,14.81,14.022,14.781,113453,0,1.0183160196828966,15.059,15.444299999999998,15.23575,15.037948391300423,16.446739656177098,14.0247603438229,2.2447551137596258,45.062240663900425,89360.3,5.619740407930396,1.018316019682893,-6.85613460205432,0.0101316611413712
2013-04-09,14.791,15.616,14.791,15.344,41221,0,3.808943914484808,15.0272,15.347699999999998,15.271349999999998,15.067096163557526,16.44901160361586,14.093688396384136,2.436758343014698,51.14391143911439,87241.6,5.577716178757348,3.7387600567912855,-5.9227467811158725,0.0373819459111466
2013-04-10,14.576,15.109,14.248,15.006,120591,0,-2.202815432742433,14.9952,15.212700000000002,15.291050000000002,15.061277481313953,16.43496929693237,14.147130703067637,2.465404218757983,41.9,89571.15,6.0429533969680005,2.9500548847420394,-8.253851797505508,-0.0222743970175453
2013-04-11,14.857,15.053,14.718,14.96,72576,0,-0.3065440490470417,14.9446,15.134899999999998,15.309349999999998,15.0516320069031,16.417467089575837,14.201232910424158,2.238093801196782,41.81636726546907,90255.4,2.276124473433896,0.6932758968836342,-4.943448976998344,-0.0030701485772057
2013-04-12,14.96,14.998,14.641,14.791,41793,0,-1.1296791443850318,14.976400000000002,15.0814,15.301399999999996,15.026809911007566,16.422576712678303,14.180223287321692,2.1271013057866037,36.26401630988788,89214.4,2.4383580356532977,-1.1296791443850298,-3.4907999478011265,-0.0113610848570982
2013-04-15,14.763,14.801,13.684,13.76,76209,0,-6.970455006422826,14.772200000000002,14.9156,15.291600000000004,14.906161348054464,16.464524262821474,14.118675737178531,2.946830414524113,21.75454142667259,74803.6,8.162817889506,-6.794012057169953,-10.753664547930985,-0.0722530551840353
2013-04-16,14.201,14.586,13.873,14.463,48031,0,5.109011627906979,14.596,14.811600000000002,15.25785,14.863955505382611,16.486886640282705,14.028813359717295,3.5248885591135255,31.69599690582089,68846.7,5.139479564621935,1.8449404971480787,-6.708379023414834,0.0498278315863973
2013-04-17,14.314,14.519,13.424,13.675,57582,0,-5.448385535504386,14.3298,14.6625,15.17905,14.750721647727124,16.597440559383017,13.760659440616982,3.8231465774992146,30.68713724021717,65881.1,8.157032181168063,-4.464160961296628,-9.831201371488852,-0.0560243157835499
2013-04-18,13.658,14.097,13.658,14.075,74750,0,2.925045703839113,14.1528,14.5487,15.1001,14.686367205086446,16.581556452634413,13.61864354736559,4.005013358932188,38.26233814974664,66392.95,3.214233416312784,3.053155659686629,-7.480444356800109,0.028830825717709
2013-04-19,14.012,14.201,13.451,13.469,65614,0,-4.305506216696264,13.8884,14.4324,14.992749999999996,14.570427471268689,16.620712352467688,13.364787647532308,4.049785764063347,33.32192366934791,67161.95,5.575793621292098,-3.875249785897809,-7.948332422088578,-0.0440094254090762
2013-04-22,13.628,13.797,13.192,13.619,94597,0,1.1136684237879502,13.8602,14.3162,14.88025,14.47981533114786,16.563291842054074,13.197208157945925,4.054521910349988,34.05551794177384,69941.1,4.586112795633721,-0.0660405048429728,-7.861443745348762,0.0110751279701424
2013-04-23,13.638,14.191,13.638,14.032,69032,0,3.0325280857625314,13.774,14.185,14.76635,14.437166251990922,16.347213891074997,13.185486108925003,3.96414602997854,40.52473262032084,69811.6,4.054846751723132,2.888986654934742,-8.550573514077165,0.0298745590430068
2013-04-24,14.06,14.135,13.9,14.069,24252,0,0.2636830102622722,13.852800000000002,14.0913,14.652,14.40210279942036,16.071315031236637,13.232684968763364,3.945117818369936,40.42517576163375,68908.7,1.6906474820143842,0.0640113798008559,-6.244168999067035,0.0026333597652491
2013-04-25,14.116,14.603,14.116,14.35,32156,0,1.9972990262278725,13.9078,14.0303,14.5826,14.39714062804699,15.911164147768694,13.254035852231304,4.028703973825943,47.51498061332393,66987.6,3.4499858316803635,1.6576933975630488,-4.077540106951883,0.0197761468105538
2013-04-26,14.35,14.379,14.097,14.219,31612,0,-0.9128919860627248,14.0578,13.9731,14.52725,14.380174853947278,15.817083261357752,13.237416738642244,4.024571313686712,45.03182461103252,64121.1,2.000425622472867,-0.9128919860627194,-3.8672165506051015,-0.0091708437913927
2013-04-29,14.135,14.473,14.022,14.417,37712,0,1.3925029889584328,14.2174,14.0388,14.4772,14.383682010714203,15.69729932296279,13.25710067703721,3.291033117271361,41.23984123984123,61411.3,3.216374269005851,1.9950477538026177,4.774709302325575,0.0138289674155292
2013-04-30,14.34,14.529,14.191,14.473,60959,0,0.388430325310396,14.305600000000002,14.0398,14.4257,14.39218848588428,15.546391346775,13.305008653225,2.8708648848784715,44.67957676182871,60733.75,2.381791276160941,0.9274755927475654,0.069141948420115,0.0038767788257007
2013-05-01,14.473,14.473,13.807,13.873,90825,0,-4.145650521661038,14.2664,14.0596,14.36105,14.34274196341911,15.450675618950475,13.271424381049524,2.611774338883039,40.2300916771526,62303.1,4.823640182516117,-4.145650521661034,1.4478976234003629,-0.0423403395568791
2013-05-02,13.938,14.425,13.9,14.379,84582,0,3.647372594247811,14.272199999999998,14.09,14.319349999999996,14.346195109760147,15.332871692442817,13.305828307557178,2.704622790775814,46.508474576271176,64645.65,3.7769784172661898,3.1640120533792433,2.159857904085261,0.0358243037470153
2013-05-03,14.529,15.934,14.435,15.869,120452,0,10.36233395924613,14.6022,14.330000000000002,14.381200000000002,14.491224146925848,15.60435220036702,13.158047799632982,3.7403321727523786,66.58279603711276,67899.95,10.384482161413224,9.22293344345791,17.818694780607313,0.0985987117351013
2013-05-06,16.075,16.15,15.344,15.447,88200,0,-2.659272796017398,14.8082,14.5128,14.4145,14.582250418647195,15.717160678037372,13.111839321962629,3.98959514615702,58.09476801579467,66637.3,5.252867570385813,-3.906687402799379,13.42242455393201,-0.0269527108485913
2013-05-07,15.541,15.597,15.147,15.222,65096,0,-1.45659351330355,14.958000000000002,14.631799999999998,14.4084,14.643178950204604,15.693761698019808,13.123038301980191,4.029925034031114,64.0253853127833,67831.05,2.970885323826496,-2.052634965574936,8.480615735461793,-0.0146730598869141
2013-05-08,15.147,15.147,14.914,15.082,64865,0,-0.9197214557876698,15.1998,14.7331,14.4122,14.6849714311375,15.705425848309709,13.11897415169029,4.06748684290982,59.581351094196016,65044.75,1.5622904653345886,-0.4291278801082689,7.200227450422925,-0.0092397700647444
2013-05-09,15.035,15.457,14.998,15.185,22301,0,0.6829332979710889,15.361,14.8166,14.42345,14.732593199600595,15.740437067833858,13.10646293216614,4.04457081079795,68.05555555555556,62531.0,3.060408054407264,0.9976720984369828,5.818815331010452,0.0068061187172567
2013-05-10,15.232,15.466,15.09,15.157,58524,0,-0.1843924925913787,15.2186,14.9104,14.441750000000004,14.773012894876729,15.79004059416556,13.093459405834446,4.020020050678509,66.60907127429806,63367.55,2.4917163684559274,-0.4923844537815079,6.596807089106127,-0.0018456270481922
2013-05-13,15.344,15.907,15.344,15.775,102682,0,4.07732400870886,15.284199999999998,15.046200000000002,14.5425,14.868440238221805,15.974813329437286,13.110186670562712,4.157897710681573,68.0248190279214,64691.2,3.669186652763299,2.808915537017733,9.419435388777142,0.0399639369777571
2013-05-14,15.888,16.319,15.382,16.141,57644,0,2.320126782884291,15.468,15.213,14.6264,14.989636406010202,16.225927877712188,13.026872122287813,4.172245014201215,70.06196746707977,65171.85,6.091535561045374,1.592396777442084,11.52490845021763,0.0229362103638655
2013-05-15,16.375,16.497,16.038,16.413,40796,0,1.6851496189827175,15.7342,15.467000000000002,14.7633,15.12519484353304,16.48405688365065,13.042543116349352,3.730498144348593,70.00969932104752,64332.55,2.86195286195286,0.2320610687022916,18.308945433576017,0.016711084958656
2013-05-16,16.319,16.544,15.7,15.878,37065,0,-3.259611283738506,15.872800000000002,15.616899999999998,14.85345,15.196890572720369,16.610902040222925,13.095997959777076,3.972844257657111,64.92174851592013,62448.3,5.375796178343957,-2.7023714688399965,10.424925238194604,-0.0331392004468769
2013-05-17,15.991,16.066,15.579,15.7,46755,0,-1.1210479909308568,15.981400000000002,15.6,14.965,15.244805756270807,16.633412797588594,13.296587202411406,2.29005204327149,61.58151290846722,61505.35,3.1260029526927164,-1.81977362266275,-1.0649694372676266,-0.0112737909486593
2013-05-20,15.663,16.187,15.597,15.934,51766,0,1.4904458598726134,16.0132,15.6487,15.08075,15.310443303292637,16.675569887537055,13.485930112462944,2.1426830702713744,62.77768060171417,59363.8,3.7827787395011967,1.7301921726361429,3.152715737683698,0.0147944786039119
2013-05-21,15.934,16.168,15.606,15.644,40406,0,-1.8200075310656372,15.9138,15.6909,15.16135,15.342210607740958,16.69475601620243,13.627943983797568,2.179150899503969,66.37691880895136,57932.5,3.601179033704981,-1.8200075310656407,2.772303245302865,-0.0183677340649065
2013-05-22,15.635,15.982,14.96,15.166,89514,0,-3.055484530810537,15.6644,15.6993,15.216199999999995,15.32542864509896,16.6610062481649,13.771393751835095,2.4044599727897507,57.315486149841995,61195.6,6.831550802139026,-2.999680204669008,0.5569553109667114,-0.0310313766145239
2013-05-23,14.988,15.326,14.622,15.157,46039,0,-0.059343267835954,15.5202,15.6965,15.25655,15.309387821756204,16.64341309801331,13.869686901986691,2.395271543379584,40.86711133914828,61889.75,4.814662836821233,1.1275687216439851,-0.1843924925913787,-0.0005936088292239
2013-05-24,15.175,15.916,14.998,15.513,47326,0,2.348749752589563,15.4828,15.7321,15.32125,15.328779457779422,16.62239392989987,14.02010607010013,2.504214474877166,50.861169102296465,62675.45,6.120816108814515,2.2273476112026307,2.348749752589563,0.0232159106326742
2013-05-28,15.813,16.3,15.719,15.925,56264,0,2.6558370399020204,15.481,15.7471,15.39665,15.385562366562334,16.65109695719689,14.142203042803107,2.2951062119361847,58.74595670564818,63603.05,3.696163878109303,0.7082779991146532,0.9508716323296308,0.0262118193760329
2013-05-29,15.907,16.113,15.442,15.794,41539,0,-0.8226059654631079,15.511,15.7124,15.462699999999998,15.424461188794494,16.649671573285964,14.275728426714034,2.1720021261517393,58.87780548628428,62632.05,4.3452920606139065,-0.7103790783931574,-2.149804844805137,-0.0082600803828378
2013-05-30,16.018,16.038,15.587,15.738,45639,0,-0.3545650246929321,15.6254,15.644899999999998,15.55595,15.454322027956923,16.481268147278918,14.63063185272108,2.069072893156933,56.97703759777944,60372.75,2.8934368383909703,-1.7480334623548577,-4.112593675744836,-0.0035519509625977
2013-05-31,15.597,15.878,15.372,15.738,60340,0,0.0,15.7416,15.6309,15.6239,15.481338977675312,16.36695228263987,14.880847717360131,1.8088712665606608,57.382465057179154,59160.65,3.291699193338539,0.9040200038468938,-0.881723138934376,0.0
2013-06-03,15.888,16.178,15.485,15.897,62965,0,1.0102935569958005,15.8184,15.650599999999995,15.6253,15.520925741706234,16.37039938581126,14.88020061418874,1.797294737766321,51.7548906789413,56286.3,4.475298676138208,0.0566465256797604,1.254777070063695,0.010052242065943
2013-06-04,15.897,16.103,15.157,15.335,56082,0,-3.535258224822291,15.700400000000002,15.590699999999998,15.6197,15.503218528210402,16.37208962470777,14.86731037529223,2.060845289407939,39.02505446623098,54680.4,6.241340634690252,-3.5352582248222895,-3.75925693485627,-0.0359926146125198
2013-06-05,15.335,15.41,14.998,15.09,22948,0,-1.5976524290838068,15.5596,15.5353,15.6131,15.463864382666554,16.382306535812273,14.843893464187726,2.0445158972070288,31.851851851851865,52573.0,2.7470329377250353,-1.5976524290838017,-3.5412937867553063,-0.0161055247864574
2013-06-06,15.044,15.344,14.622,15.185,52474,0,0.6295559973492404,15.449000000000002,15.537200000000002,15.61825,15.437305870031643,16.373741579248417,14.862758420751584,1.8207455443030025,39.18876755070205,51953.45,4.937765011626313,0.9372507311885138,0.1252802320981239,0.0062758257179545
2013-06-07,15.307,15.438,15.044,15.316,21148,0,0.8626934474810666,15.3646,15.5531,15.624800000000002,15.42575293002863,16.3666238122496,14.882976187750405,1.8391126512628049,43.92020265991137,51895.8,2.618984312682798,0.0587966289932732,1.049020254667821,0.0085899351173359
2013-06-10,15.391,15.513,15.016,15.447,26412,0,0.8553147035779585,15.2746,15.5465,15.6393,15.427776460502091,16.353444051515705,14.925155948484296,1.6928104129001582,42.02945990180033,50290.2,3.309802876931273,0.363849002663889,-0.425449622896934,0.0085167761170659
2013-06-11,15.251,15.344,14.998,15.09,18031,0,-2.31112837444164,15.2256,15.463,15.60505,15.395607273787608,16.356520551301355,14.853579448698646,1.5390041725824866,41.12748238308776,46057.65,2.306974263235099,-1.0556684807553576,-5.2433281004709675,-0.0233825369523564
2013-06-12,15.1,15.132,14.35,14.641,56141,0,-2.975480450629553,15.1358,15.3477,15.53005,15.323739914379264,16.352371866808284,14.707728133191717,1.7244597766498408,41.51309408341416,45982.5,5.449477351916377,-3.039735099337746,-7.300240597695328,-0.0302064605684123
2013-06-13,14.678,14.998,14.07,14.81,57154,0,1.1542927395669755,15.0608,15.2549,15.4499,15.274812303486,16.220737384721122,14.67906261527888,1.82515966319446,44.66646172763604,46800.4,6.595593461265096,0.8993050824362969,-5.89655610623967,0.0114768160683623
2013-06-14,14.745,15.175,14.06,15.053,49361,0,1.6407832545577428,15.0082,15.1864,15.40865,15.25368732220162,16.171281531364308,14.646018468635692,1.9534119814331856,42.675159235668815,47415.2,7.930298719772405,2.0888436758223237,-4.3525225568687205,0.0162746785986595
2013-06-17,15.241,15.85,15.241,15.635,32176,0,3.866338935760316,15.0458,15.160199999999998,15.4054,15.290002815325275,16.163343311308562,14.64745668869144,2.3544676684708863,45.61933534743201,46686.25,3.99580080047241,2.585132209172627,-1.64810970623388,0.0379346840314377
2013-06-18,15.756,15.785,15.606,15.738,26224,0,0.6587783818356341,15.1754,15.2005,15.395599999999998,15.332669213865724,16.12945138320444,14.661748616795558,2.034474476681113,49.14686166971358,45409.15,1.1469947456106644,-0.1142421934501185,2.627975220084755,0.0065661792029871
2013-06-19,15.7,15.7,15.1,15.194,19063,0,-3.456601855381869,15.286,15.2109,15.373100000000004,15.319462622068988,16.102464510703108,14.6437354892969,2.29338873738696,42.78514588859419,44342.0,3.973509933774832,-3.2229299363057224,0.6891981444665296,-0.0351775570317616
2013-06-20,15.044,15.269,14.529,14.669,22627,0,-3.4553113070949104,15.2578,15.159300000000002,15.348250000000002,15.25751380091956,16.13863774628228,14.557862253717722,2.5378520812107896,37.55529685681024,40997.65,5.093261752357356,-2.492688114863068,-3.3980902206124486,-0.0351641895754041
2013-06-21,14.772,15.025,14.538,14.894,79512,0,1.533846887995094,15.226000000000004,15.1171,15.3351,15.222893438927224,16.147334578509074,14.522865421490929,2.5809957654412847,38.50034395780784,42671.3,3.3498417939193845,0.8258868128892491,-2.755288587098459,0.015222023782828
2013-06-24,14.829,14.88,14.327,14.482,31359,0,-2.7662145830535834,14.9954,15.020599999999998,15.28355,15.152332159029392,16.1752281281438,14.391871871856202,2.6616570947853773,39.87176442650199,41872.95,3.8598450478118296,-2.3400094409602894,-6.247167734835246,-0.0280519483218248
2013-06-25,14.753,14.753,14.032,14.097,53741,0,-2.6584725866592995,14.6672,14.9213,15.192150000000002,15.051824334359926,16.176879783934627,14.207420216065376,2.6884394634822035,38.58883015398758,41746.8,5.138255416191563,-4.4465532434081245,-6.580516898608357,-0.0269444901778406
2013-06-26,14.266,14.266,13.828,13.947,26357,0,-1.0640561821664174,14.4178,14.8519,15.099800000000002,14.94660296918279,16.18788331724307,14.011716682756932,2.569728675951132,35.95097594189738,40987.7,3.167486259762805,-2.2360857984018003,-4.740113380233602,-0.0106975774122309
2013-06-27,14.06,14.238,13.779,14.06,26004,0,0.8102100810210233,14.296,14.7769,15.015900000000002,14.86216459116538,16.15438891541633,13.877411084583676,2.548003056980634,35.68824065633545,40005.95,3.331156107119527,0.0,-5.064145847400403,0.0080694550059616
2013-06-28,14.069,14.594,14.069,14.482,65353,0,3.001422475106686,14.2136,14.7198,14.9531,14.825958439625822,16.06205776579423,13.844142234205773,2.7058168791204027,39.687967514426155,40256.6,3.7316085009595463,2.9355320207548403,-3.7932638012356463,0.0295726125841101
2013-07-01,14.566,14.622,14.379,14.463,27684,0,-0.1311973484325324,14.2098,14.6026,14.8814,14.791390969185269,15.916359729701984,13.846440270298014,2.274039548283192,42.7781617138908,38492.55,1.6899645316085985,-0.7071261842647366,-7.496002558362647,-0.001312834875034
2013-07-02,14.482,14.566,13.986,14.181,33675,0,-1.949802945446999,14.2266,14.446900000000005,14.8237,14.733258495929528,15.880621467978218,13.76677853202178,2.243541506631346,44.48969813128892,37372.2,4.147004147004147,-2.078442204115455,-9.893252001524978,-0.0196906236123858
2013-07-03,14.097,14.407,14.069,14.407,8964,0,1.5936816867639925,14.318599999999998,14.368199999999998,14.78955,14.702186258221952,15.854349753845309,13.724750246154692,2.2005203656998846,45.23753249822736,36673.0,2.402445092046337,2.199049443143935,-5.179676187968941,0.015811159100127
2013-07-05,14.66,14.735,14.397,14.651,21617,0,1.693621156382319,14.4368,14.3664,14.76285,14.69731137648653,15.812571822800075,13.713128177199923,2.030216724089308,45.250472589792054,35130.15,2.347711328749039,-0.0613915416098249,-0.1227077510396079,0.0167943929398401
2013-07-08,14.651,15.175,14.651,15.025,24840,0,2.5527267763292727,14.5454,14.379500000000002,14.7483,14.728519816821146,15.773520304950972,13.723079695049028,2.1380959820528216,42.420477137176945,35314.75,3.576547675926564,2.5527267763292647,0.8795488116019934,0.0252068879020954
2013-07-09,15.073,15.232,14.81,15.016,22453,0,-0.0599001663893483,14.656,14.4329,14.72675,14.755898881885798,15.707277006525509,13.746222993474492,1.890817537806498,40.814249363867695,35116.8,2.8494260634706197,-0.3781596231672552,3.687336003314456,-0.0005991811370635
2013-07-10,15.016,15.438,14.919,15.326,13808,0,2.064464571124147,14.885,14.5558,14.73855,14.810194226468104,15.742874643466068,13.734225356533932,1.6180346567562651,51.78571428571427,34905.65,3.478785441383472,2.0644645711241374,8.718166985883524,0.020434433264005
2013-07-11,15.644,15.785,15.513,15.756,29467,0,2.8056896776719187,15.1548,14.7367,14.794299999999998,14.900270966804475,15.89498879869766,13.693611201302335,1.571174295660593,65.09302971396832,33571.95,1.7533681428479355,0.7159294298133476,12.970531297053146,0.0276705125604467
2013-07-12,15.766,15.907,15.719,15.738,32439,0,-0.1142421934501203,15.3722,14.9045,14.840699999999998,14.980054684251668,16.01963477342877,13.661765226571228,1.625408013505636,62.4337065409546,32336.2,1.1960048349131664,-0.1775973614106334,11.93456614509245,-0.0011430749958678
2013-07-15,15.747,15.888,15.597,15.823,46476,0,0.5400940399034271,15.5318,15.0386,14.8792,15.060335190513412,16.13510489080041,13.623295109199592,1.4942309725455991,71.86175415715682,32191.95,1.8657434121946552,0.4826316123706135,9.259770749896434,0.0053864076240546
2013-07-16,15.85,15.874,15.56,15.644,38428,0,-1.1312646148012415,15.6574,15.1567,14.879650000000002,15.115922315226422,16.136701064574115,13.622598935425888,1.6005630012758598,77.03600139811252,32504.55,2.0179948586118255,-1.2996845425867478,8.165664108414571,-0.0113771208435784
2013-07-17,15.766,16.178,15.766,16.122,17943,0,3.055484530810526,15.8166,15.350799999999998,14.89885,15.21173923758581,16.221139764405734,13.576560235594265,1.4174177802887855,84.10159924741295,32090.5,2.613218317899282,2.2580235950780154,13.687328115083574,0.0300973419681414
2013-07-18,16.207,16.394,15.991,16.038,20172,0,-0.5210271678451783,15.873,15.5139,14.94105,15.290430738768114,16.35377941872315,13.528320581276848,1.5225891863876715,81.29746835443035,32145.95,2.52016759427177,-1.042759301536376,11.320885680571946,-0.0052238924765722
2013-07-19,16.047,16.365,16.009,16.281,19216,0,1.5151515151515138,15.9816,15.6769,15.02165,15.384770668409246,16.548366362862176,13.494933637137825,1.51573958166299,80.17443810801743,31975.4,2.2237491411081147,1.458216489063365,11.125520442290624,0.0150378773645405
2013-07-22,16.291,16.356,15.7,15.71,23004,0,-3.507155580124055,15.959,15.745399999999998,15.062449999999998,15.415744890465508,16.61814155040436,13.506758449595637,1.9934769660000171,67.64789131050102,29150.0,4.178343949044601,-3.5663863482904645,4.559068219633944,-0.0357013314818475
2013-07-23,15.738,15.738,15.466,15.569,31381,0,-0.8975175047740258,15.944,15.8007,15.1168,15.43034061518308,16.66302999582841,13.570570004171593,2.03513237340056,70.45990566037739,29151.1,1.7586964955386024,-1.0738340322785531,3.6827384123601536,-0.0090156945599922
2013-07-24,16.009,16.009,15.56,15.794,21857,0,1.4451795234118991,15.8784,15.8475,15.201649999999995,15.4649748423085,16.69768310897767,13.705616891022324,1.9870667304747196,70.45119433795342,27556.9,2.8856041131105385,-1.3429945655568734,3.053634346861545,0.0143483633678516
2013-07-25,15.7,16.403,15.7,16.244,44202,0,2.8491832341395407,15.919600000000004,15.896300000000002,15.3165,15.539167714469595,16.758690074340347,13.874309925659652,1.993152633579677,72.14345287739785,28449.15,4.477707006369423,3.4649681528662457,3.097232800203087,0.028093488748662
2013-07-26,16.244,16.403,15.84,16.272,26541,0,0.1723713371090784,15.9178,15.949700000000002,15.4271,15.608961265472493,16.80123121261151,14.052968787388492,1.9882149327672436,69.17871424177176,28476.0,3.5542929292929215,0.1723713371090784,3.393061380099116,0.0017222294821527
2013-07-29,16.272,16.3,15.541,15.832,29670,0,-2.7040314650933928,15.942200000000003,15.9506,15.4946,15.630203049713206,16.8043793144767,14.184820685523295,2.206778080150136,61.080934274850655,26691.85,4.883855607747251,-2.704031465093398,0.0568792264425299,-0.0274126310059393
2013-07-30,15.953,16.141,15.522,15.888,16339,0,0.3537139969681524,16.006,15.975,15.56585,15.65475514021671,16.791691283621603,14.3400087163784,2.1697818997346907,58.19719953325556,26124.6,3.987888158742417,-0.4074468751958848,1.5597034006647803,0.003530899002552
2013-07-31,15.897,16.216,15.775,15.897,22384,0,0.0566465256797599,16.026600000000002,15.9525,15.65165,15.67782607924369,16.696172610674363,14.607127389325637,1.92052954849702,52.34452943132691,25560.05,2.795562599049133,0.0,-1.3956084852995931,0.0005663048759179
2013-08-01,15.934,16.375,15.907,16.356,45862,0,2.887337233440279,16.049,15.9843,15.749100000000002,15.742414071696672,16.659785779768818,14.838414220231186,2.132891003202896,58.961716937355035,27404.95,2.942100961840699,2.6484247521024376,1.9827908716797624,0.0284643903236612
2013-08-02,16.356,16.356,15.606,15.654,54296,0,-4.292002934702877,15.925400000000002,15.921600000000002,15.79925,15.733993683916037,16.552114809279914,15.04638519072009,2.4992808475919692,47.92127921279212,29038.9,4.8058439061899385,-4.292002934702872,-3.851114796388422,-0.0438683271197496
2013-08-05,15.756,15.888,15.654,15.71,28763,0,0.3577360419062314,15.901,15.921600000000002,15.833499999999995,15.731708571162129,16.49481718641819,15.172182813581806,2.2450563252114053,50.83713850837139,29235.05,1.4948256036795706,-0.291952272150288,0.0,0.0035709768848835
2013-08-06,15.747,15.756,15.466,15.71,72828,0,0.0,15.8654,15.9357,15.868200000000002,15.729641088194306,16.41114153993677,15.325258460063232,2.2219954075759336,44.05311778290994,31753.8,1.8750808224492497,-0.2349653902330541,0.9056458346714537,0.0
2013-08-07,15.7,15.717,15.513,15.606,52956,0,-0.6619987269255279,15.8072,15.916900000000002,15.8822,15.717865746461516,16.378730955201306,15.385669044798696,2.181122126182733,43.80022962112513,33711.2,1.3150261071359546,-0.5987261146496778,-1.1903254400405294,-0.0066419965729603
2013-08-08,15.635,15.7,15.166,15.232,19356,0,-2.3965141612200425,15.582400000000002,15.8157,15.856,15.671592818227085,16.429848320321913,15.282151679678089,2.0182525908695688,35.49100968188105,33205.65,3.521033891599624,-2.577550367764634,-6.229992612656988,-0.0242569776455599
2013-08-09,15.082,15.091,14.622,14.763,65832,0,-3.079044117647056,15.4042,15.6648,15.807250000000002,15.585060168872124,16.560820832768524,15.053679167231476,2.13449387979339,36.52149160261883,34875.3,3.2074955546436836,-2.1151040975997932,-9.273598820058991,-0.0312744274970586
2013-08-12,14.586,14.829,14.586,14.791,56421,0,0.1896633475580778,15.2204,15.5607,15.75565,15.509435390884304,16.635439753592166,14.87586024640783,2.0649669155464303,38.558823529411754,35372.55,1.665981077745786,1.4054572878102296,-6.57529055078323,0.001894837137282
2013-08-13,14.875,14.875,14.538,14.772,39189,0,-0.128456493813811,15.0328,15.449099999999998,15.71205,15.439203448895322,16.695462420845466,14.728637579154531,2.0442321886542425,34.00125234815279,35410.6,2.318063007291235,-0.6924369747899143,-7.02416918429003,-0.0012853906989162
2013-08-14,14.725,14.969,14.725,14.885,39118,0,0.7649607365285638,14.8886,15.3479,15.650200000000002,15.386422168048147,16.679575814958035,14.620824185041966,2.085474412412037,26.21631081554078,36469.35,1.6570458404074686,1.0865874363327683,-6.365981002704912,0.0076204974774229
2013-08-15,14.801,14.857,14.108,14.284,65276,0,-4.037621766879407,14.699000000000002,15.1407,15.5625,15.28142958061499,16.740853623984485,14.384146376015511,1.9295013592949997,21.02040816326536,38724.55,5.309044513751054,-3.4930072292412637,-12.668134018097344,-0.0412139647355376
2013-08-16,14.154,14.576,13.826,14.369,97592,0,0.5950714085690256,14.6202,15.012199999999998,15.4669,15.194531525318324,16.708365161560288,14.225434838439712,1.7008012549968596,26.211382113821145,42643.35,5.424562418631564,1.5190052282040405,-8.208764533026702,0.0059330785148675
2013-08-19,14.266,14.735,13.601,14.435,21296,0,0.4593221518546908,14.549,14.8847,15.403150000000002,15.122195189573722,16.72066828510213,14.085631714897875,1.7090309634349472,26.450567260940076,42557.95,8.337622233659278,1.1846347960185089,-8.11584977721197,0.0045827048678288
2013-08-20,14.473,14.978,14.388,14.857,18064,0,2.9234499480429443,14.566,14.7994,15.36755,15.096938504852414,16.704532852308855,14.030567147691144,2.077091049089129,35.13436249285306,41892.1,4.100639421740338,2.6532163338630452,-5.429662635264176,0.0288153215403173
2013-08-21,14.772,14.781,14.284,14.314,32200,0,-3.65484283502725,14.4518,14.6702,15.293550000000002,15.022372932961709,16.69349909305925,13.893600906940756,2.300668351668068,21.496370742601883,42409.25,3.479417530103611,-3.1004603303547262,-8.278867102396514,-0.03723305533881
2013-08-22,14.332,14.904,14.332,14.791,15749,0,3.3324018443481984,14.5532,14.6261,15.2209,15.000337415536784,16.562773301729436,13.879026698270565,2.5668959213735305,37.14626154304439,40986.6,3.991068936645263,3.202623499860449,-2.895220588235292,0.0327808083728272
2013-08-23,14.772,14.875,14.294,14.35,38800,0,-2.981542830099393,14.5494,14.5848,15.124800000000002,14.938400518818996,16.42434771079446,13.825252289205544,2.5551714751302304,31.82789951897379,41599.55,4.064642507345736,-2.856756024912,-2.7975343764817473,-0.0302689454836029
2013-08-26,14.36,14.504,14.266,14.369,46115,0,0.1324041811846754,14.5362,14.542600000000002,15.05165,14.88417189797909,16.348285204146148,13.755014795853851,2.554131339993693,32.17229460249932,42421.8,1.6683022571148152,0.0626740947075232,-2.853086336285582,0.0013231660414395
2013-08-27,14.294,14.417,14.135,14.294,43243,0,-0.5219569907439547,14.4236,14.4948,14.971949999999998,14.82796505055251,16.247923019843277,13.695976980156718,2.5549194517016964,32.422293676312975,43767.0,1.9950477538026177,0.0,-3.2358516111562374,-0.0052332394492823
2013-08-28,14.323,14.482,14.294,14.314,16977,0,0.1399188470686985,14.4236,14.437699999999998,14.8928,14.779015998118938,16.122724704584364,13.662875295415637,2.53355911178094,36.41207815275311,43496.65,1.3152371624457733,-0.0628359980451046,-3.836076587168291,0.0013982105186186
2013-08-29,14.191,14.477,14.191,14.314,36533,0,0.0,14.3282,14.4407,14.7907,14.734728760202849,15.834071276704613,13.74732872329539,2.179591520660794,42.28257133035407,43030.2,2.0153618490592597,0.8667465294905174,0.2100252030243554,0.0
2013-08-30,14.34,14.34,13.797,13.92,57204,0,-2.7525499510968277,14.2422,14.3958,14.704,14.657135544945437,15.733405142481816,13.674594857518182,2.33669677982127,36.702290076335856,43175.6,3.935638182213519,-2.928870292887029,-3.1247825179205213,-0.0279114244101321
2013-09-03,13.966,14.238,13.92,14.079,53112,0,1.1422413793103603,14.1842,14.3602,14.62245,14.602075016855393,15.571581120662538,13.673318879337463,2.370835667190253,39.85358711566618,44393.05,2.284482758620687,0.8091078333094753,-2.466227918254238,0.0113576705741168
2013-09-04,14.022,14.125,13.976,14.107,35453,0,0.1988777612046188,14.1468,14.2852,14.5423,14.554925015250117,15.3673652541974,13.7172347458026,2.111280583271427,38.3183183183183,42524.3,1.0661133371493927,0.6061902724290334,-5.048125462744835,0.0019868026119748
2013-09-05,14.116,14.586,14.088,14.482,23439,0,2.6582547671368806,14.1804,14.302,14.4861,14.547979775702489,15.14184221507479,13.830357784925209,2.00303771282506,53.18943298969071,41048.45,3.5349233390119332,2.5928024936242537,1.173676121279854,0.0262353708742637
2013-09-06,14.586,14.586,14.069,14.097,15860,0,-2.6584725866592995,14.137,14.2326,14.429350000000005,14.505029320873678,15.00483342149942,13.853866578500586,1.828726210451129,46.004700352526434,40873.65,3.674745895230645,-3.352529823118064,-4.692042458251644,-0.0269444901778406
2013-09-09,14.116,14.332,14.06,14.181,24560,0,0.5958714620131866,14.1892,14.215700000000002,14.40025,14.474169385552376,14.963423292951967,13.837076707048032,1.6195230377932628,46.28872004675626,38810.05,1.9345661450924625,0.4604703882119546,-1.1777003484320536,0.0059410316904205
2013-09-10,14.228,14.678,14.181,14.641,35224,0,3.2437768845638537,14.3016,14.2429,14.392749999999998,14.490058015499768,14.937713494672751,13.847786505327242,1.9380736613424512,46.87861271676302,37750.2,3.5046893731048705,2.9027270171492847,1.8929640197647757,0.0319227717321361
2013-09-11,14.632,14.922,14.501,14.753,33809,0,0.7649750700088775,14.4308,14.288799999999998,14.3918,14.515100109261695,14.934039255795764,13.849560744204236,1.9271651975298671,57.246616044899305,37481.2,2.9032480518585,0.826954620010938,3.2111375402266606,0.0076206397240847
2013-09-12,14.791,14.81,14.425,14.632,22374,0,-0.8201721683725349,14.4608,14.3206,14.37915,14.526233432189152,14.883418213928438,13.874881786071564,1.9614788967042855,47.02581369248035,36644.0,2.668977469670709,-1.0749780271786944,2.221601229565451,-0.0082355408468653
2013-09-13,14.669,14.904,14.135,14.763,21843,0,0.8952979770366243,14.594,14.3655,14.4031,14.54878262912352,14.933179596803154,13.873020403196849,1.9698596877297176,58.738891239949226,34472.35,5.440396179695791,0.6408071443179455,3.1367891574682227,0.0089131394633862
2013-09-16,14.941,14.941,13.938,14.304,32870,0,-3.1091241617557386,14.6186,14.403899999999998,14.399849999999995,14.525469997778425,14.931604306146069,13.868095693853926,2.0339779329420424,48.84052800570817,31236.25,7.196154398048502,-4.2634361823171165,2.758620689655178,-0.0315848321207925
2013-09-17,14.097,14.651,14.004,14.622,21695,0,2.223154362416113,14.6148,14.4582,14.409199999999998,14.534663331323337,14.95005491779671,13.868345082203287,2.111477560965402,55.38411030860144,31256.2,4.620108540417026,3.7241966375824673,3.8568080119326664,0.0219880254399659
2013-09-18,14.651,14.697,14.314,14.622,26543,0,0.0,14.5886,14.5097,14.39745,14.54298110929254,14.9066262077375,13.8882737922625,2.114508907904993,55.089226701916715,31680.15,2.675702109822545,-0.1979387072554768,3.6506698802013298,0.0
2013-09-19,14.641,14.696,14.529,14.594,16595,0,-0.1914922719190248,14.581,14.5209,14.41145,14.54784005126468,14.92633066067436,13.896569339325636,1.959612052027988,54.58415193189259,30899.9,1.1494252873563209,-0.3210163240215873,0.7733738433918003,-0.0019167585276957
2013-09-20,14.651,14.922,14.547,14.707,37799,0,0.7742908044401808,14.5698,14.5819,14.40725,14.562998141620424,14.910329725814846,13.904170274185152,1.7083585180917475,64.19040750090156,32002.4,2.577851103320272,0.3822264691829973,4.327161807476787,0.0077130855747483
2013-09-23,14.753,15.1,14.716,15.016,17634,0,2.10104032093561,14.7122,14.6654,14.440549999999998,14.606141175751812,15.01129189022953,13.869808109770467,1.788284589837818,66.02805336982551,30944.1,2.6094047295460747,1.7826882667931938,5.888160214371352,0.020792728366031
2013-09-24,14.697,14.969,14.669,14.922,22474,0,-0.6259989344698957,14.772200000000002,14.6935,14.4682,14.636222968537352,15.076680281218046,13.859719718781951,1.5529947409915434,63.633322181331565,29762.05,2.045129183993448,1.5309246785058273,1.919267809575853,-0.006279665234885
2013-09-25,14.979,14.979,14.463,14.482,25072,0,-2.9486663986060924,14.7442,14.6664,14.4776,14.62153506677189,15.080532622577378,13.874667377422623,1.823635415357676,50.0,28853.5,3.5677245384774943,-3.3179785032378657,-1.8369145258591568,-0.0299301350826936
2013-09-26,14.482,14.612,14.022,14.509,18869,0,0.186438337246253,14.7272,14.6541,14.48735,14.610817441365043,15.085430534974517,13.889269465025489,1.811511015228291,57.640949554896146,28948.1,4.207673655683925,0.1864383372462437,-0.840623291416065,0.0018626475669192
2013-09-27,14.379,14.379,14.154,14.219,25072,0,-1.998759390723004,14.6296,14.599700000000002,14.4826,14.573501494568374,15.087942321596138,13.87725767840386,1.8704653185714977,50.65472088215024,28375.05,1.5896566341670175,-1.112733847972739,-3.684887895414213,-0.0201900481193107
2013-09-30,13.826,14.275,13.826,14.145,105620,0,-0.5204304100147716,14.4554,14.5838,14.49385,14.532691828419004,15.062414313817689,13.925285686182312,1.60831350311719,40.14308426073133,30795.85,3.2475047012874283,2.3072472153912846,-1.1115771812080566,-0.0052178936607069
2013-10-01,14.097,14.529,14.097,14.219,49183,0,0.5231530576175425,14.3148,14.5435,14.50085,14.502816416188622,15.05106001731839,13.95063998268161,1.4135133532839546,39.225181598062946,30599.4,3.064481804639287,0.865432361495353,-2.7561209136916953,0.0052178936607069
2013-10-02,14.125,14.444,14.069,14.34,54517,0,0.8509740488079398,14.2864,14.5153,14.5125,14.487310090837324,15.03685684916168,13.98814315083832,1.4565377306567544,44.10815173527039,31552.6,2.6654346435425404,1.5221238938053088,-1.928600738613051,0.0084737367572369
2013-10-03,14.257,14.707,13.873,14.304,64989,0,-0.2510460251045954,14.2454,14.4863,14.5036,14.469851986948056,15.036115539678994,13.971084460321007,1.4566892161211729,40.3692824171213,33630.1,6.011677358898591,0.3296626218699628,-1.9871179936960304,-0.0025136167403159
2013-10-04,14.257,14.745,14.257,14.622,18267,0,2.223154362416113,14.326,14.477800000000002,14.52985,14.484342273905384,15.028666399088486,14.031033600911512,1.625615684938209,57.09188224799285,33750.45,3.4228799887774395,2.560145893245425,-0.5779560753382817,0.0219880254399659
2013-10-07,14.407,14.678,14.36,14.566,33393,0,-0.3829845438380497,14.4102,14.4328,14.5491,14.49211920020011,15.02017576773484,14.07802423226516,1.440304968512202,48.58585858585861,34192.1,2.214484679665748,1.103630179773726,-2.9968034096963136,-0.0038371980754007
2013-10-08,14.622,14.707,14.519,14.641,23470,0,0.5148977069888705,14.4946,14.4047,14.5491,14.506298323990576,15.02017576773484,14.07802423226516,1.4562197592711492,50.46228710462288,33604.4,1.2948550175631972,0.1299411845164828,-1.883125586382528,0.0051357664156216
2013-10-09,14.641,14.688,14.35,14.491,36593,0,-1.0245201830476058,14.5248,14.405599999999998,14.535999999999998,14.504841340753378,14.997679314539091,14.074320685460904,1.1432851708783471,47.63435920992192,33743.6,2.3554006968641183,-1.0245201830476085,0.0621461124154176,-0.010298045147558
2013-10-10,14.678,15.326,14.482,15.09,33500,0,4.133600165620033,14.682,14.4637,14.5589,14.560570736872103,15.081980712298346,14.035819287701653,1.7372509279021229,57.19113781449491,34299.9,5.827924319845334,2.8069219239678365,4.004411055207102,0.0405045057159703
2013-10-11,14.998,15.316,14.914,15.316,18670,0,1.4976805831676598,14.8208,14.573399999999998,14.58655,14.632516380979524,15.20485276181071,13.968247238189289,1.5399543705115164,55.8139534883721,34141.25,2.6954539358991623,2.1202827043605907,7.715029186300026,0.0148657608352905
2013-10-14,15.232,15.635,15.157,15.475,24750,0,1.0381300600678989,15.002599999999996,14.7064,14.645100000000005,14.712752916124332,15.364290158588195,13.925909841411809,1.4738140539331566,60.45368620037805,33735.25,3.1536583756680066,1.595325630252103,9.402615765288092,0.0103277849556116
2013-10-15,15.466,15.503,15.194,15.259,14829,0,-1.395799676898224,15.1262,14.8104,14.67695,14.764776447922015,15.446490525932331,13.907409474067666,1.645087524293574,66.0470879801735,33391.95,2.0336975121758543,-1.3384197594723843,7.314157113721076,-0.0140563256610612
2013-10-16,15.344,15.625,15.316,15.372,12802,0,0.7405465626843188,15.3024,14.9136,14.71445,14.822607262405633,15.543509701995736,13.885390298004264,1.6444842302689484,67.21180694056642,32704.9,2.017498041264033,0.1824817518248206,7.196652719665275,0.0073781797929989
2013-10-17,15.326,15.597,15.232,15.485,12162,0,0.7351027842831037,15.3814,15.0317,14.759,14.885692285033668,15.65394604365414,13.86405395634586,1.6096920969881592,77.16738197424897,32483.25,2.396271008403363,1.0374526947670557,8.25643176733779,0.0073241407225685
2013-10-18,15.587,15.907,15.363,15.859,42247,0,2.4152405553761636,15.49,15.1554,14.8166,14.978388257887604,15.836956057565242,13.796243942434756,1.6294803476279929,82.58555133079852,32705.65,3.5409750699733156,1.7450439468788108,8.459855012994112,0.0238653490912976
2013-10-21,15.982,16.207,15.888,16.122,28591,0,1.6583643357084288,15.6194,15.310999999999998,14.8719,15.087303661898307,16.04605123207746,13.69774876792254,1.588377092733147,83.75310393756655,33253.5,2.0078046324269945,0.8759854836691314,10.682411094329256,0.0164476363449453
2013-10-22,16.3,16.394,15.934,16.131,79802,0,0.0558243394119806,15.7938,15.46,14.932350000000003,15.186703313146088,16.23483641168771,13.629863588312295,1.6114281105830062,83.0809013668268,36119.9,2.886908497552398,-1.0368098159509231,10.176900484939557,0.0005580876342415
2013-10-23,16.075,16.337,15.963,16.113,27845,0,-0.1115863864608601,15.941999999999998,15.6222,15.0139,15.274922045227411,16.399263171081504,13.6285368289185,1.507408711998698,83.63703979174414,36258.55,2.342917997870078,0.2363919129082442,11.193154371678984,-0.0011164869042188
2013-10-24,16.075,16.488,16.028,16.44,49183,0,2.029417240737308,16.133,15.7572,15.11045,15.38588185044385,16.611940273729658,13.60895972627034,1.133864858068364,83.6916234247591,37774.25,2.8699775393062197,2.2706065318818163,8.946322067594448,0.020090990036602
2013-10-25,16.572,18.746,16.525,17.847,268849,0,8.558394160583948,16.5306,16.0103,15.29185,15.620274055163485,17.169398824790758,13.41430117520924,2.694753370879414,90.51617683378612,49963.1,13.440242057488655,7.693700217233903,16.52520240271611,0.0821180372458445
2013-10-28,18.063,18.56,17.659,17.809,142426,0,-0.2129209390934083,16.868000000000002,16.2437,15.47505,15.828724145147913,17.582389802239952,13.367710197760053,2.7507692583132073,89.481555333998,51803.4,5.102214168412707,-1.4061894480429489,15.082390953150249,-0.0021314793800097
2013-10-29,17.894,18.427,17.688,18.41,70200,0,3.3746981863102876,17.3238,16.558799999999998,15.6846,16.07455994084811,18.079868616954645,13.289331383045353,2.613147623162478,93.9054447680932,52854.25,4.1779737675260105,2.8836481502179603,20.650108132905174,0.0331900477511178
2013-10-30,18.41,19.027,18.41,18.897,59851,0,2.64530146659423,17.8806,16.9113,15.912449999999998,16.343363756005434,18.61626729957352,13.208632700426476,2.5865591794276366,93.74856354860952,53120.95,3.35143943508963,2.645301466594234,22.931303669008575,0.026109184062915
2013-10-31,18.934,19.112,18.672,18.738,108799,0,-0.8414033973646595,18.3402,17.2366,16.134149999999998,16.571424350671585,19.00465652232949,13.263643477670504,2.724367014215217,89.93930905695613,55311.45,2.3564695801199536,-1.035174817788114,21.007426541814667,-0.0084496317789051
2013-11-01,18.802,19.027,18.503,18.822,93670,0,0.4482869036183112,18.5352,17.532899999999998,16.34415,16.78576488870286,19.35972453895593,13.328575461044066,2.7584102471526384,89.76003801378,59081.6,2.831973193536188,0.106371662589084,18.683397439939455,0.0044728509075995
2013-11-04,19.037,19.431,18.822,18.858,125250,0,0.1912655403251584,18.744999999999997,17.8065,16.55875,16.9831206135883,19.65140982440244,13.46609017559756,2.803095271540913,94.66368826011416,63674.45,3.235575390500488,-0.940274202868091,16.970599181243017,0.0019108286068895
2013-11-05,18.914,19.047,18.699,18.831,86523,0,-0.1431753102131727,18.8292,18.076500000000003,16.768250000000002,17.159109126579892,19.881519993532653,13.654980006467351,2.8160605489246526,93.86254121227488,66827.1,1.8610620888817528,-0.4388283810933803,16.73795796912776,-0.0014327790399811
2013-11-06,18.991,19.072,18.906,18.906,53998,0,0.3982794328500905,18.831,18.3558,16.989,17.325479685953237,20.048020620704268,13.929979379295734,2.786209596225327,93.80281690140843,67697.35,0.878028139215066,-0.4475804328366113,17.33382982684788,0.0039748839996882
2013-11-07,19.037,19.15,18.802,18.868,38407,0,-0.200994393314291,18.857,18.5986,17.1779,17.47238638252912,20.20964119850887,14.146158801491133,2.840741140740976,92.15466517231717,67942.7,1.8508669290500952,-0.8877449177916715,14.768856447688549,-0.0020119665811773
2013-11-08,18.971,19.0,18.474,18.746,98541,0,-0.6465974136103503,18.8418,18.6885,17.3494,17.593682917526348,20.325212345526612,14.373587654473386,1.3945091803444016,88.27304550758457,71936.25,2.8472447764425666,-1.1860207685414654,5.037261164341333,-0.0064869690977212
2013-11-11,18.746,19.206,18.746,19.083,64012,0,1.797716846260533,18.8868,18.8159,17.5298,17.735522639666694,20.464332732462506,14.5952672675375,1.4247154050384447,89.29712460063895,73899.35,2.4538568227888664,1.7977168462605344,7.153686338368215,0.0178174900404827
2013-11-12,19.112,19.365,19.066,19.355,76174,0,1.425352407902336,18.9916,18.9104,17.7346,17.889758578746058,20.57196359468083,14.89723640531917,1.1190060573121106,90.42394014962592,76966.6,1.5682366516311732,1.2714524905818445,5.133079847908739,0.0141528976648346
2013-11-13,19.291,19.918,19.178,19.862,53876,0,2.6194781710152215,19.182799999999997,19.0069,17.9591,18.07759109505596,20.718827286297667,15.199372713702331,1.1135406996384971,90.83532219570404,79020.3,3.8585879653769863,2.9599295008034727,5.106630682118851,0.0258575744515551
2013-11-14,19.908,20.378,19.899,19.985,75000,0,0.6192729835867494,19.4062,19.1316,18.1841,18.25924908600301,20.82575218635672,15.542447813643282,1.0081433948648024,86.78596008258774,82162.2,2.4071561384994182,0.3867791842475295,6.654925819190938,0.00617363368212
2013-11-15,19.955,20.153,19.824,19.975,61049,0,-0.0500375281460963,19.652,19.2469,18.3899,18.422653934955104,20.907259092382137,15.872540907617868,1.031320357837913,87.6302988186241,83102.3,1.6596045197739964,0.1002255073916468,6.125810222080563,-0.0005005005109483
2013-11-18,19.965,20.18,19.852,19.993,69345,0,0.0901126408009878,19.834,19.3604,18.58345,18.57221070305462,20.95781027727781,16.209089722722187,1.0362703874891444,84.48801742919395,85140.0,1.6522264759218184,0.1402454295016213,6.01866581822037,0.000900720637357
2013-11-19,19.965,20.378,19.947,19.985,52810,0,-0.0400140049017117,19.96,19.4758,18.77615,18.706762064668464,20.92756092260258,16.624739077397415,1.0286355646791492,79.95594713656398,83790.4,2.160725923697804,0.1001753067868749,6.128192873453342,-0.0004002201264086
2013-11-20,20.059,20.115,18.84,19.571,114154,0,-2.0715536652489264,19.9018,19.5423,18.94905,18.789070439461945,20.7217810449963,17.1763189550037,1.333980222531911,70.11105746016428,88105.85,6.767515923566872,-2.432823171643649,3.5174018830001152,-0.0209331134404546
2013-11-21,19.431,20.134,19.431,19.872,54284,0,1.5379898829901206,19.8792,19.6427,19.12065,18.892206588084616,20.489076414766423,17.752223585233573,1.3665034111608034,72.94580419580429,88360.9,3.6179301116772136,2.2695692450208376,5.321178715285146,0.0152628270282359
2013-11-22,19.731,20.115,19.647,19.881,37057,0,0.0452898550724611,19.8604,19.7562,19.22235,18.986377389219413,20.49090878024878,17.953791219751217,1.3170339277472154,72.62273330384792,76771.3,2.382043060009162,0.7602250266078686,6.054624986663826,0.0004527960231312
2013-11-25,19.881,19.975,19.657,19.712,50405,0,-0.8500578441728357,19.8042,19.8191,19.3175,19.05548430453185,20.413427869312457,18.221572130687544,1.3150538686321227,68.33125260091559,72170.25,1.6177443150022963,-0.8500578441728307,3.2961274432741217,-0.0085369144230903
2013-11-26,19.675,20.077,19.58,19.693,60384,0,-0.0963879870129802,19.7458,19.8529,19.38165,19.116200085052625,20.401470887266072,18.36182911273393,1.2615071552539796,66.76608436301674,71679.45,2.538304392236994,0.0914866581956832,1.7463187806768363,-0.0009643447010499
2013-11-27,19.731,20.12,19.637,19.985,47542,0,1.4827603717056714,19.8286,19.8652,19.43605,19.198942934095232,20.46306641969088,18.40903358030912,1.0509493714910731,71.4725105728567,71064.0,2.459642511585275,1.2873143783893253,0.6192729835867494,0.0147187495132274
2013-11-29,20.405,20.94,20.2,20.368,56063,0,1.9164373279960012,19.9278,19.9035,19.51755,19.310281702276637,20.569719182913353,18.465380817086647,1.1966751053082263,78.33682739343129,68427.2,3.6633663366336737,-0.1813281058564204,1.9164373279960012,0.0189830496517639
2013-12-02,20.499,20.499,20.201,20.283,61013,0,-0.417321288295347,20.0082,19.9343,19.5906,19.402921540155052,20.64230866488222,18.538891335117786,1.210635920780484,72.98850574712662,66794.35,1.475174496312055,-1.0537099370700889,1.541927409261579,-0.0041819450383999
2013-12-03,20.33,22.29,20.162,21.896,101352,0,7.952472513927922,20.445,20.1246,19.7425,19.64035758394981,21.16196075750762,18.323039242492374,2.7432977586854483,82.15641609719073,65599.45,10.55450848130146,7.702902115100849,9.518331415995608,0.0765208749617274
2013-12-04,21.924,21.924,21.408,21.521,123543,0,-1.7126415783704774,20.8106,20.2782,19.877,19.8194663854784,21.435747945594017,18.31825205440598,2.858659315164536,71.72034564022007,67450.45,2.4103139013452832,-1.8381682174785563,7.685764323242439,-0.01727476912293
2013-12-05,21.446,21.736,21.418,21.456,68066,0,-0.3020305747874263,21.1048,20.4667,20.0045,19.975326729718553,21.64390470582236,18.36509529417764,2.713716466322222,69.55596915713915,68153.85,1.484732468017562,0.0466287419565327,9.631597772213984,-0.0030248760761253
2013-12-06,21.736,21.736,21.456,21.577,125890,0,0.5639448173005324,21.3466,20.6372,20.13995,20.12786704117393,21.830824389184126,18.44907561081587,2.707966692075324,70.68698347107444,72528.0,1.3049962714392298,-0.7315053367684896,8.579911433172317,0.0056236060179254
2013-12-09,21.661,22.664,21.661,21.83,125677,0,1.172544839412315,21.656,20.8321,20.29415,20.289974942014503,22.012051813871807,18.57624818612819,2.693790531943057,72.36425614804,73884.8,4.63044180785744,0.7802040533677896,9.803329812383677,0.0116572380046042
2013-12-10,21.984,22.565,21.611,21.754,74132,0,-0.3481447549244065,21.6276,21.0363,20.4277,20.429405899917885,22.16434541725187,18.691054582748126,2.6605616461089516,71.18562874251506,74390.8,4.414418583128965,-1.0462154294032042,10.359172077922096,-0.0034875218901939
2013-12-11,21.754,21.974,21.458,21.63,50472,0,-0.570010113082664,21.649399999999996,21.229999999999997,20.54145,20.5437481951638,22.280279669936476,18.80262033006353,2.686752990328482,76.49935649935654,73105.7,2.404697548699794,-0.5700101130826621,9.835982328746251,-0.0057164087066912
2013-12-12,21.582,21.802,21.353,21.582,40893,0,-0.2219140083217663,21.6746,21.3897,20.62745,20.642629319433915,22.394691856381325,18.86020814361867,2.704890190344501,73.54074889867849,72456.55,2.1027490282395824,0.0,7.990993244933708,-0.0022216060234254
2013-12-13,21.572,22.25,21.572,22.078,36804,0,2.2982114725234037,21.7748,21.5607,20.7321,20.779331289011637,22.58496428622191,18.879235713778087,2.7249661196868686,76.66909444039821,70546.75,3.1429631003152276,2.3456332282588552,8.395522388059696,0.0227220036546181
2013-12-16,22.288,22.746,21.897,22.412,84826,0,1.5128181900534443,21.8912,21.7736,20.85395,20.93482354720101,22.814571220026902,18.8933287799731,2.694076082446898,81.51260504201689,71735.6,3.877243458007947,0.5563531945441439,10.496474880441742,0.0150148921068781
2013-12-17,22.47,24.043,22.384,23.938,137148,0,6.808852400499732,22.328,21.9778,21.0512,21.22084035222948,23.402063097941237,18.70033690205877,2.3729139622989823,86.65170091521331,75125.75,7.411543959971404,6.533155318202047,9.325904274753372,0.0658706247481406
2013-12-18,24.043,24.225,23.3,23.995,131187,0,0.2381151307544682,22.801,22.225199999999997,21.2517,21.485046032969528,23.886540180911556,18.616859819088443,2.206794305401511,86.08711303095758,79044.6,3.969957081545067,-0.1996423075323306,11.495748338831843,0.0023783208590303
2013-12-19,24.138,24.243,23.843,24.005,45652,0,0.0416753490310339,23.2856,22.4801,21.4734,21.72504164887719,24.254888007675163,18.691911992324833,2.1848351736660736,85.08585761142201,75619.5,1.6776412364215854,-0.5509984257187948,11.880126771066358,0.0004166666726946
2013-12-20,24.12,24.711,24.024,24.08,178163,0,0.3124349093938772,23.686,22.7304,21.6838,21.949323396603173,24.58910285403826,18.778497145961744,2.1937556582179556,86.70017398028224,81813.45,2.8596403596403497,-0.1658374792703262,11.600315150391594,0.0031194784577166
2013-12-23,24.319,24.549,23.681,24.129,127084,0,0.2034883720930302,24.029400000000003,22.960299999999997,21.8962,22.15691164454573,24.866947458663645,18.925452541336355,2.212716814770629,80.9365475200887,86314.8,3.665385752290859,-0.781282125087371,10.5313788364636,0.0020328161494214
2013-12-24,24.08,24.414,24.033,24.063,39221,0,-0.2735297774462353,24.0544,23.1912,22.11375,22.33844386887471,25.04805166532967,19.17944833467033,2.2076824627810625,88.51515151515147,85755.6,1.5853201847459752,-0.070598006644516,10.614139928289037,-0.0027390455371445
2013-12-26,24.12,24.739,24.063,24.586,38481,0,2.1734613306736428,24.1726,23.4868,22.3584,22.552496833743785,25.258600239910603,19.458199760089396,2.155923416919589,91.64449175093134,84660.45,2.8092922744462534,1.9320066334991604,13.666204345816002,0.021501784192252
2013-12-27,24.701,24.701,23.651,23.699,66146,0,-3.6077442446920904,24.1114,23.698500000000003,22.5441,22.66168761148247,25.27511129524127,19.81308870475873,2.635627492130366,73.45269672855883,85590.65,4.439558581032518,-4.056515930529124,9.80910017607266,-0.0367443220870864
2013-12-30,23.823,24.024,23.365,23.843,135053,0,0.607620574707779,24.064,23.875,22.71785,22.774193553246047,25.304270267473665,20.13142973252634,2.5949263635010995,72.79728199320502,89540.15,2.820457949925113,0.0839524828946798,7.9943835492345405,0.0060578200482071
2013-12-31,23.891,23.967,23.604,23.699,109363,0,-0.603950845111767,23.978,24.0037,22.88865,22.862270357698804,25.238394198843466,20.53890580115653,2.6167189161386535,71.69306268124026,91957.65,1.537874936451447,-0.8036499100079386,5.742459396751753,-0.0060578200482072
2014-01-02,23.699,23.743,23.147,23.185,91344,0,-2.168867884720882,23.8024,23.9284,22.9531,22.893006514108443,25.258496771421942,20.647703228578052,1.5812442893335263,65.95526369792736,91457.25,2.574847712446538,-2.1688678847208864,-3.1456262010193026,-0.0219273353146386
2014-01-03,23.195,23.604,23.147,23.347,56210,0,0.6987276256200214,23.5546,23.8636,23.044400000000003,22.93624398895526,25.25361947636159,20.835180523638417,1.6054350366731285,67.69600962502506,88090.6,1.9743379271611905,0.6553136451821557,-2.7005626172119213,0.0069629783598764
2014-01-06,23.48,23.529,23.061,23.327,104034,0,-0.085664111020689,23.4802,23.795800000000003,23.13795,22.973458847149995,25.218684027869816,21.057215972130184,1.6032651906384172,63.84393704278432,89889.0,2.0294002861974763,-0.6516183986371324,-2.824411580920627,-0.0008570082368815
2014-01-07,23.404,23.604,23.309,23.489,61759,0,0.6944742144296301,23.4094,23.736700000000003,23.23355,23.02255800456428,25.18392329490336,21.283176705096643,1.6232300415703107,62.41069370822772,86682.45,1.2656055600840797,0.363185780208515,-2.4543189368770646,0.0069207384912795
2014-01-08,23.472,23.566,23.27,23.432,48442,0,-0.2426667801949888,23.356,23.667,23.313650000000003,23.061552480320064,25.149543618635317,21.47775638136469,1.6159171384347986,41.18466898954705,82820.7,1.272024065320152,-0.1704158145876052,-2.8886402254548527,-0.0024296169322661
2014-01-09,23.462,23.576,23.242,23.566,52218,0,0.5718675315807387,23.4322,23.6173,23.40425,23.10959510124196,25.088661860498483,21.719838139501512,1.6382998247060887,42.72141160502203,81725.0,1.437053609844246,0.4432699684596334,-2.065411627810332,0.0057023857657165
2014-01-10,23.634,23.68,23.108,23.29,59454,0,-1.1711788169396553,23.4208,23.4877,23.48725,23.126776520171298,24.952942992194103,22.021557007805896,1.4287666476899812,38.87332710862124,82174.1,2.4753332179331795,-1.4555301684014603,-5.271292605547872,-0.0117809113948993
2014-01-13,23.242,23.594,22.699,22.956,141238,0,-1.4340918849291562,23.3466,23.4134,23.555950000000003,23.110512089678792,24.74909453617699,22.362805463823012,1.0136826560705832,33.81336405529959,87191.35,3.94290497378739,-1.2305309353756189,-3.135153381999245,-0.0144447436501335
2014-01-14,22.993,23.891,22.908,23.472,53926,0,2.247778358599062,23.3432,23.3763,23.62565,23.144939509709385,24.597638796772426,22.653661203227575,1.2775944509502355,41.660319878141664,88047.45,4.291077352889807,2.08324272604707,-1.5560122467810245,0.0222288811545097
2014-01-15,23.472,23.938,23.29,23.594,65114,0,0.5197682344921573,23.3756,23.3658,23.68475,23.187707175451347,24.47226036751642,22.897239632483583,1.2825767194299889,44.13016270337925,87061.85,2.782310004293687,0.5197682344921604,-0.4430566690577731,0.0051842210190247
2014-01-16,23.594,23.594,23.155,23.395,71721,0,-0.8434347715520985,23.3414,23.3868,23.6576,23.207449349217885,24.44578870302576,22.86941129697425,1.0921328576285858,33.77826205393629,83790.5,1.8959188080328224,-0.8434347715520963,0.9057580332111348,-0.0084701181014712
2014-01-17,23.422,24.053,22.602,23.023,55153,0,-1.590083351143401,23.288,23.3544,23.609,23.18988274453047,24.42882488502347,22.789175114976533,1.1873637944820137,39.290240811153346,79988.8,6.419785859658439,-1.7035265989240922,-1.3877585985351493,-0.0160286080559463
2014-01-21,23.051,23.498,22.908,23.223,91704,0,0.8686965208704267,23.3414,23.344,23.5699,23.1930367688609,24.384780010539853,22.75501998946015,1.2292358337929736,40.34869240348692,82291.4,2.5755194691810717,0.7461715326883893,-0.4458352981523639,0.0086494506284527
2014-01-22,23.128,23.604,22.966,23.26,70524,0,0.1593248073031183,23.299,23.3211,23.5289,23.199414219445575,24.31781741946501,22.739982580534992,1.205224165214643,42.930756843800346,76909.45,2.778019681267953,0.570736769283991,-0.9749244327131869,0.0015919801998324
2014-01-23,23.138,23.147,22.602,22.814,58718,0,-1.9174548581255448,23.143,23.2593,23.46315,23.162708103307903,24.26062714700704,22.66567285299296,1.3376672913535586,43.89199868291082,73491.15,2.411291036191479,-1.4002938888408747,-2.637418914305223,-0.0193607644848123
2014-01-24,22.659,22.699,21.63,21.935,68469,0,-3.8528973437363057,22.851,23.0962,23.35675,23.045783522040484,24.358838319460165,22.35466168053984,1.7118262354656062,31.193393713372416,74953.55,4.942209893666217,-3.1951983759212683,-6.9209878638716855,-0.0392908479875288
2014-01-27,21.802,22.173,21.191,21.525,87973,0,-1.869158878504673,22.5514,22.9197,23.2037,22.900946996131868,24.34116034748635,22.06623965251365,1.7469800031139235,28.25772200772201,77428.15,4.634042753999337,-1.2705256398495597,-7.578359811077718,-0.0188684843043828
2014-01-28,21.554,21.554,21.125,21.268,89231,0,-1.193960511033676,22.160400000000003,22.7509,23.08215,22.7454282345955,24.485285627611315,21.67901437238868,1.738484819628012,23.80278367539519,78582.4,2.0307692307692236,-1.3268998793727282,-7.353197421153501,-0.0120114546717023
2014-01-29,21.0,21.353,20.514,20.629,120562,0,-3.00451382358472,21.6342,22.4666,22.92145,22.5438636408245,24.6549777660851,21.1879222339149,1.5117497444374084,20.929267786766303,77857.85,4.089889831334709,-1.7666666666666602,-12.112304021813223,-0.0305057428312209
2014-01-30,21.02,21.211,20.047,21.01,156023,0,1.8469145377866036,21.2734,22.2082,22.787,22.397781389317405,24.676685799558,20.897314200441997,1.7291788083990771,24.782951854775103,80190.85,5.806355065595839,-0.0475737392958992,-10.951936933118589,0.018300662046038
2014-01-31,20.476,20.991,18.388,19.512,286460,0,-7.129938124702528,20.7888,21.8199,22.60335,22.122945066525272,24.981075961368752,20.22562403863125,2.5550439220734273,19.968203497615303,89946.65,14.155971285621044,-4.707950771635079,-16.59756358196195,-0.0739688539432899
2014-02-03,19.141,19.218,17.797,18.425,302572,0,-5.570930709307087,20.168799999999997,21.3601,22.35725,21.770759822094295,25.35018194569765,19.364318054302352,2.8205143938694195,17.833309669175108,102264.75,7.984491768275548,-3.740661407449964,-19.971333014811275,-0.0573212228382187
2014-02-04,18.358,18.512,17.281,17.73,224101,0,-3.772048846675713,19.4612,20.8108,22.0774,21.38592555332341,25.67428475738288,18.48051524261712,2.6417678074880793,10.246469122126868,108268.1,7.123430357039533,-3.4208519446562815,-23.65327477070145,-0.0384503179892837
2014-02-05,17.423,18.074,17.423,17.949,137576,0,1.235194585448407,18.9252,20.2797,21.800400000000003,21.058599310149752,25.77320218750585,17.827597812494158,2.785978475241375,11.435988523022305,112058.95,3.736440337484953,3.0189978763703347,-22.833190025795357,0.012276282989888
2014-02-06,17.977,18.006,17.615,17.692,103362,0,-1.431834642598484,18.2616,19.7675,21.5134,20.73797080442121,25.80634277181794,17.220457228182063,2.801891061116357,11.346075640504296,114804.95,2.2196991200681344,-1.5853590699226798,-22.451126501271148,-0.0144218430699242
2014-02-07,17.672,17.977,17.595,17.902,90963,0,1.1869771648202576,17.939600000000002,19.3642,21.230200000000004,20.467878346857283,25.696788176319902,16.763611823680105,2.974332850370797,14.511434511434544,116742.2,2.171071327081566,1.3014938886373948,-18.386140870754495,0.0117998784426668
2014-02-10,18.034,18.111,17.825,17.844,92104,0,-0.3239861467992377,17.8234,18.9961,20.9579,20.217985170966113,25.557787316697492,16.358012683302512,3.019958784136249,11.975116640746563,118374.7,1.6044880785413822,-1.0535654874126523,-17.10104529616724,-0.0032451211827288
2014-02-11,18.006,18.196,17.862,18.074,74916,0,1.288948666218337,17.892200000000003,18.6767,20.7138,20.01379610706458,25.38482727797404,16.04277272202596,3.174861650159859,14.313239746765788,115058.6,1.8698913895420624,0.3776518938131811,-15.017867218356209,0.0128071242137457
2014-02-12,18.149,18.597,18.121,18.483,120264,0,2.262919110324213,17.999000000000002,18.4621,20.464350000000003,19.86800600162986,25.04720478828699,15.881495211713016,3.3424951475619915,20.044266150228268,118375.5,2.626786601180965,1.8403217808143677,-10.402830966115662,0.0223769492207791
2014-02-13,18.483,19.313,18.398,19.303,125470,0,4.436509224692964,18.3212,18.2914,20.2498,19.814195906236534,24.612212205721768,15.887387794278231,3.6748661906057407,31.645746164574632,121393.3,4.973366670290245,4.436509224692962,-8.124702522608285,0.0434091335451948
2014-02-14,19.408,19.57,18.894,19.245,77359,0,-0.3004714293114996,18.589800000000004,18.2647,20.0423,19.759986772309247,24.16289669158916,15.92170330841084,2.921390285717693,33.279554121443255,121675.2,3.577855403831915,-0.8398598516075858,-1.3683886838868342,-0.0030092375100286
2014-02-18,19.245,20.342,19.232,20.209,119463,0,5.00909327097947,19.062800000000003,18.4431,19.9016,19.802749936851225,23.77863203901872,16.024567960981283,2.619688046728218,42.963455149501655,124890.7,5.771630615640596,5.009093270979468,9.682496607869728,0.0488767630004018
2014-02-19,20.342,20.391,19.151,19.227,74895,0,-4.859221139096437,19.2934,18.5928,19.7018,19.74791660953206,23.256604878796377,16.146995121203624,2.850260255307983,41.09049313675648,124050.25,6.47485770978016,-5.481270278242054,8.44331641285956,-0.0498125085459118
2014-02-20,19.399,19.789,19.245,19.446,73387,0,1.139023248556725,19.486,18.7425,19.511100000000003,19.71916264671948,22.646680053783182,16.375519946216823,2.84897965742277,39.85206332727745,124193.4,2.8267082359054325,0.2422805299242259,8.340297509610561,0.0113258521972659
2014-02-21,19.637,19.637,19.126,19.208,70050,0,-1.2239020878329845,19.467,18.8941,19.3308,19.670480489889055,22.05433892071149,16.60726107928851,2.83125355959153,47.6419484951908,124760.0,2.6717557251908355,-2.1846514233335133,8.56884467555956,-0.0123145344685133
2014-02-24,19.169,19.265,18.797,18.989,90467,0,-1.1401499375260138,19.4158,19.0028,19.1835,19.605577586090096,21.617250798123575,16.74974920187642,2.896424993270712,55.05557547508067,125859.9,2.489759004096398,-0.9390161197767212,6.0719472684616305,-0.0114669947756721
2014-02-25,19.141,19.198,18.749,18.969,69819,0,-0.1053241350255418,19.1678,19.1153,19.0557,19.544951149319612,21.22591270846863,16.885487291531373,2.889248687675926,62.6351213542729,124952.2,2.3947943890340904,-0.8985946397784706,6.304640215198387,-0.0010537963986938
2014-02-26,18.483,19.169,18.483,18.941,53341,0,-0.1476092572091469,19.1106,19.202,18.93935,19.487431992241554,20.843351246682147,17.035348753317855,2.8897041429543986,60.52631578947366,123157.7,3.7115186928528914,2.477952713304109,4.7969458891224726,-0.0014771830699814
2014-02-27,18.149,19.465,18.149,19.188,49745,0,1.3040494166094652,19.059,19.2725,18.8673,19.45891465964712,20.60377460162941,17.13082539837059,2.840457108922007,65.90812420246701,119616.85,7.251088214226672,5.724833324150079,3.814315857815287,0.0129561989652129
2014-02-28,19.275,19.631,19.179,19.313,72145,0,0.6514488221805337,19.08,19.2735,18.78245,19.445018025395015,20.217821138508057,17.347078861491944,2.4728684214230436,65.28048516352607,115422.95,2.3567443558058385,0.1971465629053191,0.0518054188467953,0.0064933606506448
2014-03-03,19.074,19.542,18.641,19.227,64109,0,-0.445295914668864,19.1276,19.271700000000003,18.7682,19.424254403928824,20.178515321217887,17.357884678782113,2.4754591429477686,64.8869752421959,104305.4,4.833431682849651,0.8021390374331482,-0.0935307872174662,-0.0044629031002627
2014-03-04,19.512,20.476,19.437,20.075,79794,0,4.410464451032392,19.3488,19.2583,18.8507,19.486230174983223,20.36564409832554,17.33575590167446,2.3451659708705725,69.01007030210904,93166.5,5.34547512476204,2.8854038540385343,-0.6630709090009401,0.0431597186426257
2014-03-05,20.114,20.266,19.78,20.18,53723,0,0.523038605230397,19.5966,19.3536,18.9732,19.55230349165149,20.502731004829776,17.44366899517022,1.6231402424656922,67.11030449687436,84647.6,2.457027300303322,0.3281296609326785,4.956571488011652,0.0052167550926376
2014-03-06,20.075,20.257,19.799,19.942,39627,0,-1.17938553022795,19.7474,19.4032,19.07285,19.58941744482754,20.580964511217935,17.564735488782063,1.685554873785664,57.2995202193283,79750.15,2.3132481438456587,-0.6625155666251513,2.550653090609889,-0.0118639545188617
2014-03-07,20.028,20.391,19.932,20.314,27148,0,1.865409688095476,19.9476,19.5138,19.20395,19.658425307224917,20.66166320188373,17.746236798116268,1.6653862102749577,61.3941590279258,75939.45,2.3028296207104137,1.4280007988815726,5.758017492711387,0.0184822431107082
2014-03-10,20.342,20.977,20.266,20.772,75114,0,2.2546027370286437,20.2566,19.6921,19.34745,19.76448003987016,20.83035390432841,17.864546095671596,1.622671292178878,56.726403823178,75147.0,3.508339090101659,2.1138531117884165,9.389646637526972,0.022295622464763
2014-03-11,20.629,20.857,20.543,20.752,101028,0,-0.0962834585018224,20.392000000000003,19.8704,19.492849999999997,19.858529559882527,20.924436867044214,18.06126313295578,1.6220432058579726,73.65808253180265,75593.2,1.5285011926203578,0.5962480003877917,9.399546628709988,-0.0009632984079843
2014-03-12,20.695,21.02,20.504,20.562,82538,0,-0.915574402467223,20.4684,20.0325,19.61725,19.92552674465562,20.95930527770647,18.275194722293527,1.6944561959865128,67.47025673137134,75974.3,2.5165821303160274,-0.6426673109446683,8.558154268518049,-0.0091979154535611
2014-03-13,20.6,20.991,20.543,20.791,84071,0,1.1137048925201842,20.6382,20.1928,19.73265,20.007952768974132,21.060894314082873,18.404405685917126,1.6896922052222978,74.8508634222921,74164.65,2.180791510490194,0.9271844660194124,8.354179695643115,0.0110754886407246
2014-03-14,20.801,20.953,20.543,20.791,30497,0,0.0,20.7336,20.3406,19.807049999999997,20.0825286957385,21.199125689865507,18.41497431013449,1.7092805954803552,80.37761294672966,69416.0,1.9958136591539704,-0.0480746117975001,7.652876300937206,0.0
2014-03-17,20.982,21.373,20.676,20.887,57084,0,0.4617382521283186,20.7566,20.5066,19.889149999999997,20.15914501043007,21.33432262126775,18.44397737873225,1.6620364698853929,81.52531229454311,68402.25,3.371058231766313,-0.4527690401296295,8.633692203671917,0.0046067551119285
2014-03-18,20.943,21.086,20.457,20.934,51323,0,0.2250203475846257,20.793,20.5925,19.9254,20.232940723722443,21.439099879868703,18.411700120131293,1.0939757964519998,82.5547206795166,64995.25,3.0747421420540535,-0.0429737859905473,4.278953922789541,0.002247675559512
2014-03-19,20.767,20.767,20.486,20.533,54560,0,-1.9155440909525143,20.7872,20.6278,19.9907,20.26151779765364,21.49015591535864,18.49124408464136,1.318501741216227,70.91757387247287,63978.5,1.3716684565068769,-1.1267876920113555,1.7492566897918893,-0.0193412834593304
2014-03-20,20.572,20.762,20.238,20.342,60440,0,-0.9302099060049752,20.6974,20.6678,20.0355,20.269182769305672,21.51989752088137,18.55110247911863,1.292016837517662,65.68119475769585,63331.15,2.5891886550054397,-1.1180244993194657,2.005816868919852,-0.0093456337699572
2014-03-21,20.4,20.581,20.171,20.438,52675,0,0.4719299970504353,20.6268,20.6802,20.097,20.28526060080037,21.538338997343068,18.655661002656934,1.1617738096473669,68.39866302035855,62462.4,2.032621089683209,0.1862745098039228,0.6104164615535979,0.0047081989866128
2014-03-24,20.457,20.504,20.066,20.114,71715,0,-1.585282317252168,20.4722,20.6144,20.153250000000003,20.26895006739081,21.497028627601573,18.80947137239843,0.9784881802474712,50.70473436935312,61524.8,2.1827967706568447,-1.6766876863665248,-3.1677257847101736,-0.0159798231677285
2014-03-25,20.285,20.409,19.866,20.094,52541,0,-0.0994332305856549,20.3042,20.5486,20.2095,20.252288156210735,21.43338948589444,18.985610514105556,0.9784097227362164,48.396718866517546,60660.9,2.733313198429474,-0.9415824500862656,-3.170778720123346,-0.000994826982166
2014-03-26,20.143,20.143,19.532,19.599,50749,0,-2.4634219169901495,20.1174,20.4523,20.2424,20.190070236571614,21.352831002145145,19.131968997854855,1.1843278795758705,44.164681864579784,60531.3,3.1281998771247217,-2.700690066027903,-4.683396556755182,-0.0249427185133995
2014-03-27,19.599,19.789,19.303,19.522,35906,0,-0.3928771876116177,19.9534,20.3254,20.2591,20.126444499755273,21.311281673325936,19.206918326674064,1.0481763438478848,35.02269288956123,59839.35,2.5177433559550364,-0.3928771876116217,-6.103602520321305,-0.0039365097739496
2014-03-28,19.503,20.047,19.456,19.608,36742,0,0.4405286343612369,19.7874,20.2071,20.273850000000003,20.077068833111912,21.277331785951095,19.270368214048908,1.0858407536302954,24.38380281690148,58069.2,3.0376233552631633,0.5383787109675456,-5.689962002789672,0.0043956114730381
2014-03-31,19.751,19.751,19.313,19.38,119047,0,-1.1627906976744318,19.6406,20.0564,20.2815,20.010681325196497,21.25320896660895,19.309791033391058,1.0331189496403326,22.3387096774194,60816.1,2.2679024491275435,-1.878385904511175,-7.2150141236175696,-0.0116960397631914
2014-04-01,19.485,20.133,19.485,20.028,56246,0,3.3436532507739924,19.6274,19.9658,20.27915,20.01233072279683,21.253186263238707,19.305113736761296,1.6460700743300705,40.91218515997275,59638.7,3.3256351039260954,2.78675904541955,-4.327887646890238,0.0328896880050781
2014-04-02,20.123,20.333,19.827,20.114,51100,0,0.429398841621742,19.7304,19.9239,20.27585,20.022013511101893,21.251746084847053,19.299953915152944,1.5763775820031063,37.88908765652956,59507.55,2.55207545266554,-0.0447249416091057,-2.040617542492573,0.0042847955545904
2014-04-03,20.152,20.171,19.799,20.018,32134,0,-0.477279506811179,19.8296,19.8915,20.279649999999997,20.02163127194933,21.250652146454787,19.308647853545207,1.559315896305833,36.63092355586306,59132.9,1.878882771857164,-0.6649464073044875,-1.592763740045222,-0.0047842212254616
2014-04-04,20.075,20.266,19.427,19.485,66373,0,-2.662603656708973,19.805,19.7962,20.2382,19.97052353176368,21.27178764046648,19.204612359533517,1.7265836298504342,28.936298076923123,61094.15,4.318731662119724,-2.9389788293897876,-4.662882865251006,-0.0269869300061546
2014-04-07,19.331,19.799,19.112,19.456,57501,0,-0.1488324352065695,19.8202,19.7304,20.1724,19.92152129064333,21.230177491276585,19.114622508723414,1.6820191264827915,27.673716012084626,60213.5,3.5946002511511157,0.646629765661373,-3.271353286268275,-0.001489433006916
2014-04-08,19.522,19.799,19.427,19.485,45111,0,0.1490542763157964,19.7116,19.6695,20.109050000000003,19.879947834391583,21.172417139647905,19.045682860352105,1.6874559253718684,32.16473791695033,57417.65,1.9148607607968284,-0.1895297612949443,-3.0307554493878897,0.0014894330069161
2014-04-09,19.551,20.362,19.485,20.247,43656,0,3.910700538876055,19.7382,19.7343,20.0933,19.914905183497147,21.137579272991065,19.049020727008937,1.959147499127385,48.646337988030794,55473.55,4.500898126764172,3.5599202086849857,3.306291137302919,0.0383616956387065
2014-04-10,19.99,20.094,19.732,19.809,48719,0,-2.1632834493999,19.6964,19.763,20.0442,19.904818975545037,21.04164845005898,19.04675154994102,2.1074066979137633,41.833290054531325,53705.95,1.8345834177985096,-0.9054527263631684,1.470136256531096,-0.021870254548835
2014-04-11,19.647,19.961,19.552,19.77,51182,0,-0.1968802059669872,19.7534,19.7792,19.99315,19.891979073112175,20.932482859561176,19.053817140438824,2.107815314465389,45.17666853617498,54740.2,2.091857610474626,0.6260497785921572,0.8261933904528673,-0.0019707426980184
2014-04-14,19.942,20.008,19.608,19.799,67320,0,0.1466868993424297,19.822,19.8211,19.93875,19.88312392329197,20.78113805284601,19.09636194715399,2.0606498189691607,45.87412587412586,55252.0,2.039983680130552,-0.7170795306388561,2.162022703818378,0.0014657941920358
2014-04-15,19.837,19.895,19.227,19.475,43147,0,-1.6364462851659043,19.82,19.7658,19.8658,19.844254978216544,20.58964807943656,19.14195192056344,1.8121699031946528,48.17861339600472,54843.2,3.4742809590679733,-1.8248727126077449,-2.7611344118234293,-0.0164998396177494
2014-04-16,19.713,19.951,19.255,19.542,26128,0,0.3440308087291344,19.679,19.7086,19.81625,19.815468789814968,20.48106144932727,19.15143855067273,1.8087333388690727,50.29463759575726,53421.6,3.6146455466112783,-0.8674478770354556,-2.8437903947499232,0.0034344037653394
2014-04-17,19.542,20.19,19.313,19.932,29909,0,1.9957015658581323,19.7036,19.7,19.79575,19.82656700030878,20.416099264950837,19.17540073504916,1.9419280236980692,54.38074634937802,51895.05,4.540982757727968,1.995701565858136,-0.4296133479868236,0.0197604848970065
2014-04-21,20.075,20.075,19.589,19.961,31978,0,0.1454946819185121,19.7418,19.7476,19.7719,19.839370143136517,20.320851881698005,19.222948118301993,1.707174446551285,58.302372106316085,50860.2,2.480984225841037,-0.5678704856787087,2.442904798562995,0.0014538894095873
2014-04-22,20.028,20.19,19.837,20.171,33794,0,1.0520515004258435,19.8162,19.8191,19.774749999999997,19.870953939028276,20.331713525214873,19.21778647478512,1.7178444466763825,52.335837961450515,48964.15,1.77950294903464,0.7140003994407863,3.674958881578938,0.0104655594904502
2014-04-23,20.028,20.18,19.789,19.999,32299,0,-0.8527093351841764,19.921,19.8705,19.77,19.883148801977963,20.317031414472495,19.222968585527504,1.761129455839901,48.17286304416901,47952.05,1.975845166506636,-0.1447972838026758,2.6379266102129817,-0.0085636570152463
2014-04-24,20.028,20.2,19.589,19.77,28011,0,-1.1450572528626357,19.9666,19.8228,19.77855,19.87237272559911,20.319641090686016,19.237458909313983,1.2539565373602843,46.219512195121936,46815.15,3.119097452652002,-1.2881965248651843,-2.3559045784560695,-0.0115166351214237
2014-04-25,19.665,20.094,19.577,19.741,46656,0,-0.1466868993424408,19.9284,19.816,19.789499999999997,19.859861037446812,20.317434804586195,19.2615651954138,1.055069875371261,54.61095100864554,47352.65,2.640854063441791,0.3864734299516935,-0.3432783078398782,-0.0014679458989947
2014-04-28,19.856,19.994,19.485,19.684,44001,0,-0.2887391722810273,19.873,19.8074,19.7933,19.843112367213784,20.31680965405947,19.269790345940528,1.0570881790571738,54.065620542082776,47715.6,2.6122658455221983,-0.8662369057211955,-0.4350025290844606,-0.0028915682797989
2014-04-29,20.094,20.094,19.427,19.437,66306,0,-1.254826254826258,19.7262,19.7712,19.79615,19.80443499890771,20.31073037068418,19.281569629315825,1.120786501746118,49.20582395764397,45078.55,3.4333659340093767,-3.269632726186921,-1.828375170463148,-0.0126276568678019
2014-04-30,19.647,19.647,18.894,19.083,84941,0,-1.8212687143077777,19.543,19.732,19.7489,19.73572690377364,20.34147578684639,19.156324213153606,1.148672971524119,27.735271614384033,46513.3,3.98539218799619,-2.870667277446939,-2.012836970474985,-0.0183805797711531
2014-05-01,19.083,19.131,18.548,18.692,125281,0,-2.048944086359583,19.3274,19.647,19.6778,19.63632434150949,20.410578303516136,18.94502169648386,1.266598002789595,28.243085313595586,50222.35,3.1431960319171988,-2.048944086359578,-4.3496059768703415,-0.020702261526597
2014-05-02,19.376,19.785,18.921,19.713,117269,0,5.462229830943732,19.321800000000003,19.6251,19.662550000000003,19.64362678517525,20.378008035106692,18.94709196489331,2.1632319116050525,49.196956889264605,54479.1,4.566354843824326,1.7392650701899242,-1.098735701384701,0.0531826917456608
2014-05-05,19.627,19.694,19.313,19.389,70798,0,-1.6435854512250825,19.2628,19.5679,19.65775,19.61937661515856,20.379484132415435,18.936015867584565,2.2149690878671215,44.667013527575435,54700.35,1.9727644591725793,-1.2126152748764436,-2.8655878963979697,-0.0165724216349724
2014-05-06,19.408,19.532,19.083,19.122,114954,0,-1.3770694723812429,19.199800000000003,19.463,19.64105,19.57200741371489,20.397081599171685,18.885018400828315,2.1870469108320947,45.33931872194347,57573.0,2.352879526279944,-1.4736191261335605,-5.200535422140695,-0.0138663902856136
2014-05-07,19.169,19.341,18.836,19.208,41333,0,0.4497437506536972,19.2248,19.3839,19.6272,19.537340040980137,20.405100981385697,18.849299018614303,2.203202886410505,45.612191276931114,57384.1,2.6810363134423585,0.2034534926182791,-3.955197759887996,0.0044873542556977
2014-05-08,19.169,19.331,18.836,18.894,86607,0,-1.6347355268638064,19.2652,19.2963,19.55955,19.476069560886792,20.34578244855235,18.773317551447654,2.2273702914819697,36.0857908847185,59531.65,2.6279464854533927,-1.4346079607700042,-4.430955993930208,-0.0164824475720095
2014-05-09,18.921,19.399,18.884,19.399,33909,0,2.6728061818566795,19.2024,19.2621,19.53905,19.468729602707096,20.319254150071117,18.75884584992888,2.435957045694681,43.319067998097985,58791.15,2.7271764456682934,2.526293536282446,-1.7324350336862304,0.0263771070020264
2014-05-12,19.542,19.942,19.542,19.741,48715,0,1.762977473065619,19.272799999999997,19.2678,19.5376,19.49466011673499,20.316102854674,18.759097145326,2.508161229683852,45.04379898570771,58667.8,2.0468734008801484,1.0183195169378674,0.2895752895752723,0.0174761729345618
2014-05-13,19.78,19.78,19.456,19.579,37931,0,-0.8206271212197969,19.3642,19.282,19.5266,19.502692486569753,20.295711695398477,18.75748830460152,2.4865990875201636,45.147874306839206,57198.35,1.6652960526315874,-1.016177957532864,0.7305654164737385,-0.0082401280083948
2014-05-14,19.551,19.551,18.836,18.894,44613,0,-3.498646509014769,19.301399999999997,19.2631,19.49755,19.44472177356311,20.317103530571615,18.677996469428383,2.679691338397889,40.84448160535117,57271.65,3.795922701210447,-3.3604419211293544,-0.9904103128438924,-0.0356131519281934
2014-05-15,18.836,19.074,18.769,18.903,62302,0,0.0476341695776483,19.3032,19.2842,19.4656,19.39312922369996,20.3266300807746,18.6045699192254,2.587891441170796,41.20486985726281,59080.35,1.6250199797538671,0.3557018475260149,1.1288251658463366,0.0004762282810855
2014-05-16,18.903,19.551,18.655,19.465,37226,0,2.9730730571867037,19.3164,19.2594,19.44225,19.399974059538057,20.274885353307596,18.609614646692407,2.0913987914413736,47.92180679445814,59446.2,4.803001876172592,2.973073057186697,-1.2580530614315522,0.029297341434391
2014-05-19,19.475,20.028,19.408,19.99,51577,0,2.697148728487031,19.3662,19.3195,19.4437,19.456167006248716,20.28023095705059,18.60716904294941,2.185358719468564,54.984676401658525,60426.15,3.194558944765032,2.6444159178433733,3.09969570374955,0.0266141674498896
2014-05-20,19.895,19.981,19.427,19.446,44780,0,-2.721360680340157,19.339599999999997,19.3519,19.40745,19.455198719939315,20.170923082280662,18.64397691771934,2.337869220427384,53.16367439428276,60975.45,2.851701240541525,-2.2568484543855143,1.694383432695323,-0.0275907551248432
2014-05-21,19.485,19.741,19.245,19.465,41583,0,0.0977064691967344,19.4538,19.377599999999997,19.38075,19.45613217518319,20.09273103907247,18.66876896092753,2.336220191353503,57.20410065237652,61439.65,2.577292803325532,-0.1026430587631489,1.337984173261142,0.0009765876749535
2014-05-22,19.57,19.684,19.245,19.618,32188,0,0.7860262008733576,19.5968,19.45,19.373150000000003,19.471548158499075,20.070735693659724,18.67556430634028,2.2538307798983013,48.943740271291944,61648.5,2.281111977136919,0.2452733776187954,3.831904308246003,0.0078295310797048
2014-05-23,19.837,20.342,19.665,20.295,23612,0,3.45091242736264,19.7628,19.5396,19.40085,19.549972143403924,20.196974897632455,18.60472510236754,2.3523076156359,59.340206185567034,60496.3,3.4426646325959807,2.3088168573877197,4.6187947832362575,0.0339270381487372
2014-05-27,20.352,20.887,20.171,20.82,44179,0,2.586844050258686,19.928800000000003,19.6475,19.45765,19.670927177365456,20.471232344173263,18.444067655826736,2.415900800743344,66.62098668754896,60505.2,3.5496504883248283,2.2995283018867925,5.465781875284947,0.0255395128959617
2014-05-28,20.743,20.743,19.981,20.276,35285,0,-2.6128722382324665,20.0948,19.7172,19.499599999999997,19.72855316047351,20.577022147632597,18.4221778523674,2.5899056338970987,59.59396334890408,58954.15,3.8136229417946894,-2.2513619052210325,3.559936666836916,-0.0264761425767198
2014-05-29,20.276,20.4,19.971,20.161,46233,0,-0.5671730124284791,20.234,19.8439,19.5535,19.769738573761742,20.650843490818087,18.456156509181913,2.2449596440000787,61.8036146823179,57018.75,2.1481147664112887,-0.5671730124284792,6.705832539430534,-0.0056878754625285
2014-05-30,20.123,20.209,19.904,19.961,33848,0,-0.9920142850057156,20.3026,19.9497,19.61695,19.7879539476892,20.649384929770033,18.58451507022997,2.30056389886311,55.55116554721451,52447.1,1.5323553054662364,-0.8050489489638849,5.596995185949316,-0.0099696753188287
2014-06-02,20.132,20.132,19.637,19.732,33332,0,-1.147237112369115,20.19,19.9764,19.6179,19.782625000290228,20.650741945415295,18.585058054584703,2.18856592600996,49.90907253990705,48250.25,2.5207516423078933,-1.9868865487780751,1.3716927819162672,-0.0115386864572537
2014-06-03,19.741,19.741,19.236,19.293,35508,0,-2.22481248733023,19.8846,19.9067,19.6131,19.735994047881636,20.651299433228807,18.57490056677119,2.105926775205487,47.263681592039795,46485.75,2.6252859222291485,-2.2693885821386983,-3.486743371685841,-0.022499347550656
2014-06-04,19.313,19.313,19.026,19.236,46662,0,-0.295443943399154,19.6766,19.885699999999996,19.6188,19.688375567131004,20.646848862241782,18.590751137758215,1.9330392864487336,53.71900826446284,43071.15,1.5084621044885895,-0.3986951794128213,-1.0799136069114534,-0.0029588124054195
2014-06-05,19.227,19.675,19.036,19.551,38914,0,1.6375545851528228,19.5546,19.8943,19.63595,19.675292179785195,20.646438047794515,18.625461952205487,2.009627632526237,56.606851549755305,42950.2,3.356797646564401,1.685130285535955,0.4418186488569064,0.0162429126029366
2014-06-06,19.551,20.219,19.551,20.2,29895,0,3.319523298041016,19.6024,19.952499999999997,19.70125,19.725264353138986,20.67809128431162,18.724408715688377,2.2556572900368206,57.3632538569425,40114.6,3.4167050278758264,3.319523298041026,2.966663268426961,0.032656168388806
2014-06-09,20.247,20.4,19.131,20.18,25098,0,-0.0990099009900991,19.692,19.941,19.7403,19.768572509982892,20.728641321821456,18.75195867817854,1.968443279779374,52.117699509585385,39674.05,6.6332131096126625,-0.3309132217118594,-0.5666420300566744,-0.0009905894816961
2014-06-10,20.152,20.391,19.913,20.266,20238,0,0.4261645193260666,19.8866,19.8856,19.76655,19.815946556651188,20.78247239135768,18.75062760864233,1.7551632528960346,60.178748758689146,38250.2,2.400441922362266,0.5657006748709668,-2.6609029779058657,0.0042525901006629
2014-06-11,20.219,20.219,19.475,19.799,33476,0,-2.3043521168459424,19.9992,19.8379,19.77755,19.814332598874884,20.789679069155863,18.765420930844133,1.7112852493030477,53.731009830205544,38027.45,3.820282413350448,-2.0772540679558915,-2.3525350167685977,-0.0233131736515642
2014-06-12,19.751,19.856,19.36,19.494,26318,0,-1.540481842517294,19.9878,19.7712,19.80755,19.78382473231537,20.741997762612428,18.87310223738757,1.7599171309070232,48.66032843560935,37112.7,2.5619834710743916,-1.3011999392435898,-3.3083676404940254,-0.0155247054595431
2014-06-13,19.599,20.018,19.599,19.942,40544,0,2.298143018364618,19.936200000000003,19.7693,19.8595,19.79888904352343,20.692194421741103,19.026805578258895,1.9209246462462437,45.98772448283699,36024.8,2.137864176743714,1.7500892902699117,-0.0951856119432825,0.0227213344915828
2014-06-16,19.856,20.038,19.169,19.293,40530,0,-3.2544378698224907,19.7588,19.7254,19.8509,19.750709134616436,20.704051162023415,18.997748837976584,2.162053238870692,33.119610877735994,36190.0,4.533361156033177,-2.8354149879129853,-2.22481248733023,-0.0330857245857654
2014-06-17,19.313,19.675,19.151,19.389,48262,0,0.4975897994091038,19.583399999999997,19.735,19.82085,19.716260645605345,20.69543989487032,18.94626010512968,2.0476576132141906,39.1165644171779,36024.25,2.736149548326463,0.3935173199399395,0.4975897994091038,0.0049635591280322
2014-06-18,19.408,19.446,19.122,19.36,35854,0,-0.1495693434421574,19.4956,19.7474,19.81655,19.682331060309597,20.699703554031657,18.93339644596834,2.0452948478778707,39.9598896966658,35577.95,1.694383432695333,-0.2473206924979483,0.6446246620918972,-0.0014968131004371
2014-06-19,19.38,19.637,19.236,19.37,34670,0,0.051652892561993,19.4708,19.7293,19.8118,19.652585245042015,20.70389147512951,18.919708524870487,1.9715270436642027,42.22163727296659,35232.3,2.0846329798294856,-0.0515995872032921,-0.925783847373518,0.0005163955704736
2014-06-20,19.522,19.551,19.375,19.475,53548,0,0.5420753742901407,19.3774,19.6568,19.80465,19.635672364561824,20.70553056922033,18.90376943077967,1.6009090465452738,46.50340136054424,36300.3,0.908387096774185,-0.2407540211043799,-3.589108910891081,0.0054061143379074
2014-06-23,19.399,19.485,19.227,19.331,39843,0,-0.7394094993581568,19.385,19.5719,19.75645,19.60665594888927,20.64999043880969,18.86290956119031,1.6024180723053996,50.56213017751479,37111.85,1.3418630051490046,-0.3505335326563296,-4.207135777998017,-0.0074215668172572
2014-06-24,19.198,19.627,19.131,19.38,51445,0,0.2534788681392452,19.3832,19.4833,19.68445,19.58506966804267,20.438298365318563,18.93060163468143,1.593223005814187,52.13523131672596,37475.15,2.592650671684693,0.9480154182727294,-4.371854337313719,0.0025315815230652
2014-06-25,19.265,19.57,19.169,19.503,31481,0,0.634674922600631,19.4118,19.4537,19.6458,19.577253509181464,20.349546545283697,18.94205345471631,1.4767990400082565,49.24528301886795,37284.95,2.091919244613698,1.2354009862444826,-1.4950250012626842,0.0063266934278213
2014-06-26,19.417,19.723,19.275,19.657,46986,0,0.7896221094190636,19.4692,19.47,19.620600000000003,19.584848413068944,20.281456668908497,18.95974333109151,1.413870039562648,39.8882681564246,37322.6,2.324254215304802,1.236030282741919,0.8361547142710535,0.0078652090852201
2014-06-27,19.57,20.419,19.57,20.152,68719,0,2.518186905428088,19.6046,19.491,19.63015,19.63886284991952,20.316737986463952,18.94356201353605,1.4531789759320044,49.55696202531647,39066.15,4.338272866632602,2.9739397036280057,1.0530538561829283,0.0248700300746475
2014-06-30,20.219,20.467,19.532,19.723,39647,0,-2.1288209606986963,19.683,19.534,19.6297,19.646875911831945,20.31601866160107,18.94338133839893,1.181423959489798,42.24950042820441,39381.9,4.787016178578736,-2.4531381373955297,2.228787643186636,-0.0215180716289427
2014-07-01,19.741,19.971,19.608,19.694,41944,0,-0.1470364549003733,19.745799999999996,19.5645,19.649749999999997,19.651363920228903,20.31784009004758,18.981659909952416,1.1826019511789991,48.28711256117455,39703.7,1.85128518971848,-0.238083177144018,1.5730568879261495,-0.001471446595756
2014-07-02,19.608,19.675,19.323,19.38,52007,0,-1.5943942317457105,19.721200000000003,19.5665,19.65695,19.62551973734996,20.30918098104146,19.004719018958536,1.3067101434677006,48.14573845152894,39970.95,1.821663302799774,-1.1627906976744264,0.1033057851239638,-0.0160724143629901
2014-07-03,19.532,19.618,19.37,19.57,13237,0,0.9803921568627416,19.7038,19.5865,19.6579,19.620232143316628,20.30953628860762,19.006263711392386,1.341898634896711,43.394886363636395,38687.1,1.2803304078471738,0.1945525291828806,1.032524522457412,0.0097561749453646
2014-07-07,19.589,19.741,19.331,19.485,35077,0,-0.4343382728666412,19.5704,19.5875,19.62215,19.607352891572187,20.225204078048854,19.019095921951138,1.3425604333018266,54.26287744227351,38946.2,2.120945631369304,-0.5309102047067191,0.0513478818998658,-0.0043528426173123
2014-07-08,19.427,19.551,19.227,19.427,72432,0,-0.297664870413139,19.5112,19.5971,19.5845,19.59017642570817,20.132412593873365,19.036587406126632,1.3221567951725874,50.85817524841916,41312.9,1.685130285535955,0.0,0.4966116600279457,-0.0029810877340289
2014-07-09,19.57,19.732,19.35,19.713,38424,0,1.4721778967416554,19.514999999999997,19.6304,19.55685,19.601873908974056,20.00705896902238,19.10664103097762,1.396324132446592,57.142857142857146,42222.2,1.9741602067183353,0.7307102708226912,1.7182662538699711,0.0146144655271969
2014-07-10,19.399,19.561,19.236,19.265,30190,0,-2.272611981940853,19.491999999999997,19.6066,19.53015,19.569790679547957,19.983221517531963,19.077078482468036,1.5813723759163123,48.19525610175317,42057.9,1.6895404449989566,-0.6907572555286372,-1.2203250781930963,-0.0229883385057196
2014-07-11,19.074,19.198,18.969,18.998,17220,0,-1.3859330391902347,19.3776,19.5407,19.50535,19.515334424352915,20.017235379849804,18.993464620150196,1.5932400503454551,42.233800065125386,41603.0,1.207232853603243,-0.3984481493132038,-3.3524952942971864,-0.0139562676101301
2014-07-14,19.093,19.35,18.989,19.236,31852,0,1.2527634487840889,19.327800000000003,19.4491,19.47005,19.488731145843115,19.951624380765043,18.98847561923496,1.3776423724715172,48.499210110584535,41168.4,1.9011006372110204,0.7489655894830601,-4.545454545454552,0.0124498129474255
2014-07-15,19.169,19.169,18.969,18.989,36673,0,-1.284050738199205,19.2402,19.3757,19.45485,19.441137703381862,19.97740093934394,18.93229906065606,1.2865239540063325,44.18673803151952,40975.55,1.0543518372080725,-0.9390161197767212,-3.721543375754188,-0.0129236592721364
2014-07-16,19.151,19.151,18.931,18.979,33775,0,-0.0526620675127764,19.093400000000003,19.3042,19.43435,19.39712458877407,19.998306801256017,18.870393198743987,1.2886942924211786,41.93846153846154,40251.2,1.1621150493898835,-0.898125424259833,-3.6305473748349697,-0.0005267593884971
2014-07-17,18.911,19.093,18.791,18.979,34779,0,0.0,19.0362,19.2641,19.4153,19.357303199367013,20.014471744115216,18.81612825588478,1.2157970884513718,39.050387596899235,40197.45,1.607152360172421,0.359579080958161,-2.0691434468524283,0.0
2014-07-18,18.911,19.485,18.911,19.475,21160,0,2.6134148269139734,19.1316,19.2546,19.42055,19.36851241847492,20.01989050597633,18.821209494023663,1.4744462498469306,39.07006780755574,39521.95,3.035270477499857,2.982391200888372,-0.4854368932038722,0.0257984870020295
2014-07-21,19.389,19.389,18.989,19.112,56559,0,-1.863928112965352,19.1068,19.2173,19.4024,19.34408266433445,20.016599144799457,18.788200855200543,1.5824010022612562,39.9208182118113,39672.5,2.1064827005108144,-1.428645108050962,-1.91429304593278,-0.0188151817333036
2014-07-22,19.16,19.684,19.16,19.36,23272,0,1.297614064462116,19.180999999999997,19.2106,19.40385,19.345598601064506,20.017476073348774,18.790223926651223,1.6484620449440617,44.86153846153848,38843.95,2.7348643006263096,1.0438413361169063,-0.3448808359499677,0.0128926718249225
2014-07-23,19.456,19.522,19.179,19.37,31136,0,0.051652892561993,19.2592,19.1763,19.40335,19.347922543820264,20.017074188007992,18.789625811992007,1.56443097422513,49.83027834351667,37828.5,1.7884144115960166,-0.4420230263157819,-1.739968548673465,0.0005163955704736
2014-07-24,19.522,19.551,19.255,19.542,50240,0,0.8879710893133774,19.3718,19.204,19.4053,19.366406111075477,20.02060312598004,18.789996874019963,1.4020157380821354,49.52185792349729,38766.45,1.5372630485588128,0.1024485196189075,1.437840643654309,0.0088405181032469
2014-07-25,19.303,19.684,19.151,19.179,137074,0,-1.857537611298754,19.3126,19.2221,19.3814,19.34855791002067,19.992658374174702,18.770141625825296,1.4659580723244474,45.227698066126024,43270.85,2.7831444833168044,-0.6423871937004731,0.9527318665122576,-0.0187500650694521
2014-07-28,19.255,19.417,18.941,19.016,30813,0,-0.8498878982220126,19.2934,19.2001,19.3246,19.316885728113935,19.83757743871468,18.81162256128532,1.4333965362356078,43.79341588643914,41375.55,2.5130668919275787,-1.2412360425863451,-1.1436889166146935,-0.0085352003948066
2014-07-29,19.179,19.265,18.931,18.998,19095,0,-0.0946571308371724,19.221,19.201,19.28835,19.286515658769755,19.784992739325777,18.791707260674222,1.372826557555756,38.25172527111408,40347.95,1.7643019386191938,-0.9437405495594005,0.047395860761501,-0.0009470195899019
2014-07-30,19.208,19.35,18.894,18.979,25578,0,-0.1000105274239548,19.1428,19.201,19.2526,19.257228453172637,19.728811098699943,18.776388901300056,1.3731605574647838,44.52945677123183,39529.65,2.413464591933964,-1.1922115785089509,0.0,-0.0010006057132082
2014-07-31,18.874,19.599,18.692,19.485,98163,0,2.6661046419726997,19.1314,19.251600000000003,19.25785,19.27892098144191,19.742220139023495,18.773479860976508,1.6097723951823446,58.534875569575824,41837.45,4.852343248448534,3.2372576030518214,2.6661046419726997,0.0263118340358898
2014-08-01,20.934,20.934,19.456,20.514,114922,0,5.280985373364122,19.3984,19.3555,19.30505,19.39654755463792,20.037793503624535,18.572306496375468,2.1654361654747616,67.53567508232703,46921.7,7.596628289473692,-2.0063055316709737,5.335044929396648,0.0514626410945466
2014-08-04,20.734,20.934,19.456,19.627,78649,0,-4.3238763771083155,19.5206,19.407,19.31215,19.418495406577165,20.05491844163806,18.56938155836194,2.5708692719426027,57.44631185807651,49100.3,7.596628289473692,-5.339056621973583,2.6946421096693207,-0.0442014105812772
2014-08-05,19.579,19.799,19.323,19.665,42018,0,0.1936108422071703,19.654,19.4375,19.32405,19.4419720345222,20.082036105968175,18.566063894031824,2.546660719326532,57.95454545454543,47579.6,2.463385602649687,0.4392461310587798,1.5754132231404985,0.0019342365798309
2014-08-06,19.532,20.085,19.522,19.895,52986,0,1.1695906432748648,19.8372,19.49,19.333149999999996,19.485117555043892,20.114797995885855,18.551502004114138,2.5646098335902017,60.083663584324064,48307.7,2.8839258272718085,1.8584886340364504,2.7103768714506815,0.0116280379951192
2014-08-07,20.028,20.381,19.866,20.104,28490,0,1.0505152048253308,19.961,19.5462,19.3751,19.54405874027781,20.228143319686552,18.522056680313447,2.569280792562513,57.39130434782604,48222.7,2.5923688714386417,0.3794687437587403,2.875857128236614,0.010450356362399
2014-08-08,20.123,20.419,20.123,20.381,32601,0,1.3778352566653496,19.9344,19.6664,19.44425,19.623767431679923,20.38798164673615,18.50051835326385,2.467197712156736,65.21947709282801,48991.75,1.470953635143862,1.2821149927943103,6.2672714948641906,0.0136842940629514
2014-08-11,20.562,21.211,19.942,20.391,104181,0,0.049065305922169,20.0872,19.8039,19.502,19.69683720009136,20.529696043533033,18.474303956466972,2.4229817051848026,63.11371152378527,52608.2,6.363454016648272,-0.8316311642836441,7.23075305006311,0.0004905327283682
2014-08-12,20.391,20.495,20.123,20.428,37293,0,0.1814526016379991,20.2398,19.9469,19.57395,19.76647175246361,20.65074123226996,18.49715876773004,2.4141363112950542,63.365336028297094,52639.2,1.8486309198429651,0.1814526016379902,7.527108116643855,0.0018128817527868
2014-08-13,20.562,21.01,20.352,20.934,46758,0,2.476992363422758,20.4476,20.1424,19.6717,19.877664918895647,20.86925858663356,18.474141413366436,2.450057681628356,66.2162162162162,53288.35,3.2330974842767355,1.8091625328275451,10.30085884398546,0.0244681226472946
2014-08-14,21.0,21.153,20.791,20.943,32491,0,0.0429922613929489,20.6154,20.2882,19.7699,19.979125402810347,21.04770253807641,18.49209746192359,2.3930705456897665,72.39715591670901,53173.95,1.74113799240055,-0.2714285714285648,7.482678983833724,0.0004298302236819
2014-08-15,21.068,21.076,20.543,20.967,38227,0,0.1145967626414501,20.7326,20.3335,19.8445,20.07320869778079,21.22026627451904,18.46873372548096,1.7871444342710778,75.67780994998685,54027.3,2.594557756900167,-0.4794000379722927,2.208248025738513,0.0011453115067275
2014-08-18,20.934,21.592,20.934,21.535,48164,0,2.709018934516161,20.9614,20.5243,19.96565,20.21242691703976,21.488678046878224,18.442621953121776,1.008874499136937,79.16762474131981,53607.55,3.1432119996178356,2.8709276774624968,9.721302287664969,0.0267297453429724
2014-08-19,21.535,21.64,21.325,21.439,34516,0,-0.4457859298815925,21.1636,20.7017,20.0696,20.32924340113121,21.698678189457823,18.44052181054218,1.0790161550013422,77.79032986895616,54169.75,1.4771395076201703,-0.4457859298815885,9.02110348334606,-0.0044678251822796
2014-08-20,21.439,21.496,21.216,21.392,29499,0,-0.2192266430337208,21.2552,20.8514,20.1707,20.430458315309192,21.86657004219037,18.47482995780963,1.1249473734511437,74.03579531131837,54087.9,1.3197586726998378,-0.2192266430337263,7.524503644131686,-0.0021946729642069
2014-08-21,21.363,21.802,21.277,21.707,31047,0,1.4725130890052451,21.408,21.0117,20.27895,20.552033713851177,22.079036252319103,18.47886374768089,1.1458711157983206,68.3369197663695,53128.25,2.467453118390744,1.610260731170721,7.973537604456826,0.0146177688140379
2014-08-22,21.926,21.926,21.572,21.744,23409,0,0.1704519279495109,21.5634,21.148000000000003,20.4072,20.665554312532013,22.24246824082701,18.57193175917299,1.1389936601927595,94.04910528506032,47445.0,1.641016132022989,-0.8300647632947123,6.687601197193471,0.0017030682351627
2014-08-25,21.773,21.953,21.468,21.916,41888,0,0.7910228108903627,21.6396,21.300500000000003,20.5522,20.78464437800515,22.38290508131038,18.72149491868962,1.1191140845901084,94.3634213638155,47998.75,2.259176448667782,0.6567767418362223,7.478789662105845,0.0078791062673814
2014-08-26,21.888,21.992,21.707,21.897,39477,0,-0.0866946523088274,21.7312,21.4474,20.69715,20.89058300867133,22.46780403022038,18.926495969779623,1.1367752809947749,93.03525365434211,49017.85,1.3129405260975728,0.0411184210526169,7.191110240845888,-0.0008673225385644
2014-08-27,21.869,22.098,21.468,21.582,44989,0,-1.4385532264693746,21.7692,21.5122,20.8273,20.95643224594073,22.44199659525735,19.21260340474265,1.1320163062962578,80.38651315789474,49988.4,2.934600335382891,-1.31235996158946,3.095442820292349,-0.014490007196063
2014-08-28,21.42,21.859,21.248,21.449,44337,0,-0.6162542859790565,21.717599999999997,21.562800000000003,20.9255,21.00334346061304,22.431718059280964,19.419281940719035,1.1679851709021347,73.33916083916087,47297.1,2.8755647590361475,0.1353874883286643,2.416081745690679,-0.0061816097008841
2014-08-29,21.42,21.64,21.134,21.63,25174,0,0.8438621847172145,21.6948,21.6291,20.981299999999997,21.06302503579275,22.50590564012258,19.456694359877417,1.1816181719443697,75.19316795445305,42809.7,2.394246238289014,0.9803921568627324,3.1621118901130396,0.0084032157243094
2014-09-02,21.64,22.011,21.458,21.874,54018,0,1.1280628756356936,21.6864,21.663,21.093650000000004,21.140260746669632,22.526449288106633,19.660850711893374,0.8978612641890811,77.11927981995498,41578.15,2.577127411687953,1.0813308687615444,1.5741815648943502,0.0112174769480666
2014-09-03,21.906,21.954,21.62,21.735,31038,0,-0.6354576209198104,21.654,21.6926,21.19715,21.196902580320145,22.48738739553657,19.906912604463432,0.9139383346337604,67.4206176598521,41029.15,1.5448658649398683,-0.7806080525883292,1.3806614114464155,-0.0063748524722786
2014-09-04,21.849,22.021,21.592,21.677,51513,0,-0.2668507016333143,21.673,21.7211,21.286250000000003,21.242626144099177,22.436377658817857,20.13612234118215,0.9161452496175964,65.63032367972741,40955.5,1.986846980363107,-0.7872213831296654,1.3322737471952228,-0.0026720738279689
2014-09-05,21.554,21.735,21.344,21.697,25466,0,0.0922636896249384,21.722599999999996,21.7201,21.3659,21.28589984466116,22.38440125183963,20.34739874816037,0.7873737091254965,65.57167235494883,40804.3,1.8318965517241297,0.6634499396863723,-0.0460680886350095,0.0009222115284481
2014-09-08,21.744,21.83,21.353,21.658,34942,0,-0.1797483523067633,21.7282,21.711499999999997,21.42975,21.32133795469343,22.34294517139083,20.51655482860917,0.7866480781979618,53.38842975206616,40921.35,2.233878143586366,-0.3955114054451735,-0.3955114054451702,-0.001799100935047
2014-09-09,21.65,21.764,20.982,21.153,45427,0,-2.3317019115338566,21.584,21.6352,21.46785,21.30530576853215,22.25320309524406,20.682496904755936,1.0096898922899986,43.570143884892055,37983.65,3.727004098751311,-2.295612009237875,-3.481474721664546,-0.0235931618011745
2014-09-10,21.039,21.458,21.039,21.316,31593,0,0.7705762775965574,21.5002,21.5771,21.51225,21.306324266767184,22.13329254452024,20.89120745547977,1.069091125293158,48.37606837606837,37698.65,1.991539521840377,1.3166025001188149,-2.653331506599077,0.0076762250295225
2014-09-11,21.248,21.43,21.096,21.382,35755,0,0.3096265715894386,21.4412,21.5571,21.534650000000003,21.313531479456024,22.097462963228335,20.97183703677167,0.9960083690199046,42.22859875657581,37148.5,1.5832385286310184,0.6306475903614474,-0.9266981744045945,0.0030914821567725
2014-09-12,21.316,21.62,21.115,21.325,44770,0,-0.2665793658217286,21.3668,21.5447,21.55375,21.314623719507832,22.054530390988816,21.052969609011186,0.9814557163460288,40.07579346281382,37762.45,2.391664693345975,0.0422218052167402,-0.5781155298615448,-0.0026693532135654
2014-09-15,21.287,21.353,20.857,21.106,33834,0,-1.02696365767877,21.256400000000003,21.4923,21.5607,21.29475479384042,22.030066471117653,21.09133352888235,0.9696114619892774,31.23262279888787,37542.8,2.378098480126587,-0.8502842110207985,-2.422561257512701,-0.0103227331288442
2014-09-16,21.029,21.096,20.896,21.0,36930,0,-0.5022268549227826,21.2258,21.4049,21.53395,21.26668290871276,22.066246108728336,21.001653891271665,0.8426474014177099,30.022271714922056,36981.1,0.9571209800918804,-0.1379047981359071,-3.995611227941842,-0.0050349225254755
2014-09-17,20.648,21.268,20.648,20.914,28300,0,-0.409523809523804,21.1454,21.3228,21.5077,21.233094060263927,22.107244072388134,20.908155927611865,0.8387631303472761,33.432539682539684,36670.3,3.002712127082531,1.2882603641999313,-3.7773176903611594,-0.0041036465470259
2014-09-18,20.982,21.305,20.953,21.191,24603,0,1.324471645787506,21.1072,21.2742,21.49765,21.229085102143554,22.11191799397328,20.88338200602672,0.9985792200919495,44.02777777777771,36425.5,1.679950365102851,0.996091888285195,-2.242007657886247,0.0131577720620318
2014-09-19,21.402,21.735,21.334,21.564,55616,0,1.7601812090038305,21.155,21.2609,21.4905,21.260981759082263,22.097797204617105,20.8832027953829,1.179758220517123,48.59693877551023,37653.95,1.879628761601199,0.7569386038687927,-0.6129879706871844,0.0174486943509935
2014-09-22,21.23,21.535,21.23,21.42,39721,0,-0.6677796327211993,21.217800000000004,21.2371,21.4743,21.276126353455385,22.070305333779523,20.878294666220476,1.195472946806159,39.92007104795743,38469.55,1.4366462552991035,0.8949599623174813,-1.098901098901095,-0.0067001925698195
2014-09-23,21.42,21.668,20.715,20.82,31577,0,-2.801120448179273,21.1818,21.2038,21.4195,21.232685748364393,22.04530558608712,20.79369441391288,1.2975265008202563,33.13674898636198,37954.0,4.600531016171853,-2.801120448179278,-1.5742447879733334,-0.0284110018327798
2014-09-24,20.801,21.162,20.61,20.772,45637,0,-0.2305475504322807,21.1534,21.1494,21.36325,21.18881091518683,22.010222504092347,20.716277495907654,1.2564990075704734,33.259341472438024,38262.0,2.678311499272196,-0.1394163742127778,-2.5520735597673094,-0.0023081372047503
2014-09-25,20.781,20.887,20.409,20.486,48567,0,-1.3768534565761548,21.012400000000003,21.059800000000003,21.30845,21.121876542311895,22.0553564550735,20.5615435449265,1.285723936758007,29.605927921859248,38440.9,2.342103973737084,-1.419565949665551,-4.190440557478259,-0.0138641999677295
2014-09-26,20.486,21.316,20.486,21.172,35897,0,3.3486283315435017,20.934,21.044500000000003,21.2946,21.126650204948856,22.04080539009673,20.54839460990327,1.7558667437632294,43.27986725663717,38018.9,4.0515473982231685,3.348628331543493,-0.7174677608440705,0.0329378279813983
2014-09-29,20.972,21.23,20.409,20.514,41729,0,-3.10787832986964,20.7528,20.9853,21.2388,21.068302566382297,22.043977613618612,20.43362238638139,1.9910002263571285,41.52295038471745,38846.65,4.022735067862225,-2.183864199885571,-2.8048896048517125,-0.0315719741105218
2014-09-30,20.562,20.743,20.428,20.476,72898,0,-0.1852393487374537,20.684,20.9329,21.1689,21.01189279815541,21.984554958009323,20.35324504199068,1.9893487514333708,38.4742041712404,39790.65,1.542001174858027,-0.4182472522128299,-2.495238095238095,-0.0018541112898824
2014-10-01,20.4,20.629,20.376,20.514,66903,0,0.1855831217034698,20.632399999999997,20.8929,21.107850000000003,20.964474436426325,21.927865988290172,20.287834011709833,1.9924322400932089,37.99778761061944,41583.9,1.2416568511974877,0.5588235294117685,-1.912594434350201,0.0018541112898825
2014-10-02,20.772,21.076,20.581,21.076,41882,0,2.7395924734327837,20.7504,20.8814,21.0778,20.97509591867144,21.852810655274062,20.302789344725937,2.1544375492199648,46.97888861926719,41102.35,2.405130946018177,1.4635085692278167,-0.5426832145722149,0.0270273724618201
2014-10-03,21.306,21.496,21.096,21.096,33554,0,0.0948946669197203,20.7352,20.8346,21.04775,20.98661059308368,21.766214700813237,20.329285299186765,2.062795862731447,49.8725140234574,41506.75,1.896094046264688,-0.985637848493386,-2.170283806343909,0.0009484967039462
2014-10-06,21.086,21.144,20.486,20.648,45277,0,-2.123625331816459,20.762,20.757399999999997,20.99725,20.95436196517095,21.67599493310034,20.31850506689966,2.149043694609016,45.87242026266416,42023.5,3.2119496241335437,-2.0772076259129224,-3.604108309990672,-0.0214649866346728
2014-10-07,20.352,20.829,20.342,20.495,46685,0,-0.7409918636187451,20.7658,20.7249,20.964350000000003,20.91061320658324,21.674375729703485,20.25432427029652,1.9795643022804377,45.16277995843916,42086.4,2.3940615475371247,0.7026336477987455,-1.5609990393852025,-0.0074375084600117
2014-10-08,20.495,21.41,20.371,21.296,32314,0,3.908270309831652,20.9222,20.777300000000004,20.96335,20.94731671071817,21.671343837319977,20.25535616268002,2.3554295827261416,51.08135942327498,42122.45,5.100387806195089,3.908270309831658,2.522626612747936,0.0383383076964548
2014-10-09,21.02,21.296,20.619,20.629,51420,0,-3.1320435762584475,20.8328,20.7916,20.9257,20.917000833506915,21.61990673395793,20.23149326604207,2.549531957413795,40.92056710040785,42905.7,3.28337940734274,-1.86013320647002,0.6980376842721903,-0.0318214088418847
2014-10-10,20.486,21.039,20.362,20.581,32951,0,-0.232682146492813,20.7298,20.7325,20.8885,20.885000754125304,21.57227204573247,20.204727954267533,2.279531061036263,41.6980011874134,42314.75,3.324820744524129,0.4637313287122857,-2.7914226336671177,-0.0023295327205479
2014-10-13,20.686,21.172,20.533,20.801,37275,0,1.0689470871191764,20.760399999999997,20.7612,20.87325,20.877000682303848,21.550167743583213,20.196332256416785,2.072908507398301,49.79670447250159,42486.8,3.112063507524469,0.5559315479067893,1.3990445549380892,0.0106327423843677
2014-10-14,20.905,21.058,20.371,20.657,51811,0,-0.6922744098841305,20.7928,20.7793,20.8561,20.85604823637015,21.536865791705736,20.175334208294267,2.0883876378250705,48.79429649821767,43230.85,3.3724412154533465,-1.1863190624252622,0.8839617112717413,-0.0069468174585752
2014-10-15,20.371,20.953,20.371,20.887,39969,0,1.113424020913012,20.711,20.8166,20.854750000000003,20.858996023382517,21.535139323533073,20.174360676466932,2.1127086150464587,54.25419053681307,43814.3,2.8570026017377685,2.533012615973697,1.8182704494491553,0.0110727108570644
2014-10-16,20.715,21.23,20.648,20.972,45889,0,0.4069516924402716,20.7796,20.8062,20.8438,20.869758306869898,21.50826673513736,20.17933326486264,1.9213032349921615,47.56809338521402,44878.6,2.8186749321968265,1.2406468742457226,-0.4934522679825304,0.0040612588371062
2014-10-17,21.287,21.42,20.543,20.61,30130,0,-1.726111005149733,20.785400000000003,20.757600000000004,20.796100000000003,20.845019420501337,21.374240358116477,20.217959641883528,1.992810237101055,51.25786163522013,43604.3,4.269094095312284,-3.1803448113872297,-2.3037542662116106,-0.0174118198079187
2014-10-20,20.504,21.134,20.504,20.982,56610,0,1.804949053857352,20.8216,20.791000000000004,20.7742,20.8580651899774,21.28169855068384,20.26670144931616,1.9617371516382671,56.09638554216867,44448.75,3.0725712056184107,2.331252438548566,1.6175900813638178,0.0178885324069261
2014-10-21,20.963,21.622,20.629,20.943,79609,0,-0.1858736059479504,20.8788,20.8358,20.78035,20.86615421950336,21.293138978860643,20.26756102113936,1.940587811481032,55.16742953505182,46850.35,4.813611905569822,-0.0954061918618498,2.1858989997560307,-0.0018604656529196
2014-10-22,20.924,21.049,20.6,20.781,41604,0,-0.7735281478298384,20.8576,20.7843,20.7808,20.858044293836375,21.29357392166107,20.268026078338927,1.4609671033615284,46.06771527592639,46648.7,2.1796116504854273,-0.6834257312177436,-2.418294515401953,-0.0077653539477965
2014-10-23,20.867,20.982,20.801,20.982,53065,0,0.96722968095857,20.8596,20.8196,20.8056,20.869849599185297,21.30617331341583,20.305026686584178,1.084254603117788,48.550356052899275,46873.6,0.8701504735349308,0.5511094071979605,1.711183285665796,0.0096258196007161
2014-10-24,20.982,21.687,20.934,21.258,109554,0,1.3154132113240014,20.9892,20.8873,20.8099,20.90681630402479,21.324992592594967,20.29480740740503,1.1291506365774766,58.11170212765957,50556.45,3.597019203210089,1.3154132113239911,3.289441718089492,0.0130683678020962
2014-10-27,21.382,21.422,21.0,21.402,55052,0,0.6773920406435208,21.0732,20.9474,20.8543,20.95397665602243,21.4132219322183,20.295378067781705,1.1072523057543753,62.09010930418554,51222.6,2.0095238095238126,0.0935366195865661,2.8892841690303372,0.0067510804934195
2014-10-28,21.439,22.889,21.306,22.821,62816,0,6.63022147462855,21.4488,21.1638,20.97155,21.13178840306791,21.99070516612067,19.95239483387933,2.233448499136361,67.45250629434653,50718.5,7.429831972214392,6.446196184523538,10.475867744590218,0.0641967890784644
2014-10-29,22.602,22.602,21.506,21.677,51230,0,-5.012926690329089,21.628,21.2428,21.0297,21.183713317061443,22.07139863305283,19.988001366947167,2.935713633027443,60.81304168386294,49934.85,5.096252208685948,-4.092558180691977,3.782256906209591,-0.0514293740704873
2014-10-30,21.697,22.116,21.382,21.458,53369,0,-1.010287401393184,21.7232,21.2914,21.0488,21.209835858293687,22.10793541701608,19.98966458298392,2.9699071241934556,58.74028303767189,50509.2,3.4327939388270425,-1.1015347743927768,2.317375548350165,-0.010154254398232
2014-10-31,21.878,22.814,21.64,22.746,57555,0,6.0024233386149595,22.0208,21.505,21.1313,21.35613720512286,22.434779731536015,19.827820268463984,3.371567866721455,65.98192276088741,51709.25,5.42513863216266,3.9674558917634086,10.36390101892284,0.0582917695476982
2014-11-03,22.756,22.841,21.611,21.812,48898,0,-4.106216477622427,22.1028,21.588,21.1895,21.399552709396872,22.50599942530979,19.87300057469021,3.722740730467613,58.400000000000006,51890.3,5.6915459719587265,-4.1483564774125465,3.955771613764192,-0.0419290286984375
2014-11-04,21.64,22.374,21.64,22.212,41406,0,1.833852924995405,21.981,21.7149,21.275349999999996,21.476928641835265,22.62468375762729,19.9260162423727,3.739138595353502,59.40383250532291,51626.35,3.3918669131238364,2.6432532347504583,6.059303824666951,0.0181724063155455
2014-11-05,22.183,22.393,21.687,21.821,54572,0,-1.7603097424815362,22.0098,21.8189,21.3016,21.50969734261286,22.672873614678963,19.93032638532104,3.793574337124772,55.7747245272752,52739.25,3.2554064647023537,-1.6318802686742024,5.004571483566722,-0.0177598745103689
2014-11-06,21.802,22.355,21.754,22.335,27030,0,2.355529077494145,22.1852,21.9542,21.3869,21.588297595697348,22.793789948188813,19.98001005181119,3.835561057338337,61.495401839264304,51519.75,2.7627103061505887,2.444729841298969,6.448384329425227,0.02328214593509
2014-11-07,22.26,22.269,21.658,21.883,26285,0,-2.0237295724199744,22.0126,22.016699999999997,21.452,21.61636449134522,22.82188220776709,20.08211779223291,3.919732327405227,55.9409204800211,51186.45,2.8211284513805386,-1.6936208445642518,2.9400696208486288,-0.0204448751318591
2014-11-10,21.83,22.393,21.677,22.335,31582,0,2.0655303203400033,22.117200000000004,22.11,21.5287,21.68480596835996,22.91676735768573,20.140632642314273,3.9566823616406026,58.70435217608804,50901.8,3.303040088573147,2.313330279431986,4.359405663022153,0.0204448751318591
2014-11-11,22.345,22.402,21.974,22.402,36446,0,0.2999776136109355,22.1552,22.0681,21.61595,21.753110161849488,22.99263655990007,20.23926344009993,3.3219540081155756,60.25819516516897,50133.55,1.947756439428419,0.2550906243007481,-1.8360282196222768,0.0029952857854658
2014-11-12,22.393,22.966,21.974,22.908,37200,0,2.258726899383978,22.3726,22.1912,21.717,21.863099670244775,23.163324998055064,20.270675001944937,2.905462761265629,61.73531562271509,49995.1,4.514426139983621,2.299825838431655,5.678830096415566,0.022335953942063
2014-11-13,22.851,22.851,22.05,22.25,34769,0,-2.872359001222291,22.3556,22.2704,21.7809,21.899947320697652,23.20133105392214,20.36046894607786,3.074292602162011,55.77550069864928,49439.1,3.632653061224482,-2.630081834493016,3.690931121260155,-0.0291441859193617
2014-11-14,22.26,22.507,21.97,22.269,28141,0,0.0853932584269578,22.4328,22.2227,21.86385,21.93509519491692,23.18679221936881,20.540907780631187,2.3649149524312154,55.122297057780905,49339.65,2.444242148384172,0.0404312668463467,-2.0970720126615716,0.0008535681912702
2014-11-17,22.422,22.44,21.754,21.964,37856,0,-1.3696169563069738,22.358600000000003,22.2379,21.91295,21.937848033496262,23.169301522213207,20.656598477786797,1.9894536292857912,44.16927473125593,48401.95,3.1534430449572484,-2.0426366961020515,0.6968641114982521,-0.0137908273868934
2014-11-18,21.984,22.412,21.792,22.078,31275,0,0.519031141868509,22.293799999999997,22.2245,21.969699999999996,21.951195839829953,23.141250317898223,20.79814968210177,1.902758212961724,53.17297040670992,45985.25,2.8450807635829545,0.4275836972343415,-0.6032775076535213,0.0051768881795337
2014-11-19,21.945,22.269,21.506,21.916,70731,0,-0.7337621161337071,22.0954,22.234,22.02645,21.947843855084244,23.057033171647607,20.99586682835239,1.8260293014351687,53.65697860108594,47441.6,3.5478471124337307,-0.1321485532011844,0.4353604326107874,-0.0073646739199906
2014-11-20,22.269,22.288,21.592,21.869,28824,0,-0.2144551925533866,22.0192,22.1874,22.0708,21.940334916504792,22.981503510594727,21.16009648940527,1.6379860109790485,41.26667994423423,46229.55,3.223416080029648,-1.796218959091107,-2.086411461831217,-0.0021468547699832
2014-11-21,22.24,22.269,21.62,21.707,33904,0,-0.7407746124651338,21.906799999999997,22.1698,22.09325,21.918112543504336,22.939440939009742,21.247059060990257,1.5255255053950725,48.76441515650741,42447.05,3.0018501387603944,-2.3965827338129393,-0.8042772928757436,-0.0074353197325608
2014-11-24,21.859,22.126,21.59,21.792,26619,0,0.3915787533975257,21.8724,22.1155,22.11275,21.90610182507535,22.908330655211277,21.31716934478872,1.346461762800211,44.66192170818507,41025.4,2.482630847614643,-0.3065099043872097,-2.4311618535930113,0.0039081407934767
2014-11-25,21.935,21.974,21.792,21.812,35760,0,0.0917767988252604,21.8192,22.0565,22.0623,21.897139746496745,22.794195045681946,21.33040495431806,1.3388132099362664,49.8737019365703,39672.6,0.8351688693098319,-0.5607476635513907,-2.633693420230332,0.0009173470967133
2014-11-26,21.947,22.229,21.899,22.122,17708,0,1.42123601687143,21.8604,21.9779,22.08455,21.91855500873515,22.79383295148142,21.37526704851858,1.180716369295162,46.82941351592735,37996.5,1.5069181241152485,0.7973754955119183,-3.431115767417503,0.0141123114162471
2014-11-28,22.151,22.482,21.695,21.714,20615,0,-1.8443178736099908,21.8294,21.9243,22.09735,21.8990735793318,22.767166400609415,21.427533599390586,0.9600796895972846,47.45098039215686,36358.8,3.6275639548282967,-1.9728228973861277,-2.4089887640449503,-0.0186153746704021
2014-12-01,22.025,22.647,21.675,22.073,70202,0,1.6533112277793194,21.9026,21.9047,22.063700000000004,21.91563800034782,22.65988192207544,21.46751807792457,1.1317036111384315,45.93420235878336,36991.15,4.484429065743934,0.2179341657207801,-0.8801472899546359,0.0163979283494143
2014-12-02,22.238,22.49,21.87,22.437,47937,0,1.649073528745526,22.031600000000005,21.952,22.09495,21.96529152412422,22.701020162691005,21.488879837308996,1.152668622110529,50.49730036942314,36943.1,2.834933699131218,0.8948646461012754,2.1535239482790125,0.0163562397185655
2014-12-03,22.51,22.51,21.918,22.122,62808,0,-1.4039310068191035,22.0936,21.9564,22.09045,21.980216140874298,22.694192878348833,21.48670712165117,1.2531272038104042,38.19110576923076,38013.2,2.7009763664568043,-1.7236783651710423,0.19929341425855,-0.0141387933975778
2014-12-04,22.238,22.292,21.792,22.19,35526,0,0.3073863122683429,22.1072,21.9838,22.1089,22.000195556029123,22.70040117675648,21.51739882324352,1.2258540629962826,48.904309715120554,37060.9,2.294419970631424,-0.2158467488083383,1.2502281438218743,0.0030691484644402
2014-12-05,22.209,22.655,22.102,22.365,78135,0,0.7886435331230235,22.2374,22.0334,22.1104,22.034938836407303,22.704461985069155,21.51633801493085,1.2354406023231974,51.658604008293025,39616.15,2.50203601484029,0.7024179386735054,2.2680506653253385,0.0078554999403088
2014-12-08,22.335,22.423,22.102,22.132,63196,0,-1.0418063939190536,22.2492,22.0759,22.12285,22.044182756749464,22.707203272744717,21.53849672725528,1.2650730907729724,52.97661233167971,41461.7,1.4523572527372997,-0.9088873964629478,1.9578937669876064,-0.0104727118489479
2014-12-09,22.112,22.452,21.792,22.432,102261,0,1.3555033435749042,22.248199999999997,22.1399,22.1277,22.081117732297137,22.721008688625947,21.534391311374055,1.31684653134904,55.88430851063829,44995.65,3.0286343612334803,1.4471780028943573,2.9368575624082016,0.0134639858163161
2014-12-10,22.442,23.034,22.248,22.49,124306,0,0.2585592011412174,22.321800000000003,22.2077,22.1321,22.120058900649788,22.735198281245395,21.529001718754607,1.3150037278289286,59.88292011019281,49388.65,3.5329018338726974,0.2138846805097507,3.1083807078672088,0.0025822551190446
2014-12-11,22.772,23.044,22.5,22.762,52628,0,1.2094264117385567,22.4362,22.271700000000003,22.1248,22.18119614820695,22.69074461324603,21.558855386753972,1.2967737198287468,64.26973473953342,50160.05,2.41777777777778,-0.043913578078333,2.8930476448784104,0.0120217128884738
2014-12-12,22.879,23.142,22.472,22.927,42418,0,0.724892364467089,22.5486,22.393,22.15865,22.25222508647295,22.82771479113453,21.48958520886547,1.0589286092182355,69.47637292464879,50542.5,2.9814880740476952,0.2097993793434951,5.5862577139172975,0.0072227764808269
2014-12-15,22.957,23.481,22.947,23.15,69547,0,0.9726523313124292,22.7522,22.5007,22.2027,22.337727459189814,23.005080169770636,21.400319830229364,1.0003955866317549,70.76452599388377,52612.8,2.3271015819061427,0.8407021823408887,4.879264259502558,0.009679525191718
2014-12-16,23.267,23.617,23.005,23.248,76661,0,0.4233261339092964,22.9154,22.5818,22.2669,22.42442008212412,23.18586484097403,21.347935159025965,0.912770889426198,71.44563918757467,54553.05,2.660291241034566,-0.081660721193099,3.61456522708028,0.0042243262956841
2014-12-17,23.229,23.782,23.142,23.762,42405,0,2.2109428768066097,23.1698,22.7458,22.3511,22.551808645731345,23.48146610743652,21.220733892563487,0.8504918961291459,73.08558558558559,55109.55,2.7655345259701,2.2945456110895917,7.4134345900009,0.0218685592081685
2014-12-18,23.898,24.927,23.83,24.403,59680,0,2.6975843784193154,23.498,22.9671,22.47545,22.728112584233124,23.91042140628,21.04047859372,1.036809184592565,85.52179656538974,54557.0,4.6034410407049995,2.1131475437275045,9.972960793150063,0.0266184095249
2014-12-19,24.297,24.49,23.802,23.859,91230,0,-2.229234110560163,23.6844,23.1165,22.57495,22.83581614763949,24.10564320037796,21.04425679962204,1.4493556313617002,72.49370277078091,57677.3,2.8905134022351016,-1.8026916903321348,6.68008048289741,-0.0225445709178877
2014-12-22,23.967,24.15,23.607,23.724,38491,0,-0.5658242172765005,23.7992,23.2757,22.6758,22.92040508595954,24.23129397806247,21.120306021937537,1.394085043095587,67.20128307939055,57906.65,2.300165205235732,-1.013894104393535,7.193204409904208,-0.0056743106666277
2014-12-23,23.917,24.374,23.49,24.257,36339,0,2.246670038779297,24.001,23.4582,22.79905,23.04769983967768,24.44753874650923,21.15056125349077,1.4668195651096274,76.96387976761815,58392.65,3.763303533418478,1.421582974453317,8.135699001426545,0.0222180415466039
2014-12-24,24.229,25.092,24.165,24.927,60643,0,2.762089293812098,24.234,23.7019,22.9548,23.226680807327423,24.78880276645582,21.120797233544177,1.574781995524253,80.0043850032888,59636.8,3.8361266294227176,2.880845268067194,10.835927078701646,0.0272463178278699
2014-12-26,25.122,28.635,24.603,25.082,22029,0,0.6218157018494042,24.3698,23.9339,23.1028,23.403377873296243,25.12219455230867,21.08340544769133,1.578932905261846,79.91631799163187,59852.85,16.38824533593464,-0.1592229918000125,10.192425973113096,0.006198904050904
2014-12-29,25.082,25.51,23.82,24.005,38866,0,-4.293915955665428,24.399,24.0417,23.217350000000003,23.4606752186966,25.163631125904445,21.27106887409556,2.302961546437168,67.39090064995355,60765.4,7.094878253568434,-4.293915955665424,4.701879879617921,-0.0438883154189544
2014-12-30,23.879,24.092,23.724,23.995,19872,0,-0.0416579879191747,24.4532,24.1262,23.31345,23.511563293106448,25.211013365559907,21.415886634440092,2.3014145024237904,65.33856722276744,58248.9,1.551171809138419,0.4857824867037968,3.650107991360696,-0.0004166666726947
2014-12-31,23.995,24.238,23.802,23.83,20741,0,-0.6876432590123049,24.3678,24.1844,23.3831,23.54189059852488,25.2471749815502,21.51902501844981,2.3259455184577735,62.879661668589,56889.1,1.831778842114108,-0.6876432590123055,2.5034411562284697,-0.0069001841995581
2015-01-02,24.054,24.054,22.937,23.384,40309,0,-1.871590432228276,24.0592,24.1466,23.446199999999997,23.526853398665367,25.21345652383911,21.678943476160885,2.3060223254101264,55.78497023809524,55764.15,4.869860923398863,-2.785399517751718,-1.5907751872737963,-0.0188932633017058
2015-01-05,23.345,23.995,22.869,23.044,54374,0,-1.453985631200816,23.6516,24.0107,23.4889,23.480867360697236,25.167398062962157,21.810401937037845,2.104032267796661,51.05386416861827,56706.55,4.9236958327867475,-1.2893553223388237,-5.5689874195795515,-0.014646595938808
2015-01-06,22.772,23.132,21.879,22.229,35867,0,-3.5367123763235586,23.2964,23.8477,23.4821,23.36164189777369,25.180750349696957,21.78344965030304,2.2550872851315917,42.50366270551849,54593.15,5.726952785776315,-2.384507289653958,-6.831803512301448,-0.036007689161364
2015-01-07,22.49,23.092,22.325,23.064,23665,0,3.756354311934862,23.1102,23.781699999999997,23.5287,23.333295050366672,25.119086791748384,21.938313208251618,2.658044183477,48.66279069767441,52616.6,3.4356103023516216,2.55224544241886,-2.7819929185634806,0.0368752176273284
2015-01-08,23.054,23.802,22.947,23.073,50678,0,0.0390218522372531,22.9588,23.6633,23.56075,23.308505045569845,25.08243090921618,22.03906909078382,2.515512314427855,44.59607843137255,50037.45,3.7259772519283585,0.0824151990977787,-4.881065259512718,0.0003901424069253
2015-01-09,23.142,23.413,22.927,22.995,19484,0,-0.338057469769859,22.881,23.4701,23.586,23.27864742218224,25.04847821396255,22.123521786037458,2.2498463430745232,37.887130075705464,44796.35,2.119771448510493,-0.6352087114337501,-7.750631844987355,-0.0033863017511392
2015-01-12,22.908,23.374,22.495,22.995,24133,0,0.0,22.8712,23.2614,23.59765,23.25163338197441,25.03600377757803,22.159296222421972,2.215103007892792,41.7995444191344,43371.6,3.907535007779497,0.3797799895233095,-8.320708077505778,0.0
2015-01-13,23.142,23.704,22.724,22.918,27141,0,-0.3348554033485662,23.009,23.152700000000003,23.5972,23.219858774167324,25.03644257858059,22.15795742141941,1.854144617875128,42.26487523992322,42607.75,4.312621017426512,-0.9679370840895352,-4.528223286815248,-0.0033541729876307
2015-01-14,22.762,23.044,22.472,22.889,17730,0,-0.1265380923291759,22.974,23.0421,23.58415,23.188348414722817,25.045036144199845,22.12326385580016,1.8522766301254965,35.46536336591585,40016.9,2.5453898184407224,0.5579474562867889,-4.60929360283393,-0.0012661821937451
2015-01-15,22.84,22.84,22.325,22.403,29945,0,-2.123290663637556,22.84,22.899400000000004,23.5419,23.11355332760636,25.089993006861675,21.99380699313832,1.9264293553872691,22.091994692613923,37681.1,2.306830907054874,-1.9133099824868705,-5.988250104909776,-0.021461567345719
2015-01-16,22.345,22.985,22.325,22.977,24814,0,2.5621568539927697,22.8364,22.8587,23.50265,23.100548248786705,25.066967140412633,21.93833285958737,2.103105597797107,28.698643999190462,36801.55,2.9563269876819716,2.8283732378608253,-1.7405063291139222,0.0252988371307738
2015-01-20,23.054,23.112,22.213,22.365,49368,0,-2.663533098315718,22.7104,22.790799999999997,23.40075,23.030496034616544,24.983526624197022,21.81797337580297,2.217734671537423,31.68007149240395,36285.95,4.047179579525491,-2.988635377808623,-2.946537059538279,-0.0269964787107548
2015-01-21,22.345,22.597,22.102,22.374,18543,0,0.0402414486921465,22.6016,22.8053,23.3265,22.9679726027483,24.957358669535548,21.69564133046445,1.899044468750462,31.888268156424587,32651.6,2.239616324314546,0.1297829492056384,0.6523010481803038,0.0004023335399272
2015-01-22,22.899,23.219,22.287,23.064,34790,0,3.0839367122553085,22.6366,22.8053,23.2935,22.977118069153224,24.91718618954049,21.669813810459512,1.761366760204612,42.340000000000025,32466.55,4.181810023780689,0.7205554827721697,0.0,0.0303733899113624
2015-01-23,23.044,23.112,22.86,22.899,14320,0,-0.7154006243496269,22.7358,22.7879,23.2256,22.96967825304339,24.79221114645906,21.65898885354094,1.7762651558537377,44.86119940665397,31365.6,1.1023622047244046,-0.629231036278422,-0.7541282017943018,-0.0071797188516579
2015-01-26,22.812,22.812,22.325,22.49,26727,0,-1.7861041966898197,22.638399999999997,22.7374,23.10375,22.923994609896404,24.480793495853675,21.72670650414633,1.8584358488674269,44.214703425229736,29669.8,2.1814109742441294,-1.4115377871295929,-2.196129593389884,-0.0180224755132187
2015-01-27,22.035,22.49,21.918,22.209,139594,0,-1.249444197421068,22.6072,22.6588,22.9601,22.855899885144364,24.034351739583975,21.885848260416022,1.884835287901256,49.7649271274095,35548.05,2.6097271648873037,0.7896528250510528,-3.4181343770384953,-0.0125731538421532
2015-01-28,22.287,22.325,21.54,21.743,51975,0,-2.098248457832419,22.481,22.5413,22.847,22.74990941989252,23.93427220239664,21.759727797603357,1.965950004409128,32.99871299871302,36203.5,3.644382544103993,-2.4408848207475233,-5.12697443057859,-0.0212057454761493
2015-01-29,21.99,22.597,21.724,22.462,43141,0,3.3068113875730276,22.3606,22.4986,22.77035,22.722489475140858,23.72490479289077,21.815795207109232,2.30965427909255,43.35146898803047,37366.95,4.018596943472661,2.146430195543435,-1.865524924636286,0.0325331258879227
2015-01-30,22.452,23.122,22.081,23.054,88884,0,2.635562282966774,22.3916,22.563699999999997,22.73155,22.75406190607982,23.559428830441924,21.903671169558073,2.3510594094135264,50.57741240947346,40774.1,4.714460395815409,2.6812756101906143,2.9058608222113147,0.0260142976379763
2015-02-02,22.665,23.335,22.248,22.967,92367,0,-0.3773748590266357,22.487,22.5627,22.710699999999996,22.774341724548407,23.488906061196747,21.932493938803244,2.218430520903901,49.730561970746706,43377.0,4.885832434376122,1.3324509155084916,-0.0435217826522227,-0.0037808871445429
2015-02-03,23.16,23.219,22.83,23.142,33722,0,0.7619628162145675,22.6736,22.6404,22.7156,22.809356798400938,23.503812207600006,21.92738779239999,2.0134216052153184,52.11560256894598,42344.4,1.7038983793254618,-0.0777202072538889,3.4741784037558787,0.0075907454198678
2015-02-04,22.918,23.257,22.772,22.85,37991,0,-1.261775127473852,22.895,22.688,22.74665,22.81322757950561,23.50241027248913,21.99088972751087,2.0774901830015744,49.649091236278586,42450.6,2.1298085367995916,-0.2967100095994321,2.127469384106573,-0.0126980311139319
2015-02-05,22.985,23.704,22.782,23.345,30258,0,2.166301969365425,23.071599999999997,22.7161,22.7607,22.863872571933648,23.55096154231515,21.97043845768485,1.9540209461426952,58.46209126841538,42780.25,4.047054692300942,1.56623885142484,1.218348942074221,0.0214317110826866
2015-02-06,23.394,24.073,23.142,23.394,29588,0,0.2098950524737519,23.1396,22.7656,22.77675,22.914360898416156,23.60580447094183,21.94769552905817,1.9308782059642795,54.13608411029555,41725.75,4.02298850574713,0.0,2.1616664483165016,0.0020967508056148
2015-02-09,23.403,23.587,22.947,23.315,37828,0,-0.3376934256646868,23.2092,22.8481,22.79275,22.952517003328904,23.651363784875436,21.934136215124568,1.8135363982785049,60.53682342502222,42642.95,2.789035603782632,-0.3760201683544734,3.668297020898192,-0.0033826489682309
2015-02-10,23.704,23.85,22.918,23.802,24172,0,2.088784044606462,23.341199999999997,23.007399999999997,22.8331,23.03342014586901,23.80066904282369,21.865530957176308,1.788235762074282,64.32009626955477,42644.9,4.0666724845100015,0.4134323320958444,7.17276779683913,0.0206726804999637
2015-02-11,23.802,23.83,22.937,23.238,17635,0,-2.369548777413666,23.418799999999997,23.1569,22.8491,23.05290394150053,23.83302530739152,21.86517469260848,1.836959197431854,51.79012345679011,42169.6,3.893272877882884,-2.369548777413663,6.8757761118521055,-0.0239807409995779
2015-02-12,23.015,23.267,22.85,22.918,29363,0,-1.377054823995183,23.3334,23.2025,22.85055,23.04005594707191,23.834808304778523,21.866291695221474,1.684198586823596,50.18943170488534,42751.25,1.824945295404805,-0.4214642624375463,2.0300952720149645,-0.0138662417564137
2015-02-13,22.899,23.068,22.84,22.967,15780,0,0.2138057422113704,23.248,23.1938,22.87875,23.03309823782697,23.841092071800396,21.916407928199604,1.4559385629198136,55.123523093447915,42043.0,0.9982486865148928,0.2969561989606439,-0.3773748590266357,0.0021357750300215
2015-02-17,22.899,23.238,22.714,23.238,39468,0,1.1799538468237003,23.2326,23.2209,22.891799999999996,23.052612691367255,23.866748009409637,21.916851990590356,1.497153464607431,61.07642626480089,42775.7,2.306947257198208,1.4804139918773684,1.1799538468237003,0.0117304667263922
2015-02-18,23.238,23.238,22.743,23.229,23323,0,-0.0387296669248637,23.118,23.2296,22.935,23.06941148266561,23.88798401157364,21.982015988426365,1.4807706634912952,67.74116523400195,41473.45,2.176493866244563,-0.0387296669248659,0.3759398496240518,-0.0003873716879739
2015-02-19,23.297,23.738,23.122,23.422,37197,0,0.8308579792500881,23.1548,23.2868,22.9874,23.10299134145936,23.925638079986125,22.049161920013876,1.421896893403027,63.10759148006558,42406.15,2.6641294005708835,0.5365497703566983,2.5032822757111495,0.0082742535472494
2015-02-20,23.52,24.16,23.51,23.917,38439,0,2.1133976603193716,23.3546,23.344,23.03005,23.180515975606088,24.0563657357621,22.0037342642379,1.4140791697082988,62.10378681626935,42588.6,2.764780944279024,1.687925170068036,2.4502034696937347,0.0209137515367823
2015-02-23,23.762,24.082,23.539,24.073,24692,0,0.6522557176903421,23.5758,23.4119,23.088749999999997,23.265514454119796,24.21311609040934,21.964383909590655,1.419546204448711,65.21739130434787,43107.2,2.3068099749352107,1.3088123895295007,2.902453620586476,0.0065013773487146
2015-02-24,24.146,24.772,24.016,24.471,48977,0,1.6533045320483497,23.8224,23.5275,23.1878,23.38032260134648,24.432649701348165,21.942950298651834,1.459904308807041,67.22841586725438,44219.7,3.14790139906729,1.3459786300008252,4.958181428265052,0.0163978624811105
2015-02-25,24.5,24.694,24.082,24.277,28521,0,-0.7927751215724643,24.032,23.575,23.2912,23.465720448837292,24.537273175176328,22.045126824823672,1.3931598924461956,68.9811119978718,38666.05,2.541317166348303,-0.910204081632649,1.9956306192757012,-0.007959342913583
2015-02-26,24.315,25.442,24.17,24.792,41374,0,2.1213494253820464,24.306,23.7304,23.44365,23.592032787043262,24.637138874994715,22.250161125005288,1.1776358235156266,69.14527652818211,38136.0,5.262722383119563,1.9617520049352264,6.6873224890265925,0.0209916204124771
2015-02-27,24.733,25.247,24.684,24.869,39109,0,0.3105840593739861,24.4964,23.9255,23.564,23.71364871208677,24.824265469109942,22.303734530890058,0.9535809564896564,69.37220908852119,37934.4,2.280829687246795,0.549872639792986,8.512959246007501,0.0031010274342053
2015-03-02,24.762,25.354,24.714,24.917,46668,0,0.1930113796292598,24.6652,24.1205,23.65715,23.82825359664993,25.02914421128109,22.28515578871891,0.955081892027932,71.21292372881356,35823.6,2.5896253135874425,0.6259591309264241,8.490442809248066,0.0019282535199713
2015-03-03,24.714,25.237,24.529,25.015,29258,0,0.3933057751735802,24.774,24.2982,23.75955,23.94127706363565,25.217665795704708,22.301434204295298,0.9547486025060083,67.90670209625038,32668.15,2.8863793876635757,1.217933155296601,7.646957569498247,0.0039253435005445
2015-03-04,25.015,25.257,24.519,25.102,33481,0,0.3477913252048825,24.939,24.4855,23.85755,24.05182210519416,25.401823424794227,22.313276575205773,0.926975102899041,82.02749140893472,32656.1,3.0099106815123093,0.347791325204876,8.063196865986487,0.0034718792980861
2015-03-05,25.199,25.422,25.034,25.412,36985,0,1.2349613576607466,25.063,24.6845,23.98565,24.18136285708043,25.601406140406887,22.369893859593112,0.9380685451963882,93.0,32605.8,1.549892146680521,0.845271637763393,8.496285543506099,0.0122739791660323
2015-03-06,25.131,25.325,24.714,24.82,31422,0,-2.329608059184629,25.053199999999997,24.774800000000003,24.0594,24.242185442120388,25.686641695889556,22.432158304110445,1.2568494299036117,76.90967179785075,32664.0,2.472282916565512,-1.2375154192033742,3.775557135092189,-0.0235717236278255
2015-03-09,24.898,25.432,24.898,25.325,60370,0,2.0346494762288447,25.1348,24.9,24.15595,24.345310638108923,25.844932686645695,22.466967313354303,1.3619450410547471,78.37911340766932,34203.1,2.14475058237609,1.7149971885291977,5.20084742242346,0.0201422703582858
2015-03-10,24.976,25.335,24.83,24.957,43165,0,-1.4531095755182522,25.123199999999997,24.9486,24.23805,24.403566767812837,25.914501324108368,22.561598675891627,1.42661538541481,71.40733399405357,34469.95,2.0338300443012587,-0.0760730301088979,1.986024273630016,-0.0146377061648866
2015-03-11,24.976,25.237,24.675,25.199,43990,0,0.9696678286652992,25.1426,25.0408,24.3079,24.479322313735423,26.023802573605135,22.591997426394865,1.3980956493185086,71.75030599755206,35460.85,2.2776089159067787,0.892857142857153,3.797833340198542,0.0096499672204618
2015-03-12,25.364,25.432,24.315,24.577,64284,0,-2.46835191872693,24.9756,25.0193,24.37485,24.488624950522524,26.01792866038422,22.731771339615783,1.5124324112624132,57.83475783475786,37793.3,4.593872095414342,-3.1028228985964317,-0.8672152307195868,-0.0249932649487137
2015-03-13,24.559,24.966,24.462,24.917,45638,0,1.3834072506815345,24.995,25.0241,24.4748,24.52942257428228,25.982347691485995,22.967252308514,1.5795187935061734,59.59963603275708,38607.05,2.060338484179549,1.4577140763060408,0.1930113796292598,0.0137392551980153
2015-03-16,24.82,24.957,24.412,24.452,47183,0,-1.866195769956258,24.8204,24.9776,24.54905,24.52204899577921,25.879829190035327,23.218270809964675,1.6865884888729574,49.787138695944456,40177.2,2.232508602326732,-1.4826752618855703,-1.866195769956258,-0.0188382892731449
2015-03-17,24.422,24.966,23.976,24.742,43887,0,1.18599705545559,24.777400000000004,24.9503,24.62425,24.542996710466905,25.804562157640177,23.443937842359823,1.734239642571115,55.09980258828691,40398.15,4.129129129129137,1.3102939972156264,-1.0913451928842632,0.0117901922741609
2015-03-18,24.645,24.889,24.17,24.782,30700,0,0.1616684180745231,24.694,24.9183,24.7019,24.56575892851767,25.683303055779977,23.720496944220027,1.7299400405388212,49.87757100881487,40767.0,2.974762101779054,0.5558936904037349,-1.274798820811096,0.0016153787536612
2015-03-19,24.801,25.228,24.5,24.976,28639,0,0.7828262448551282,24.7738,24.8747,24.7796,24.604829506754086,25.55977714587581,23.9994228541242,1.6963282452602113,51.273506308021894,40339.1,2.9714285714285777,0.7056167090036721,-1.7157248543994918,0.007797780578775
2015-03-20,25.209,25.402,24.733,25.063,72423,0,0.3483344010249745,24.803,24.899,24.8369,24.648464791825127,25.511520173836303,24.162279826163697,1.5177221043242954,51.72169811320752,42038.3,2.7048882060405144,-0.5791582371375334,0.9790491539081404,0.0034772912193987
2015-03-23,25.237,25.51,25.005,25.442,41002,0,1.5121892830068262,25.001,24.9107,24.90535,24.724039573556063,25.52954270809717,24.281157291902833,1.451576947734054,54.72240654722407,42853.8,2.0195960807838533,0.8122994016721554,0.4619940769990061,0.015008696741544
2015-03-24,25.519,25.519,25.015,25.189,22253,0,-0.9944186777769092,25.0904,24.9339,24.94125,24.76832151893168,25.54242424569237,24.34007575430763,1.4051071877103865,50.92809899722637,41517.6,2.014791125324796,-1.2931541204592591,0.9295989101254064,-0.0099939604504719
2015-03-25,25.315,25.724,24.714,24.879,51716,0,-1.2306959387033969,25.1098,24.9019,24.97135,24.778862326652472,25.486637666208843,24.45606233379116,1.4261783069859375,44.31406016641777,42677.35,4.086752448005186,-1.7222990321943508,-1.2698916623675505,-0.0123833171463708
2015-03-26,24.898,25.519,24.869,25.122,62327,0,0.9767273604244452,25.139000000000003,24.9564,24.98785,24.81154210506652,25.50008155742364,24.47561844257637,1.192424607495258,53.48086675887506,43725.0,2.6136957658128535,0.8996706562776134,2.2175204459453868,0.0097198821278848
2015-03-27,25.237,25.675,24.976,25.442,36675,0,1.273783934400119,25.2148,25.0089,25.0165,24.871585714107805,25.563649743767517,24.469350256232484,1.1810514330238595,51.408620274500365,43603.3,2.7986867392697055,0.8122994016721554,2.106995224144148,0.0126573954689578
2015-03-30,25.655,26.267,25.655,25.956,47904,0,2.020281424416326,25.3176,25.1593,25.06845,24.974863265145157,25.755289435767864,24.381610564232133,1.0525613700687118,61.618981158408936,43665.1,2.385499902553102,1.1732605729877157,6.150826108293783,0.0200014450249029
2015-03-31,25.724,26.014,25.18,25.325,43484,0,-2.4310371397750052,25.3448,25.217599999999997,25.08395,25.00820962084562,25.779645176745515,24.38825482325448,1.395748036366498,51.34385665529009,44376.4,3.3121525019857017,-1.5510807028455953,2.356317193436253,-0.0246107466241749
2015-04-01,25.384,25.985,25.219,25.577,37500,0,0.9950641658440283,25.4844,25.2971,25.1077,25.062380133146036,25.83758134580011,24.377818654199892,1.4151665643112434,61.57943492357574,44577.35,3.037392442206266,0.7603214623384864,3.2079735291744127,0.0099014600138994
2015-04-02,25.655,25.937,25.15,25.393,45432,0,-0.7193963326426078,25.5386,25.3388,25.10675,25.09386773951308,25.83501133973113,24.378488660268868,1.440704961698367,55.71840461316674,44999.7,3.129224652087485,-1.0212434223348292,1.669602818705962,-0.0072199646573911
2015-04-06,25.325,25.645,25.287,25.461,55116,0,0.267790335919349,25.5424,25.3786,25.1388,25.12883271670231,25.870338422201808,24.40726157779819,1.4398536572030038,63.39973439575031,46184.4,1.4157472218926743,0.5370187561697897,1.5879982444240603,0.0026743241643941
2015-04-07,25.529,25.615,24.733,24.879,48451,0,-2.2858489454459674,25.327,25.3223,25.1165,25.10503912463542,25.85132328702723,24.38167671297277,1.5428419078423985,51.68843973379345,45588.45,3.566085796304524,-2.5461240158251344,-2.2128763461991885,-0.023123795518473
2015-04-08,25.102,25.422,24.947,25.384,51510,0,2.029824349853282,25.3388,25.3418,25.13785,25.131606827051097,25.877954480532903,24.397745519467097,1.664229240231995,56.65634674922602,46005.7,1.9040365575019096,1.123416460839774,0.7741474453134334,0.0200949801437179
2015-04-09,25.529,25.576,24.947,25.122,36376,0,-1.032146233848097,25.2478,25.3661,25.134,25.13069189114147,25.873566017835092,24.39443398216491,1.6478302953258803,51.59041394335513,45625.0,2.5213452519341057,-1.5942653452935878,0.9767273604244452,-0.0103750980158332
2015-04-10,25.335,25.665,25.237,25.529,75410,0,1.6200939415651705,25.275,25.4068,25.1816,25.168625996747046,25.892198087602893,24.471001912397107,1.697269549830844,54.745417515274966,46181.3,1.6959226532472198,0.7657390961120941,1.6200939415651705,0.0160711046167952
2015-04-13,25.442,25.82,25.325,25.577,64594,0,0.1880214657840273,25.2982,25.4203,25.2146,25.207518758961612,25.934696309347903,24.494503690652095,1.6532444138514932,51.47412098711511,47129.1,1.954590325765058,0.530618662054876,0.5306186620548825,0.0018784492667902
2015-04-14,25.5,25.694,24.714,24.762,38632,0,-3.186456582085473,25.2748,25.3009,25.2301,25.165088400965267,25.89208136402426,24.56811863597574,1.7838641794693737,45.847111456915,46701.55,3.96536376143077,-2.8941176470588217,-4.600092464170135,-0.0323832901501468
2015-04-15,24.927,25.15,24.801,24.937,35939,0,0.7067280510459684,25.1854,25.2621,25.23985,25.14336569611143,25.87683410291628,24.60286589708372,1.6700779172898903,50.57930483419896,46304.15,1.4072013225273183,0.0401171420548062,-1.532082922013811,0.0070424243252628
2015-04-16,24.966,25.247,24.811,24.879,41946,0,-0.2325861170148768,25.1368,25.1923,25.2447,25.118188010767486,25.86834331911223,24.621056680887772,1.621656313241452,47.47977598008714,46866.45,1.757285075168272,-0.3484739245373697,-2.7290143488290286,-0.002328570186586
2015-04-17,24.684,24.714,24.238,24.5,44917,0,-1.5233731259295058,24.931,25.103,25.2209,25.059312962122963,25.91954105684924,24.52225894315076,1.6660425642654968,40.34836065573771,47680.35,1.9638584041587557,-0.7454221357964715,-3.516717205529085,-0.0153509565864951
2015-04-20,24.772,25.51,24.219,25.141,48266,0,2.616326530612234,24.8438,25.071,25.2248,25.067092680016017,25.92059476707889,24.529005232921108,1.9097032776041671,41.86139404833233,46472.5,5.330525620380694,1.489585015339899,-1.256824162444525,0.0258268620677407
2015-04-21,25.393,25.704,25.189,25.5,38682,0,1.4279463824032446,24.9914,25.1331,25.2277,25.108321948585917,25.927776717600256,24.52762328239974,1.7973436902349638,51.8479408658923,46356.5,2.044543253007267,0.4213759697554417,2.4960810321958293,0.0141784725459583
2015-04-22,25.607,26.587,24.966,26.092,69345,0,2.321568627450965,25.2224,25.2039,25.27285,25.202005572530116,26.07189634606356,24.473803653936436,1.8312847825428824,55.07389162561573,48711.1,6.492830249138823,1.8940133557230423,2.7891585250551465,0.0229503017694689
2015-04-23,26.112,26.17,25.432,25.849,33276,0,-0.9313199448106602,25.4164,25.2766,25.32135,25.26362408943201,26.137314724469505,24.5053852755305,1.8234535996945884,54.44098169068952,47789.1,2.9018559295376027,-1.0071997549019538,2.8938778759652894,-0.0093568384472201
2015-04-24,25.849,26.062,25.204,25.287,44847,0,-2.174165344887624,25.5738,25.2524,25.3296,25.26585036662896,26.14039828109785,24.51880171890215,1.9110592319881496,48.45415778251599,46915.1,3.404221552134584,-2.174165344887621,-0.9479415566610584,-0.0219814858031745
2015-04-27,25.364,25.577,24.917,25.102,67272,0,-0.7316012180171527,25.566,25.2049,25.312599999999996,25.250245569807156,26.12772140522918,24.49747859477081,1.9189070540416384,52.13152360925252,48444.95,2.6487939960669427,-1.0329601009304543,-1.857137271767606,-0.0073429054452002
2015-04-28,25.072,25.287,24.577,24.83,74306,0,-1.0835789976894383,25.432,25.2117,25.256300000000003,25.210222182206476,26.039216840377705,24.4733831596223,1.647764854435015,44.45778311324528,49765.05,2.888879847011422,-0.9652201659221477,0.2746143284064306,-0.0108949247181793
2015-04-29,24.772,24.772,23.927,24.306,50170,0,-2.110350382601678,25.0748,25.1486,25.205350000000003,25.124105783901097,26.09481897818728,24.315881021812725,1.758148135093618,42.24334600760457,50099.35,3.531575207924098,-1.8811561440335764,-2.530376548903235,-0.0213293660714665
2015-04-30,24.082,24.267,23.5,23.578,72423,0,-2.995145231630058,24.620600000000003,25.0185,25.105399999999996,24.976857614005755,26.23568462181673,23.97511537818326,1.9617363120271676,32.52105357462821,51845.5,3.2638297872340405,-2.0928494311103782,-5.229309859721054,-0.0304091595786728
2015-05-01,23.792,24.189,21.967,23.947,83549,0,1.565018237339899,24.3526,24.9632,25.033099999999997,24.878775936481397,26.26623565224662,23.799964347753377,2.0279255645587586,36.1911216536767,53751.35,10.115172759138714,0.651479488903823,-2.2571428571428576,0.0155289811808452
2015-05-04,23.84,24.073,23.607,23.927,88391,0,-0.0835177684052279,24.1176,24.8418,24.9564,24.788130609197456,26.265932885782927,23.64686711421707,1.7736915728686071,41.82494615233992,55415.1,1.97399076545093,0.3649328859060392,-4.828765761107345,-0.0008355266392408
2015-05-05,23.743,24.189,22.995,23.539,100651,0,-1.62159903038408,23.8594,24.6457,24.8894,24.66916578927389,26.344620352277893,23.43417964772211,1.6683262771847442,36.8609022556391,58025.1,5.192433137638613,-0.8592006064945334,-7.6901960784313665,-0.01634890836535
2015-05-06,23.762,24.044,23.422,23.985,46403,0,1.8947278983814095,23.7952,24.435,24.81945,24.604007142676377,26.30866490796488,23.33023509203512,1.5833235084156638,42.16888577435176,57769.75,2.6556229186235156,0.93847319249221,-8.075272114057952,0.0187700149078372
2015-05-07,23.685,24.16,23.685,23.985,34958,0,0.0,23.8766,24.2486,24.7626,24.545054081469104,26.289516176653414,23.235683823346584,1.6037738816729352,45.1679489585288,57698.85,2.0054887059320308,1.266624445851808,-7.211110681264266,0.0
2015-05-08,24.122,24.364,23.714,24.054,60163,0,0.2876797998749181,23.898000000000003,24.1253,24.68885,24.498287026091095,26.202330516453305,23.175369483546692,1.5460561120844334,38.57473197393313,56936.5,2.740996879480485,-0.281900339938651,-4.876023253054928,0.0028726679343976
2015-05-11,24.054,24.364,23.889,24.092,49553,0,0.1579778830963718,23.931,24.0243,24.6146,24.459593023606228,26.08984262411291,23.139357375887087,1.556032193990284,34.129846708746584,56184.45,1.9883628448239832,0.1579778830963676,-4.023583778185014,0.0015785322930497
2015-05-12,24.141,24.257,23.704,23.995,40614,0,-0.4026232774364868,24.0222,23.940800000000003,24.57625,24.415346068977065,26.07504823788737,23.07745176211263,1.5375288699781002,23.395077391524964,56283.55,2.3329395882551505,-0.6047802493682832,-3.3628674989931384,-0.0040343598712657
2015-05-13,23.995,24.442,23.811,24.219,46771,0,0.9335278182954764,24.069,23.9321,24.54035,24.3966464433602,26.03716012050348,23.04353987949652,1.4445706282290878,29.21978582355939,56825.15,2.6500356977867385,0.933527818295479,-0.3579363120217227,0.0092919737707792
2015-05-14,24.384,24.801,23.82,24.17,32452,0,-0.2023204921755672,24.106,23.991300000000003,24.5049,24.375061067802086,26.001523132254587,23.008276867745412,1.0120685960700335,33.616896450572014,56350.45,4.118387909319892,-0.8776246719160049,2.510815166680813,-0.0020252543655965
2015-05-15,24.199,25.607,23.937,24.957,91397,0,3.2561026065370147,24.2866,24.0923,24.527749999999997,24.430483823249507,26.037951223957137,23.017548776042855,1.342890091801036,48.19247070555972,58674.45,6.976647031791779,3.132360841357077,4.217647304464034,0.0320421492544685
2015-05-18,24.947,25.126,24.422,25.034,32127,0,0.3085306727571346,24.475,24.203,24.5224,24.4879615543686,26.02418860380742,23.020611396192574,1.332172184318854,52.672955974842786,57867.5,2.882646793874378,0.3487393273740319,4.626572491327785,0.0030805569359713
2015-05-19,25.345,25.345,24.315,24.559,48370,0,-1.8974195094671131,24.5878,24.305,24.47535,24.49472712061921,25.905430347392944,23.045269652607058,1.3820102615729424,53.35810990177862,58351.9,4.236068270614837,-3.101203393174188,4.333234207060621,-0.0191565150682115
2015-05-20,24.752,24.937,24.335,24.704,48008,0,0.5904149191742425,24.684800000000003,24.3769,24.40595,24.514657871036427,25.62481599151124,23.18708400848876,1.2870807649127238,67.68216080402019,57285.05,2.473803164166839,-0.193923723335481,2.9977069001459355,0.0058867880047456
2015-05-21,24.675,24.762,23.957,24.199,41723,0,-2.044203367875641,24.6906,24.3983,24.32345,24.484595216652007,25.33715326292395,23.30974673707605,1.4873404553825853,53.79518072289162,57707.4,3.3601870017113984,-1.9290780141843933,0.892224306858469,-0.0206538638475648
2015-05-22,24.238,24.238,23.704,23.792,63460,0,-1.6818876813091466,24.457600000000003,24.3721,24.2487,24.418633767447055,25.180402708400916,23.316997291599083,1.5866371479336514,48.179120582681435,58638.05,2.252784340195743,-1.84008581566135,-1.089215930822307,-0.0169619202770015
2015-05-26,23.889,24.059,23.587,23.917,48966,0,0.5253866845998711,24.2342,24.3546,24.18945,24.370859122928287,25.039839997217697,23.339060002782304,1.597445320184402,55.4878048780488,57722.75,2.001102302115578,0.1172087571685807,-0.7263822015606713,0.0052401134389285
2015-05-27,23.995,24.199,23.792,24.16,50892,0,1.0160137140945658,24.154400000000003,24.3711,24.155949999999997,24.350777301697025,24.951085599160365,23.36081440083963,1.626508098204155,52.69978401727863,56552.05,1.710659045057162,0.6876432590122906,0.6876432590122938,0.0101088699098863
2015-05-28,24.16,24.675,23.985,24.462,74308,0,1.2499999999999956,24.106,24.3954,24.16375,24.36136993963064,24.96809056023652,23.35940943976348,1.6478898885278856,56.73158340389503,57758.95,2.8767979987492236,1.2499999999999982,1.0033444816053505,0.0124225199985571
2015-05-29,24.403,24.714,24.073,24.189,65624,0,-1.116016678930587,24.104000000000003,24.3973,24.1943,24.344953754903912,24.949903098263075,23.43869690173693,1.691998362624619,51.801441152922365,57419.0,2.662734183525104,-0.8769413596688875,0.0786098469176543,-0.0112229086941766
2015-06-01,24.412,24.747,24.063,24.394,56755,0,0.8474926619537637,24.2244,24.341,24.21665,24.349624825865444,24.96788456985609,23.465415430143914,1.3081498445539907,53.857945835462445,56079.3,2.842538336865732,-0.0737342290676744,-2.2558801137957385,0.0084392160500516
2015-06-02,24.267,24.684,24.082,24.102,45832,0,-1.1970156595884185,24.2614,24.2478,24.2254,24.32604150911635,24.966436940623012,23.48436305937699,1.3270411383064882,51.302019956193725,53951.35,2.499792376048502,-0.6799357151687442,-3.7229368059439105,-0.0120423758158463
2015-06-03,24.17,24.645,24.17,24.49,42032,0,1.6098249107957765,24.3274,24.2409,24.27295,24.341656603486225,24.94761060863341,23.598289391366592,1.3420978001571764,53.17107418675402,51020.4,1.9652461729416544,1.3239553165080542,-0.2809560649863707,0.0159700463588761
2015-06-04,24.462,24.577,23.782,23.917,26270,0,-2.339730502245807,24.2184,24.1622,24.26955,24.30121311743992,24.950972189247977,23.58812781075203,1.5041059406429598,47.362935167813205,50013.75,3.342864351189983,-2.227945384678269,-3.1857189119170903,-0.0236753678073485
2015-06-05,24.015,24.229,23.462,24.16,38735,0,1.0160137140945658,24.2126,24.1583,24.2783,24.287764249112307,24.948743403945652,23.607856596054344,1.4218069413622467,40.63014342816831,50202.6,3.2691160173898197,0.6037892983551929,-0.1611636844497721,0.0101088699098863
2015-06-08,24.199,24.199,23.5,23.792,102917,0,-1.523178807947012,24.0922,24.1583,24.2652,24.240548606339708,24.963746340247503,23.566653659752497,1.4017783472075156,36.333626760563355,52340.3,2.97446808510639,-1.6818876813091452,0.0,-0.0153489833488148
2015-06-09,23.665,23.82,23.384,23.559,55674,0,-0.9793207800941506,23.983600000000003,24.1225,24.23855,24.175639215259736,25.002522850164823,23.474577149835177,1.420805209304373,38.37749883774984,52646.35,1.8645227505986997,-0.447918867525874,-1.4968432495714334,-0.009841476656952
2015-06-10,23.655,24.059,23.539,23.802,48979,0,1.0314529479179768,23.846,24.0867,24.228900000000003,24.140054528092143,25.01049833539628,23.447301664603728,1.4222105876523128,39.74999999999995,53064.6,2.2090997918348254,0.6214331008243436,-1.4817880794702032,0.0102616976994006
2015-06-11,23.908,23.927,23.597,23.927,36458,0,0.5251659524409646,23.848000000000003,24.0332,24.2143,24.1197636206548,25.00749980890164,23.42110019109836,1.3606323931272537,46.61691542288554,52548.95,1.3984828579904152,0.0794713066755828,-2.187065652849318,0.0052379176512919
2015-06-12,23.84,23.967,23.646,23.694,21841,0,-0.9737952940193084,23.7548,23.9837,24.1905,24.07921470440196,25.01715578657212,23.36384421342788,1.350847425708478,48.72594903796148,52018.4,1.3575234712001945,-0.6124161073825537,-2.046384720327421,-0.0097856768789727
2015-06-15,23.694,23.694,22.84,23.335,81592,0,-1.5151515151515027,23.663400000000003,23.8778,24.1094,24.008337113506535,24.937685839296098,23.281114160703908,1.3542223207386836,42.86764705882349,51528.15,3.739054290718035,-1.5151515151515078,-4.341231450356631,-0.0152674721307883
2015-06-16,23.384,24.325,22.82,24.229,56867,0,3.8311549175058746,23.797400000000003,23.8905,24.06915,24.02935262650591,24.77786129152591,23.360438708474092,1.8735626736791189,50.72923272035511,52765.15,6.5950920245398725,3.6135819363667414,0.5269272259563529,0.0375958834235127
2015-06-17,24.229,24.374,23.869,23.908,34924,0,-1.3248586404721483,23.8186,23.8323,24.0366,24.01779523350535,24.709475494856537,23.363724505143463,1.8347012388270831,44.16842105263157,52092.85,2.1157149440697096,-1.324858640472153,-2.376480195998354,-0.0133371318632839
2015-06-18,24.054,24.714,24.005,24.549,42856,0,2.6811109252133036,23.943,23.8955,24.02885,24.0683861636477,24.672285933096276,23.38541406690372,1.878235751639722,53.51699882766707,51835.25,2.953551343470109,2.0578697929658314,2.6424718819249904,0.0264579892513464
2015-06-19,24.617,26.364,24.384,25.83,185127,0,5.218135158254911,24.3702,24.0625,24.1104,24.236158909966964,25.141365699567007,23.07943430043299,2.446176174550359,61.59186309331615,59005.45,8.120078740157483,4.927489133525602,6.9122516556291425,0.0508654868943946
2015-06-22,25.879,25.879,24.577,24.772,53983,0,-4.096012388695314,24.6576,24.1605,24.1594,24.287191394732016,25.21939451835698,23.099405481643014,2.813384582728068,54.8132183908046,58531.6,5.297636001139275,-4.277599598129768,4.119031607262924,-0.0418226240319346
2015-06-23,24.889,25.015,24.345,24.714,40757,0,-0.2341353140642654,24.7546,24.276,24.19925,24.32783983332897,25.280585212644414,23.11791478735558,2.7813060055266794,51.689291101055815,58121.15,2.7521051550626483,-0.7031218610631231,4.902584999363291,-0.0023440983938157
2015-06-24,24.714,24.947,24.277,24.422,27816,0,-1.1815165493242574,24.8574,24.338,24.21235,24.33680746825002,25.298022486235105,23.126677513764896,2.8233081582491857,53.97700425263821,56967.35,2.7598138155455705,-1.181516549324262,2.604823124107214,-0.0118855192711684
2015-06-25,24.432,24.927,23.957,24.384,75822,0,-0.1555974121693615,24.8244,24.383699999999997,24.20845,24.34130199508335,25.290902084754315,23.125997915245684,2.825295040283947,51.82291666666667,57043.05,4.048920983428638,-0.1964636542239614,1.9099761775400292,-0.0015571859065943
2015-06-26,24.267,24.645,23.83,23.83,183788,0,-2.271981627296593,24.4244,24.3973,24.1905,24.292606566980172,25.286136224684817,23.094863775315183,2.914899158702528,50.300157977883075,62951.25,3.420058749475457,-1.8007994395681428,0.5739849750991732,-0.022981888393585
2015-06-29,23.879,24.559,23.733,24.132,106007,0,1.2673101133025666,24.2964,24.477,24.1774,24.27731070345825,25.26904933640968,23.08575066359032,2.876661050059868,54.47726207219879,65413.85,3.480385960476975,1.0595083546212156,3.4154703235483197,0.0125934694678646
2015-06-30,24.16,24.51,23.694,24.015,321297,0,-0.4848334162108392,24.1566,24.455599999999997,24.17305,24.252328731700324,25.266656005257985,23.079443994742014,2.611810606901422,51.697752271640375,79187.1,3.4439098505950985,-0.6001655629139055,-0.8832390936481027,-0.0048601254617275
2015-07-01,24.354,24.374,23.82,24.092,40487,0,0.3206329377472228,24.0906,24.474,24.15315,24.237059328681244,25.236912311287817,23.069387688712187,2.5747155749034336,51.32530120481927,79109.85,2.325776658270355,-1.0757986367742485,0.7696168646478041,0.0032012000646867
2015-07-02,24.092,24.189,23.257,23.549,55013,0,-2.2538602025568677,23.9236,24.374,24.13475,24.17152986880684,25.247501710140465,23.021998289859535,2.49817409915847,48.890589135424634,80547.0,4.007395622823229,-2.2538602025568624,-4.07348568169783,-0.0227964784656306
2015-07-06,23.481,23.802,23.132,23.529,41518,0,-0.0849292963607806,23.8634,24.1439,24.1032,24.110336547968092,25.248250235624944,22.958149764375055,1.564443472641396,51.56552614590058,80686.15,2.8964205429707683,0.2044205953749766,-8.908246225319393,-0.0008496538172049
2015-07-07,23.637,23.637,22.704,23.335,38220,0,-0.8245144290024986,23.704,24.0002,24.08035,24.03649497197113,25.268958965843552,22.891741034156446,1.0986221448234486,41.86681222707424,77451.3,4.109408033826638,-1.2776579092101348,-5.800904246730165,-0.00827932349686
2015-07-08,23.18,23.18,22.753,22.967,35542,0,-1.5770302121277169,23.4944,23.8255,24.05075,23.93463830797388,25.320725362379957,22.780774637620045,1.1318160388641465,41.51181670575498,76444.7,1.8766756032171563,-0.918895599654879,-7.0688678481832135,-0.0158959763675011
2015-07-09,23.335,23.5,22.84,23.199,41002,0,1.0101449906387616,23.3158,23.7032,24.0206,23.864577516738272,25.34299008497552,22.69820991502448,1.240494419304799,36.85235683677448,76045.85,2.889667250437829,-0.5828155131776268,-5.007779870608465,0.0100507712607303
2015-07-10,23.374,23.617,23.083,23.403,23180,0,0.879348247769296,23.2866,23.6051,23.9944,23.82061775323939,25.345059784191054,22.64374021580894,1.313926624021381,20.08873551885631,75381.95,2.313390807087478,0.1240694789081882,-4.02312992125985,0.0087550449792776
2015-07-13,23.325,23.792,23.18,23.752,60576,0,1.491261804042221,23.3312,23.5973,23.997300000000003,23.814082729121353,25.34549085014716,22.649109149852848,1.2564863411645013,34.76702508960575,77318.7,2.640207075064719,1.8306538049303305,-0.3273185060847616,0.0148025181871729
2015-07-14,23.597,24.024,23.495,23.704,44119,0,-0.2020882452003936,23.405,23.554499999999997,24.01575,23.803598659681224,25.335579634141222,22.695920365858775,1.1715280501337624,34.871180347513516,75445.05,2.2515428814641405,0.4534474721362856,-1.7735786507541929,-0.0020229271901944
2015-07-15,23.646,23.806,23.315,23.472,19495,0,-0.978737765777926,23.506,23.5002,23.9779,23.77201783494968,25.315281557962575,22.640518442037425,1.1963039862447309,35.50945698596708,73576.45,2.1059403817284994,-0.735853844201977,-2.261086820737035,-0.0098355888706381
2015-07-16,23.51,23.665,23.092,23.452,34203,0,-0.0852079072937939,23.5566,23.4362,23.9551,23.741539945906855,25.312891379991196,22.5973086200088,1.1826570101245368,35.705521472392675,73540.4,2.4813788324961044,-0.2467035304125896,-2.656483479993343,-0.0008524422986572
2015-07-17,23.51,23.607,23.307,23.539,13290,0,0.3709704929217183,23.5838,23.4352,23.9046,23.722250427249055,25.244396119603543,22.564803880396457,0.9623591404014076,44.79054779806665,72062.1,1.2871669455528414,0.1233517652062948,-0.0424646481803847,0.0037028409442213
2015-07-20,23.51,23.51,23.19,23.307,32039,0,-0.9855983686647862,23.4948,23.413,23.77845,23.682702767511053,24.789774191865337,22.767125808134665,1.0120466499362617,34.85126698494301,64407.7,1.3799051315222088,-0.8634623564440789,-0.9435165115389554,-0.0099048754097967
2015-07-21,23.238,23.452,22.617,22.714,30803,0,-2.5442999957094425,23.2968,23.350900000000003,23.67555,23.59044536108143,24.67999621558321,22.671103784416793,1.2651726874209823,29.66552047514844,63248.7,3.691913162665256,-2.2549272742921116,-2.661238482965511,-0.0257722701669388
2015-07-22,22.568,22.762,22.132,22.325,46153,0,-1.712600158492561,23.0674,23.2867,23.5561,23.46992675526415,24.60767263682816,22.50452736317184,1.281449797951721,24.83622899458844,63518.5,2.846557021507315,-1.0767458348103602,-2.795315017198585,-0.0172743477068918
2015-07-23,22.384,22.568,22.229,22.5,24313,0,0.7838745800671898,22.877,23.2168,23.46,23.377552778572326,24.529523651961313,22.39047634803869,1.2580060113458469,33.31212217626472,63343.35,1.5250348643663785,0.5182273052180113,-3.01306090779776,0.0078081824478117
2015-07-24,22.384,22.472,22.132,22.132,27919,0,-1.6355555555555457,22.5956,23.0897,23.3474,23.25892870442258,24.479669895293902,22.2151301047061,1.247757817669675,29.99140647378977,60948.2,1.5362371227182352,-1.125804145818437,-5.43092765884714,-0.016490784174511
2015-07-27,21.772,22.035,21.112,21.977,38839,0,-0.7003433941803805,22.3296,22.9122,23.25475,23.136840256382335,24.516584900368844,21.99291509963116,1.021356457025793,30.33024333719584,53700.75,4.371921182266019,0.9415763365791008,-7.473054900639942,-0.0070280730917895
2015-07-28,22.132,22.277,21.384,22.112,57589,0,0.6142785639532189,22.2092,22.753,23.15375,23.03923642244116,24.443006803457916,21.86449319654208,1.101205336516854,36.71947809878843,51279.85,4.176019453797235,-0.090366889571675,-6.7161660479244105,0.0061239956411855
2015-07-29,22.403,22.403,21.326,21.326,66139,0,-3.5546309696092515,22.0094,22.538400000000003,23.0193,22.876071048875335,24.479851604522427,21.558748395477576,1.429331389556851,25.17890272992308,38521.95,5.0501734971396335,-4.80739186716064,-9.142808452624408,-0.0361934619892714
2015-07-30,21.277,21.705,21.161,21.578,31422,0,1.1816561943167825,21.825,22.351,22.8936,22.752445234696733,24.397517886895976,21.389682113104023,1.5638129625652293,26.1188170635959,38068.7,2.5707669769859502,1.414673121210689,-7.990789698106782,0.0117472915331604
2015-07-31,20.482,22.122,19.433,21.54,118782,0,-0.1761052924274753,21.7066,22.1511,22.79315,22.63697425996371,24.37889455698241,21.207405443017592,1.52671767003385,18.49002849002845,41257.15,13.837287088972367,5.165511180548774,-8.492289392072738,-0.0017626054009058
2015-08-03,21.598,22.122,20.87,21.19,73115,0,-1.624883936861643,21.549200000000003,21.9394,22.6762,22.499167187586217,24.374456145827665,20.977943854172334,1.5452317494219707,17.025183630640043,42837.0,5.999041686631522,-1.8890638022038972,-9.083108079117851,-0.0163822994480347
2015-08-04,21.112,21.122,20.87,20.908,26682,0,-1.3308164228409636,21.3084,21.7588,22.55485,22.34762745543515,24.395750726332043,20.71394927366796,1.4496649780888256,16.8047643707923,42260.1,1.207474844274072,-0.966275104206125,-7.951043409351055,-0.0133975114295323
2015-08-05,21.005,21.394,20.666,21.375,31833,0,2.2335947962502267,21.3182,21.6638,22.47525,22.25499626920323,24.37775824744027,20.57274175255973,1.69472389136099,25.899280575539507,42074.65,3.5226942804606503,1.7614853606284266,-4.255319148936165,0.0220901539721483
2015-08-06,21.491,21.491,20.782,20.987,22984,0,-1.8152046783625808,21.2,21.5125,22.36465,22.1342347197553,24.345571133422883,20.38372886657712,1.688718110149032,22.32104121475048,41173.75,3.41160619767106,-2.3451677446372963,-6.724444444444455,-0.0183188164075398
2015-08-07,20.987,21.103,20.705,20.987,13392,0,0.0,21.0894,21.398000000000003,22.24385,22.0249742702548,24.252626875823044,20.23507312417696,1.6650108264602987,23.503883051621713,40684.35,1.9222410045882796,0.0,-5.173504427977605,0.0
2015-08-10,20.967,21.045,20.51,20.724,49655,0,-1.2531567160623205,20.9962,21.2727,22.09245,21.90107195880196,24.078936713561696,20.105963286438303,1.6808671596928644,25.41996047430827,40138.3,2.608483666504145,-1.1589640864215127,-5.701415115802888,-0.0126107494627422
2015-08-11,20.588,20.656,20.113,20.472,39346,0,-1.2159814707585317,20.909,21.1087,21.93085,21.764969867487487,23.8910104955769,19.9706895044231,1.63633639810151,26.310406545640475,39899.65,2.699746432655493,-0.5634350106858348,-7.416787264833557,-0.012234350095054
2015-08-12,20.385,20.743,20.2,20.491,28948,0,0.0928096912856446,20.7322,21.0252,21.7818,21.64363940391725,23.701465277840537,19.862134722159464,1.3187902542108831,23.249001331557835,40372.3,2.6881188118811847,0.5199901888643517,-3.915408421644939,0.0009276664972076
2015-08-13,20.52,20.675,20.385,20.462,23695,0,-0.1415255478014687,20.6272,20.9136,21.6323,21.53110231782989,23.468176053607575,19.796423946392427,1.204956644870814,25.55620608899288,39846.9,1.422614667647776,-0.2826510721247555,-5.171934377606824,-0.0014162578979472
2015-08-14,20.385,20.996,20.385,20.977,15247,0,2.5168605219431095,20.6252,20.8573,21.5042,21.47833066851276,23.1248116584079,19.8835883415921,1.5442789758387565,36.758474576271155,39944.75,2.9973019376992744,2.904096149129255,-2.613741875580311,0.0248570919599042
2015-08-17,20.84,21.025,20.423,20.957,21016,0,-0.0953425179958999,20.6718,20.834,21.3867,21.4286801286544,22.782070556330055,19.99132944366994,1.4672180341312857,34.225621414913945,39393.6,2.947657053322237,0.5614203454894476,-1.0995752713544138,-0.0009538799788466
2015-08-18,20.821,20.899,20.385,20.53,35130,0,-2.037505368134751,20.6834,20.7962,21.2775,21.343091544973028,22.573830610851545,19.981169389148455,1.5478442874965093,37.946698970320995,39609.95,2.5214618592102003,-1.3976273954180891,-1.8079204132389504,-0.0205854884069636
2015-08-19,20.385,20.675,20.297,20.482,56970,0,-0.2338041889917264,20.6816,20.7069,21.18535,21.261082826404166,22.42911157386805,19.94158842613195,1.2984079910276698,32.31116849580371,40150.8,1.8623441887963743,0.475840078489074,-4.177777777777781,-0.0023407793775964
2015-08-20,20.394,20.695,20.161,20.307,47389,0,-0.8544087491455965,20.6506,20.6389,21.0757,21.170217795318056,22.2136307351038,19.9377692648962,1.2165194572272906,30.94281298299842,41304.6,2.648678140965224,-0.4265960576640176,-3.2401010149139986,-0.0085807974586656
2015-08-21,19.977,20.385,19.773,20.248,56661,0,-0.2905402078100971,20.5048,20.565,20.9815,21.08238752909729,22.061710018565673,19.901289981434328,1.2114280503970576,34.001358695652144,42741.7,3.095129722348667,1.3565600440506622,-3.521227426502105,-0.0029096309517571
2015-08-24,19.647,20.239,19.248,19.618,53635,0,-3.111418411694999,20.237,20.4544,20.863549999999996,20.942922050135643,21.999787831849225,19.72731216815077,1.4782785196179835,30.40704738760627,43481.5,5.1485868661679115,-0.1476052323509946,-5.336807566106938,-0.0316085111006992
2015-08-25,19.812,20.073,18.841,18.928,57691,0,-3.51717810174329,19.9166,20.3,20.70435,20.751024712027487,21.986885034916615,19.42181496508338,1.7498656279077176,15.192034139402535,43486.6,6.538931054614931,-4.461942257217849,-7.542008597108252,-0.0358052049060928
2015-08-26,18.967,19.355,18.637,19.326,74587,0,2.1027049873203696,19.6854,20.1835,20.60435,20.615308072786775,21.990496232886866,19.218203767113135,1.9621716641212492,26.43971631205673,43909.0,3.852551376294467,1.892761111404027,-5.68542286857644,0.0208090323410857
2015-08-27,20.122,20.86,19.258,19.918,44607,0,3.06323088067888,19.6076,20.1291,20.52135,20.548897780140415,21.860002783093247,19.182697216906757,2.2758767177535044,37.01724556716054,44568.25,8.318620832900615,-1.0138157240830965,-2.658586648421468,0.030172505932331
2015-08-28,19.85,20.705,19.093,20.394,23076,0,2.3897981725072848,19.6368,20.0708,20.46405,20.534145610603233,21.714301591522418,19.213798408477583,2.259031720085805,46.18937644341799,39782.95,8.442884826899903,2.7405541561712687,-2.779234399580499,0.0236168944325862
2015-08-31,20.394,20.637,20.015,20.452,36881,0,0.2843973717760351,19.8036,20.0203,20.42715,20.526322219117212,21.62984631727133,19.224453682728672,2.2652612069014566,49.75822050290136,37971.25,3.107669248063951,0.2843973717760292,-2.40969604428114,0.002839937275719
2015-09-01,20.025,20.482,20.025,20.19,37293,0,-1.281048308233912,20.056,19.9863,20.39125,20.49429153158224,21.576245647337824,19.206254352662175,2.2097929687520206,46.56314226992466,38501.8,2.282147315855185,0.8239700374531971,-1.6561130053580064,-0.0128932448930066
2015-09-02,20.326,20.452,19.948,20.142,38427,0,-0.2377414561664292,20.2192,19.9523,20.3296,20.460739957145833,21.423926690372767,19.23527330962723,2.2098109343768124,46.36198271941792,38831.5,2.526569079606985,-0.90524451441504,-1.659994141197152,-0.0023802450987933
2015-09-03,20.336,20.336,19.725,19.908,23283,0,-1.1617515638963294,20.2172,19.9124,20.27565,20.40809805646528,21.33947888908989,19.21182111091012,2.2228690378318268,37.01724556716057,38846.45,3.097591888466398,-2.1046420141620636,-1.9648397104446655,-0.011685526229645
2015-09-04,19.908,20.142,19.831,19.967,18132,0,0.2963632710468067,20.1318,19.884300000000003,20.22465,20.366088717754295,21.241658259553013,19.207641740446988,2.2272511620432827,38.08950914340709,39083.45,1.5682517270939431,0.2963632710468027,-1.3877913868036496,0.0029592498084527
2015-09-08,20.239,20.355,19.987,20.297,39766,0,1.6527269995492588,20.1008,19.9522,20.2033,20.359508839872937,21.193751274074017,19.212848725925983,2.015055334401347,47.129834934712974,38589.0,1.8411967779056495,0.2865754236869402,3.4611071464981213,0.0163921810707289
2015-09-09,20.385,20.385,19.948,19.967,63460,0,-1.6258560378381135,20.0562,20.056099999999997,20.17805,20.322127045599323,21.165402328731584,19.19069767126842,1.670018318498094,44.068187053674265,39794.7,2.190695809103675,-2.0505273485406073,5.489222316145392,-0.016392181070729
2015-09-10,19.957,20.006,19.666,19.88,34347,0,-0.4357189362447999,20.0038,20.1115,20.1475,20.2800197079232,21.131887279371547,19.163112720628455,1.5988996308595698,44.980014107688696,40064.65,1.7288721651581402,-0.3858295334970272,2.866604574148801,-0.0043667095763325
2015-09-11,19.657,20.006,19.598,19.918,26374,0,0.1911468812877181,20.0058,20.1115,20.1203,20.24554164050194,21.098138669289025,19.142461330710976,1.2705160967715765,46.101134215500934,40198.6,2.0818450862332956,1.3277712774075354,0.0,0.0019096442810197
2015-09-14,19.918,20.152,19.802,19.948,34511,0,0.1506175318807256,20.002,20.0669,20.06885,20.21720434140652,20.96146420321912,19.176235796780883,0.9643906311270058,54.54295154185025,41161.8,1.7674982325017747,0.1506175318807166,-2.186917720898296,0.0015050421744284
2015-09-15,19.918,20.152,19.899,20.093,24210,0,0.7268899137758078,19.9612,20.031,20.02565,20.205375356510658,20.8149279578424,19.236372042157605,0.9994506810745644,68.86945254292189,41321.5,1.2714206744057497,0.8786022693041505,-1.7553295521220535,0.0072426080185397
2015-09-16,20.015,20.152,19.938,19.938,43062,0,-0.7714129298760808,19.955399999999997,20.0058,19.99605,20.179911036842977,20.749267512443552,19.24283248755645,0.9483257444812,60.75949367088603,41718.1,1.0733273146755051,-0.3847114664002085,-1.2481426448737063,-0.0077440371019038
2015-09-17,19.948,20.647,19.948,20.452,35532,0,2.577991774500976,20.0698,20.0368,19.99455,20.20582427142936,20.74380183033622,19.24529816966378,1.272558899479184,59.65292841648591,40646.2,3.5041106877882395,2.526569079606985,1.539072584649004,0.0254532186172408
2015-09-18,20.103,20.355,19.763,20.035,157209,0,-2.0389203989829907,20.093200000000003,20.0495,19.98095,20.18955529319799,20.716063159924207,19.245836840075793,1.3978599306847643,43.369043221278226,46137.2,2.9954966351262393,-0.3382579714470546,0.6379344986939817,-0.0205999331296449
2015-09-21,20.19,20.52,20.19,20.452,98900,0,2.0813576241577314,20.194,20.098,19.99115,20.214550027179136,20.74722720992465,19.235072790075353,1.536710178569908,50.0,48249.15,1.6344725111441225,1.2976721149083723,2.429007862973931,0.020599933129645
2015-09-22,20.239,20.355,19.967,20.239,67581,0,-1.041462937610016,20.2232,20.0922,20.0222,20.216878596019217,20.764636557629196,19.279763442370808,1.4993489311000598,50.81206496519721,48946.45,1.943206290379134,0.0,-0.2857565157412423,-0.0104692411336842
2015-09-23,20.2,20.608,19.977,20.307,48386,0,0.3359849794950298,20.297,20.1262,20.091150000000003,20.22546158687453,20.635404690765352,19.546895309234653,1.39003410455692,52.71649654264074,48481.2,3.1586324272913866,0.5297029702970264,1.7028096358992384,0.0033542181105116
2015-09-24,20.093,20.365,19.899,20.122,62500,0,-0.9110159058452694,20.231,20.1504,20.13095,20.21560810241029,20.538982235567484,19.722917764432513,1.4211158397268753,53.58099062918336,47876.85,2.341826222423225,0.1443288707510074,1.217303822937632,-0.0091519103247212
2015-09-25,20.21,20.21,19.443,19.453,48420,0,-3.3247192128019076,20.114600000000003,20.103900000000003,20.1077,20.142978759323594,20.609126638386165,19.606273361613837,1.7910944461325744,42.85714285714289,48067.5,3.94486447564676,-3.745670460168241,-2.334571744151015,-0.0338124440541789
2015-09-28,19.413,19.52,18.977,19.074,64991,0,-1.948285611473799,19.839,20.0165,20.0417,20.041171258435632,20.705617274490915,19.37778272550908,1.8641376260826723,33.232794077323874,50163.25,2.861358486589025,-1.7462525112038254,-4.381391618207331,-0.0196751486589592
2015-09-29,19.065,19.647,19.015,19.268,59958,0,1.0170913285100005,19.6448,19.934,19.9825,19.96753590048938,20.701257260832204,19.263742739167792,1.8862993776634025,40.04557106237543,51317.1,3.323691822245584,1.064778389719378,-4.105907529985564,0.0101195376112535
2015-09-30,19.355,20.19,19.23,20.122,176267,0,4.432219223583145,19.6078,19.9524,19.9791,19.98224676710944,20.69435921690492,19.26384078309508,2.416427305724767,52.828424497428706,58265.8,4.992199687987524,3.9628003099974136,0.922860868692954,0.0433680551018846
2015-10-01,19.996,20.239,19.045,19.365,47286,0,-3.7620514859358023,19.4564,19.8437,19.94025,19.923461360718065,20.701201724036945,19.179298275963053,2.528416695619637,44.4666800080048,58708.75,6.269362037280121,-3.1556311262252468,-5.314883629962852,-0.0383464309031435
2015-10-02,19.22,19.462,18.928,19.404,29978,0,0.2013942680092917,19.4466,19.7806,19.91505,19.87398885017349,20.7129813979212,19.1171186020788,2.4772161201861307,44.56652017578905,59043.5,2.8212172442941617,0.957336108220609,-3.1494883953082087,0.0020119174162545
2015-10-05,19.608,20.322,19.462,20.258,36474,0,4.401154401154406,19.6834,19.7612,19.9296,19.910561340633155,20.74200135271536,19.11719864728464,2.810375336632323,51.44356955380577,59960.6,4.418867536738256,3.3149734802121507,-0.9485624877762722,0.0430705468816353
2015-10-06,20.258,20.433,20.064,20.268,45020,0,0.0493632145325273,19.8834,19.7641,19.92815,19.94460311771571,20.73788947077151,19.118410529228495,2.789136047373086,52.962298025134665,60223.3,1.839114832535884,0.049363214532538,0.143287711843465,0.0004935103490578
2015-10-07,20.336,20.647,20.113,20.336,64284,0,0.335504243141882,19.9262,19.767000000000003,19.946599999999997,19.981879011266596,20.77662787524469,19.116572124755304,2.7891305575936056,48.86807181889146,60264.5,2.654999254213687,0.0,0.1428078987541159,0.0033494268334347
2015-10-08,20.452,21.219,20.423,20.938,49347,0,2.96026750590086,20.2408,19.8486,19.9995,20.07293815305073,20.93926088784052,19.05973911215948,2.907230471112787,58.50442644565831,61014.5,3.8975664691769234,2.3762957168002985,4.055262896332357,0.0291729754500649
2015-10-09,20.938,21.025,20.51,20.666,18440,0,-1.299073454962263,20.4932,19.9699,20.0369,20.129420233712565,21.021472554862513,19.05232744513749,2.677566532899917,52.07203718048023,60617.8,2.510970258410517,-1.2990734549622625,6.235542075772371,-0.0130758521049999
2015-10-12,20.705,20.918,20.18,20.84,44398,0,0.8419626439562622,20.609599999999997,20.1465,20.0815,20.19709449716851,21.127983132863328,19.03501686713667,2.518690351106723,55.863414634146345,61112.15,3.6570862239841406,0.6520164211543181,9.258676732725156,0.008384379093003
2015-10-13,20.666,20.763,20.142,20.19,35748,0,-3.1190019193857887,20.594,20.2387,20.08635,20.19641883077151,21.133956047891083,19.038743952108916,2.821923200196418,48.974943052391815,61689.05,3.0831099195710565,-2.3033001064550427,4.785135976749011,-0.0316867845604199
2015-10-14,20.2,20.21,19.52,19.763,36985,0,-2.1149083704804283,20.4794,20.2028,20.0776,20.15514084688851,21.13331515296957,19.021884847030435,2.5563171938680185,46.98268616574215,61385.2,3.5348360655737774,-2.163366336633652,-1.784116886989351,-0.0213759296664487
2015-10-15,19.753,20.443,19.317,20.345,40796,0,2.944897029803162,20.3608,20.3008,20.07225,20.173222670994367,21.12103814779077,19.02346185220923,2.377047723010917,57.608324803821226,61648.4,5.829062483822546,2.9970131119323584,5.060676478182291,0.0290236787953558
2015-10-16,20.433,20.433,19.783,19.841,27197,0,-2.477267141803874,20.1958,20.3445,20.06255,20.14158241661395,21.11636521899643,19.008734781003565,2.5607858259355623,56.40554534825456,55147.8,3.285649294849106,-2.8972740175206715,2.2521129663986894,-0.0250846776413199
2015-10-19,19.676,20.326,19.676,20.103,57370,0,1.3204979587722487,20.0484,20.329,20.0451,20.13790790074595,21.083203108152997,19.006996891847,2.160184233154725,56.8951279933939,53071.3,3.3035169749949285,2.170156535881293,-0.7651298252542071,0.0131185538468101
2015-10-20,20.152,20.559,19.977,20.443,29889,0,1.6912898572352342,20.099,20.3465,20.0553,20.166964291151103,21.10536488020055,19.005235119799444,2.2303252197891807,52.896589063345985,51186.7,2.9133503529058453,1.4440254069075047,0.8634300374975368,0.0167714679437273
2015-10-21,20.53,20.53,19.743,19.773,27609,0,-3.277405468864658,20.101000000000003,20.2902,20.0286,20.12944388247005,21.078873628506337,18.978326371493665,2.4692794180471584,53.740374037403754,50147.85,3.9862229651015686,-3.6872868972235824,-2.7684893784421627,-0.0333231548641783
2015-10-22,19.967,20.482,19.967,20.268,25445,0,2.5034137460173023,20.085600000000003,20.2232,20.0359,20.142639703187186,21.09092584652753,18.98087415347247,2.406658350433081,57.30964467005078,48295.1,2.5792557720238425,1.5074873541343314,-3.1999235839144102,0.0247259168749708
2015-10-23,20.413,20.821,20.083,20.578,26889,0,1.5295046378527744,20.232999999999997,20.2144,20.09215,20.18410258859793,21.13622567279644,19.04807432720356,2.441965163197251,52.98173686172196,47218.55,3.674749788378246,0.8083084309018721,-0.4258201877479939,0.0151792563399551
2015-10-26,20.54,21.122,19.89,19.928,63254,0,-3.1587131888424436,20.198,20.1232,20.13485,20.15971186587432,21.067508514817828,19.202191485182173,2.6079182221987507,47.16949716949717,47131.7,6.194067370537955,-2.979552093476136,-4.376199616122833,-0.0320967659937391
2015-10-27,19.957,20.258,19.462,19.618,55630,0,-1.5556001605780967,20.033,20.066000000000003,20.15235,20.10812025960057,21.02791015754072,19.276789842459284,2.4711324963237904,44.254161331626115,46915.3,4.090021580515875,-1.6986521020193526,-2.833085685983172,-0.0156782658177555
2015-10-28,19.705,20.608,19.317,20.559,28743,0,4.796615353247025,20.190199999999997,20.1456,20.1742,20.15106118725766,21.06818824906859,19.280211750931404,2.834359199392124,47.12312129952939,39539.1,6.683232385981262,4.333925399644775,4.02772858371705,0.0468512891296724
2015-10-29,20.53,20.53,19.608,19.783,30082,0,-3.774502650907141,20.0932,20.0894,20.1951,20.11600774085217,21.026809438128925,19.363390561871075,2.965797428475148,43.77379777182344,38678.9,4.702162382700941,-3.638577691183633,-2.7623494716146335,-0.0384758182258413
2015-10-30,20.501,22.86,20.239,22.559,76235,0,14.032249911540218,20.4894,20.3612,20.35285,20.34867367029482,21.63020339461557,19.07549660538443,5.276847573617377,58.86722376973074,40991.75,12.950244577301245,10.038534705624116,13.698906305125757,0.1313111163603316
2015-11-02,22.675,22.675,21.753,22.112,56590,0,-1.98147080987634,20.9262,20.562099999999997,20.44555,20.516609511219123,21.9438997553885,18.9472002446115,5.385316462296865,60.12644889357217,41997.55,4.238495839654304,-2.482910694597585,9.993533303487023,-0.0200136518210273
2015-11-03,21.918,22.472,21.598,22.248,55837,0,0.615050651230109,21.4522,20.742600000000003,20.544549999999997,20.68150384348397,22.2419336802249,18.847166319775095,5.382508011179836,63.50690292423088,42538.4,4.04667098805446,1.505611825896532,8.829428166120422,0.0061316693464044
2015-11-04,22.267,22.403,21.598,21.977,39454,0,-1.2180870190579007,21.7358,20.963,20.626600000000003,20.80488442981883,22.436459244308697,18.81674075569131,5.239314227939098,59.18091809180918,41296.9,3.7271969626817287,-1.3023757129384252,11.146512921660843,-0.0122556649875899
2015-11-05,21.87,22.054,21.714,21.908,27609,0,-0.3139645993538664,22.1608,21.127,20.6751,20.90994305555037,22.570080949772088,18.780119050227913,5.235922546055267,62.2264284869277,40210.0,1.5658100764483738,0.1737540009144959,8.091572922834022,-0.0031445850225988
2015-11-06,21.937,22.044,21.365,22.005,46359,0,0.4427606353843316,22.05,21.2697,20.74205,21.014234193117,22.728102999239596,18.7559970007604,5.23261533720106,61.47442084942082,41605.95,3.178095015211805,0.3099785750102468,6.934590339197189,0.0044178333415798
2015-11-09,22.16,22.16,21.588,21.821,56938,0,-0.8361735969097839,21.9918,21.459,20.7911,21.091069031867764,22.834953522406085,18.747246477593915,5.087482789202965,58.47270044269552,42232.95,2.6496201593477817,-1.5297833935017988,9.499197109594547,-0.0083968913940628
2015-11-10,21.714,22.015,21.238,21.54,43990,0,-1.2877503322487605,21.8502,21.6512,20.858600000000003,21.133824362166074,22.908029024463872,18.809170975536137,5.073096608480168,61.410306082913586,42645.05,3.6585365853658582,-0.8013263332412245,9.797125089203806,-0.0129611371407493
2015-11-11,21.403,21.83,21.064,21.277,42135,0,-1.220984215413179,21.7102,21.723,20.9343,21.147460137197875,22.924320692830577,18.944279307169424,4.933957833560098,56.716815337505,42902.55,3.636536270413968,-0.5887025183385398,3.492387762050675,-0.0122849946366616
2015-11-12,21.2,21.52,20.889,21.122,38427,0,-0.7284861587629865,21.553,21.856900000000003,20.97315,21.14503536222665,22.944985188479368,19.001314811520633,4.734461863605197,53.69766177270256,42784.1,3.0207286131456756,-0.367924528301884,6.768437547389161,-0.007311525767298
2015-11-13,20.967,21.442,20.782,21.258,32039,0,0.6438784206041159,21.4036,21.7268,21.044,21.155793899157445,22.945114243915977,19.142885756084027,0.9075505530868307,59.71938029815841,43026.2,3.1758252333750367,1.3878952639862658,-5.767099605478975,0.0064181437871073
2015-11-16,21.413,21.54,21.132,21.452,37190,0,0.9125976103114164,21.3298,21.6608,21.11145,21.184004003999593,22.967172923396756,19.25572707660324,0.8748540588735697,63.63366042224206,42017.2,1.9307211811470648,0.1821323495073155,-2.9848046309695953,0.0090845860092888
2015-11-17,21.384,21.578,21.18,21.335,44917,0,-0.5454036919634531,21.2888,21.5695,21.15605,21.19838457504725,22.98683797818093,19.325262021819075,0.815040454048779,56.57404269739071,42768.6,1.8791312559017928,-0.2291432846988378,-4.10373966199209,-0.0054689644807154
2015-11-18,21.559,21.782,21.433,21.53,39457,0,0.913991094445743,21.3394,21.5248,21.2439,21.22996699647132,22.960299892062704,19.527500107937296,0.8593278460082943,66.41608720165381,43361.0,1.6283301451033465,-0.1345145878751329,-2.033944578422897,0.0090983947363083
2015-11-19,21.598,22.093,21.51,21.695,28743,0,0.7663725034835034,21.454,21.5035,21.31525,21.274255853950244,22.97865992510762,19.651840074892377,0.9100912666996684,34.059040590405914,43525.9,2.7103672710367195,0.4491156588573077,-0.9722475807924068,0.0076345078740422
2015-11-20,21.821,21.87,21.355,21.365,52849,0,-1.521087808250754,21.4754,21.4395,21.3546,21.28289815357403,22.9814082279499,19.727791772050097,0.9898096164991796,35.595834940223696,44823.9,2.4116132053383312,-2.089730076531795,-2.90842990229494,-0.0153277501543258
2015-11-23,21.413,21.491,21.045,21.219,55734,0,-0.683360636555097,21.428800000000003,21.3793,21.41915,21.27681261513841,22.90386259313367,19.934437406866326,0.9815912593317015,30.234344986553964,44447.9,2.1192682347350815,-0.9059916872927616,-2.7588103203336267,-0.0068570623740255
2015-11-24,21.268,21.52,20.889,21.394,33172,0,0.8247325510155834,21.4406,21.3647,21.50795,21.28797331845856,22.727919538014536,20.287980461985462,0.9666253549170514,38.37255684084556,43325.0,3.0207286131456756,0.5924393454955692,-0.6778087279480038,0.0082135021619763
2015-11-25,21.307,21.734,21.17,21.491,24828,0,0.4533981490137506,21.4328,21.3861,21.55455,21.30730919289108,22.69018309030191,20.418916909698087,0.8855168339815577,41.775147928994045,43129.25,2.664147378365612,0.8635659642371101,1.0057808901630771,0.0045237339591299
2015-11-27,21.5,21.763,21.307,21.413,6902,0,-0.3629426271462455,21.376399999999997,21.4152,21.63605,21.31737498404431,22.41399587147601,20.85810412852399,0.8543448953718489,38.23529411764708,41970.25,2.1401417374571885,-0.4046511627906965,1.3777104440867438,-0.0036360286189892
2015-11-30,21.394,21.802,21.394,21.665,67581,0,1.1768551814318462,21.4364,21.4559,21.59135,21.35048212842104,22.237592344960657,20.94510765503934,0.9044140938795576,46.98142414860676,41537.55,1.907076750490798,1.2667102926054072,1.9145733370966145,0.011699840967793
2015-12-01,21.802,21.928,21.598,21.86,48077,0,0.9000692360950913,21.5646,21.4967,21.57875,21.39900763999999,22.19119286521854,20.96630713478146,0.903315318195214,56.40512409927943,41111.9,1.527919251782581,0.2660306393908808,1.901920566846904,0.0089604275565198
2015-12-02,21.928,22.325,21.928,22.209,62822,0,1.5965233302836168,21.7276,21.5841,21.5768,21.4761497695238,22.18045608891438,20.973143911085614,0.9610653497116268,68.03405572755415,41461.15,1.8104706311565053,1.281466618022614,4.096554956644005,0.0158391293806784
2015-12-03,22.229,22.413,21.986,22.102,54903,0,-0.4817866630645206,21.8498,21.6413,21.58305,21.535754553378677,22.20641893696923,20.95968106303077,0.9803276402189758,69.32176656151422,42233.6,1.942145001364503,-0.5713257456475725,2.656758012076166,-0.0048295099624804
2015-12-04,22.238,22.248,21.889,22.035,37912,0,-0.3031399873314688,21.974200000000003,21.6753,21.5894,21.583301738771183,22.229080314893583,20.949719685106412,0.978117190128115,65.74787190920149,42748.75,1.6400931974964676,-0.9128518751686276,1.567181378197735,-0.0030360038726402
2015-12-07,22.054,22.16,21.607,21.714,36985,0,-1.456773315180404,21.984,21.7102,21.57485,21.595749192221547,22.18738993210259,20.962310067897405,0.9659718621424368,55.05011565150341,42280.05,2.5593557643356357,-1.5416704452706986,1.6335127545050288,-0.01467488448429
2015-12-08,21.442,22.005,21.333,21.84,43193,0,0.5802707930367523,21.979999999999997,21.7723,21.5758,21.619011173914732,22.190004012051578,20.961595987948428,0.9242138734200352,59.70034575489818,41592.8,3.1500492195190577,1.856170133383079,2.9266223667467672,0.0057859370670439
2015-12-09,21.637,22.209,21.462,22.044,44402,0,0.9340659340659307,21.947000000000003,21.8373,21.601,21.659486300208567,22.249423188649317,20.95257681135068,0.9318221863558768,59.83920367534456,41613.4,3.4805703103159065,1.8810371123538383,3.0382350191642704,0.0092973051442845
2015-12-10,22.142,22.423,22.142,22.374,78398,0,1.497005988023936,22.0014,21.9256,21.65585,21.727535223998228,22.37102867476688,20.94067132523312,1.0059482647037783,62.22542311847317,43426.55,1.2690813837954964,1.0477824948062475,4.108696663719691,0.0148591144037496
2015-12-11,21.947,22.277,21.647,21.812,45947,0,-2.511844104764449,21.9568,21.9655,21.69035,21.735579488379347,22.36236418374697,21.018335816253035,1.357154296426286,57.427716849451706,43802.55,2.9103339954728256,-0.6151182393948968,1.8633540372670951,-0.0254392933609235
2015-12-14,21.743,22.059,21.2,21.753,54704,0,-0.2704933064368253,21.964599999999997,21.9743,21.7151,21.73723858472417,22.35580057051,21.07439942949,1.3171747591050376,59.13757700205338,44935.8,4.051886792452838,0.0459918134572118,0.40618509116086,-0.0027085980062498
2015-12-15,21.821,22.015,21.705,21.928,42341,0,0.8044867374614961,21.9822,21.9811,21.7389,21.755406338559965,22.37378710973249,21.104012890267512,1.3106383189523572,59.13757700205343,45193.35,1.4282423404745554,0.4903533293616209,0.3110704483074267,0.0080126799429192
2015-12-16,22.132,22.132,21.665,21.928,57382,0,0.0,21.958999999999996,21.953,21.76855,21.77184383012568,22.37893020075433,21.158169799245663,1.1916454884118102,57.73451327433631,45816.6,2.1555504269559305,-0.9217422736309444,-1.265252825431129,0.0
2015-12-17,21.753,22.073,21.753,21.947,47183,0,0.0866472090477854,21.8736,21.9375,21.7894,21.78852537011371,22.393930753211254,21.184869246788747,1.1860581602581832,59.652928416485885,46202.9,1.471061462786743,0.8918310118144581,-0.7012940005429402,0.0008660969202367
2015-12-18,21.986,22.102,21.705,21.763,130527,0,-0.8383833781382299,21.8638,21.9103,21.7928,21.786094382483835,22.395858380694214,21.18974161930578,1.2098881012132827,51.816160118606426,51292.1,1.829071642478701,-1.014281815700896,-1.2343998184706106,-0.0084191757887913
2015-12-21,21.899,21.899,20.987,21.365,65521,0,-1.8287919863989477,21.7862,21.8754,21.7928,21.745990155580618,22.395858380694214,21.18974161930578,1.2603125326718263,41.46845915201653,51925.7,4.345547243531723,-2.438467509931972,-1.60725799023671,-0.0184572110359419
2015-12-22,21.403,21.812,21.248,21.724,78896,0,1.680318277556769,21.7454,21.8638,21.81805,21.74389585504913,22.359045758324903,21.277054241675096,1.3744330803427065,41.669529371350066,53083.8,2.654367469879518,1.4997897491006005,-0.5311355311355292,0.0166635710766107
2015-12-23,21.792,22.064,21.695,22.015,24003,0,1.3395323144908875,21.7628,21.8609,21.8491,21.769715297425403,22.357948400543883,21.340251599456117,1.4119833079445387,48.594507269789986,52625.35,1.7008527310440182,1.0233113069016109,-0.131555071674827,0.0133063990351183
2015-12-24,22.153,22.272,21.798,21.926,39949,0,-0.4042698160345304,21.7586,21.8161,21.87085,21.78459955481346,22.351664779962935,21.390035220037067,1.311843693914221,48.25152390118701,53381.4,2.1745114230663374,-1.0246919153162115,-2.002324126217936,-0.0040508919553689
2015-12-28,21.748,22.41,21.679,22.302,63587,0,1.714859071422059,21.8664,21.8651,21.9153,21.83387578768837,22.382061789803195,21.4485382101968,1.1535264717882467,59.26860025220682,56215.65,3.371926749388817,2.547360676843841,2.24646983311938,0.0170032132908218
2015-12-29,22.46,22.529,22.074,22.371,24477,0,0.309389292440132,22.0676,21.9269,21.9506,21.885030474575192,22.443701206649543,21.45749879335046,1.1401588215384888,58.523274478330634,54060.45,2.061248527679615,-0.3962600178094487,2.8409874500068932,0.0030891166865972
2015-12-30,22.41,22.41,21.976,22.173,37468,0,-0.8850744267131616,22.1574,21.9514,21.96625,21.91245614366327,22.467051830750897,21.465448169249107,1.1793625531411491,52.07462206497263,53530.0,1.9748816891154035,-1.057563587684078,1.1172929587741631,-0.0088901447589081
2015-12-31,22.173,22.727,22.173,22.371,38472,0,0.8929779461507303,22.2286,21.9957,21.97435,21.956126987123913,22.49647008096472,21.452229919035283,1.203052656688516,49.94961370507222,52312.5,2.4985342533712265,0.8929779461507257,2.02024808464063,0.0088901447589081
2016-01-04,21.966,22.055,21.57,21.936,51370,0,-1.9444816950516253,22.2306,21.9946,21.96605,21.95421013120735,22.484893440537423,21.447206559462575,1.3835030368844308,52.175438596491205,52135.85,2.2484932777005073,-0.1365747063643864,-0.0501207454321694,-0.0196363544098088
2016-01-05,21.877,21.916,21.284,21.521,46123,0,-1.891867250182344,22.0744,21.9704,21.94035,21.912952023473316,22.49453001065517,21.386169989344836,1.4906977883908754,46.38178415470993,52546.4,2.969366660402187,-1.627279791561906,-1.111979047006395,-0.0190999202045106
2016-01-06,21.333,21.541,20.681,21.017,53032,0,-2.3418986106593653,21.8036,21.9356,21.9055,21.827623259333,22.59157947982053,21.21942052017947,1.5637878662012856,37.11456859971711,53348.75,4.158406266621534,-1.4812731448928842,-1.6288322021998591,-0.0236975685701728
2016-01-07,20.731,20.948,20.414,20.464,22398,0,-2.6312033116048905,21.4618,21.8096,21.8367,21.69775437749176,22.77868136086111,20.894718639138887,1.5961746744501977,32.093933463796475,52309.0,2.6158518663662136,-1.287926293955926,-5.8000368256306505,-0.0266643892087882
2016-01-08,20.464,20.464,19.901,20.177,46113,0,-1.4024628616106316,21.023,21.6258,21.74335,21.55292062725445,22.935619710743804,20.551080289256195,1.4585722338322764,29.683195592286538,52394.55,2.829003567659911,-1.4024628616106287,-8.348853054735416,-0.0141239030039459
2016-01-11,20.217,20.582,19.234,20.355,32022,0,0.882192595529574,20.7068,21.4687,21.6424,21.438832948468313,22.94649370021735,20.338306299782648,1.556521570828857,33.81609195402301,50075.75,7.008422585005714,0.6825938566552985,-7.165009577670334,0.0087832401224013
2016-01-12,20.493,20.592,20.029,20.256,22912,0,-0.486366985998532,20.4538,21.2641,21.5646,21.326182191471332,23.004659998749773,20.124540001250224,1.3082382674945587,36.31202172303139,48924.0,2.810924159968041,-1.156492460840279,-9.174065106268491,-0.0048755359931765
2016-01-13,20.296,20.355,19.792,19.91,26141,0,-1.708135860979465,20.2324,21.018,21.47245,21.19130769704549,23.087041031809353,19.857858968190644,1.2465748718236804,27.53838533927689,47495.85,2.8445836701697593,-1.901852581789511,-11.000849313843808,-0.0172289278856607
2016-01-14,19.901,20.197,19.808,19.891,29729,0,-0.0954294324460147,20.1178,20.7898,21.3706,21.067468868755444,23.11589652434591,19.62530347565409,1.289603611559173,21.800318640467353,46865.25,1.9638529886914349,-0.0502487312195445,-10.291796328868442,-0.0009547499531813
2016-01-15,19.308,19.94,18.965,19.831,39948,0,-0.3016439595797004,20.0486,20.5358,21.26575,20.949709928873972,23.118690067766902,19.4128099322331,1.1331225437857662,21.969494246722007,45993.55,5.14104930134459,2.708721773358192,-11.35398506995664,-0.0030209982192307
2016-01-19,19.92,20.207,19.545,19.851,46857,0,0.1008522010992774,19.9478,20.3273,21.16095,20.845070888028832,23.087296033843455,19.23460396615654,1.1663394799766031,13.753327417923686,45977.25,3.3870555129188995,-0.3463855421686878,-9.504923413566749,0.0010080137943391
2016-01-20,19.663,19.98,19.268,19.782,39091,0,-0.3475895420885555,19.853,20.1534,21.0619,20.743826041549895,23.06027638307207,19.063523616927935,1.135123758547677,11.712511091393113,41405.45,3.695246003736764,0.605197579209682,-8.080479531620277,-0.003481950380383
2016-01-21,19.901,20.276,19.742,19.861,22363,0,0.3993529471236545,19.8432,20.037799999999997,20.9867,20.659747370926095,23.049215286067547,18.92418471393245,1.0587178045332413,14.561618638871906,39247.55,2.704893121264304,-0.2009949248781425,-5.500309273445303,0.0039855764990055
2016-01-22,20.227,20.321,19.94,20.197,31406,0,1.6917577161270847,19.904400000000003,20.0111,20.91035,20.615676192742654,22.97099795890163,18.84970204109837,0.9995226888166436,18.02941176470587,36873.05,1.91073219658977,-0.1483166065160485,-1.3047302580140752,0.0167760687095968
2016-01-25,20.157,20.316,19.782,20.029,29076,0,-0.8318067039659316,19.944,19.9963,20.81105,20.55980226962431,22.83870609821555,18.783393901784457,0.9326488081420228,19.565911267156068,37126.7,2.699423718531994,-0.6350151312199241,-0.733508450215592,-0.0083528552071558
2016-01-26,20.157,20.474,20.069,20.177,22803,0,0.7389285535972734,20.0092,19.9785,20.7236,20.523344910612472,22.69897763478255,18.748222365217444,0.917377760697354,26.552686671318895,36269.4,2.0180377696945593,0.0992211142531109,-0.8744780152296738,0.0073621185134453
2016-01-27,19.95,20.474,19.713,19.901,36125,0,-1.367894136888537,20.033,19.943,20.60355,20.464073966744618,22.46349561040997,18.743604389590033,0.9990550680721896,28.847611827141776,34896.3,3.860396692537915,-0.2456140350877167,-1.752567140600314,-0.0137733601083648
2016-01-28,20.019,20.306,19.841,20.059,13175,0,0.7939299532686794,20.0726,19.9579,20.48795,20.42549549372132,22.163629089362104,18.812270910637892,0.877564685312874,40.97191261703082,34331.2,2.3436318733934773,0.1998101803287012,0.7483676544450146,0.0079079491183844
2016-01-29,22.025,22.71,21.729,22.302,146393,0,11.182013061468666,20.493599999999997,20.199,20.4944,20.604210208605004,22.198146880137436,18.79065311986256,3.612955135034891,75.30364372469637,39777.45,4.514703851995037,1.2576617480136256,12.121059775777995,0.1059984297006095
2016-02-01,22.074,22.707,22.074,22.578,66968,0,1.2375571697605503,21.0034,20.4737,20.50475,20.79219018873786,22.2582846409014,18.751215359098595,3.574178091085242,75.86688387246917,41202.25,2.8676270725740647,2.283229138352803,13.852049820987332,0.012299620296185
2016-02-02,22.331,22.677,21.936,22.203,48898,0,-1.6609088493223512,21.4086,20.7089,20.5181,20.926553027905683,22.32088788780604,18.71531211219396,3.684830415907721,71.28799475180406,41078.65,3.378008752735228,-0.5731942143208997,11.848269608583962,-0.0167485659559161
2016-02-03,22.45,22.455,21.269,22.084,25177,0,-0.5359636085213726,21.8452,20.9391,20.54625,21.036786072867045,22.430706964918723,18.66179303508128,3.69399754854699,75.01150483202946,40031.35,5.576190700079929,-1.6302895322939852,11.636841573147304,-0.0053740504616408
2016-02-04,22.173,22.233,21.877,22.065,20587,0,-0.0860351385618463,22.2464,21.1595,20.59865,21.13471120878447,22.593283671682507,18.604016328317492,3.7083326565314834,75.01150483202953,38409.1,1.6272797915619217,-0.4870788797185631,11.097125018881226,-0.0008607217002875
2016-02-05,22.124,22.242,21.936,22.005,32212,0,-0.2719238613188457,22.187,21.340300000000003,20.6757,21.217595855566906,22.76522939551851,18.586170604481488,3.726413687469292,75.01150483202946,38899.8,1.3949671772428929,-0.5378774181883917,8.951824528395314,-0.0027229424584559
2016-02-08,21.738,22.262,21.188,22.104,45655,0,0.4498977505112522,22.0922,21.5478,20.77205,21.302015297893863,22.94095974066627,18.60314025933373,3.6812416795008263,75.45762711864408,38876.9,5.068906928450074,1.6836875517526897,10.3599780318538,0.0044888873580607
2016-02-09,21.798,22.386,21.729,22.114,39762,0,0.0452406804198446,22.0744,21.7415,20.860000000000003,21.379347174284923,23.09921978893476,18.620780211065245,3.694225045219321,76.7063673843335,39263.9,3.0236090017948367,1.449674282044236,9.60003964910543,0.0004523044990947
2016-02-10,22.173,22.46,21.887,21.946,40953,0,-0.7596997377227077,22.0468,21.946,20.9445,21.43331411006731,23.215079568952937,18.673920431047065,3.656111473251612,73.40067340067341,40165.95,2.6179924155891645,-1.0237676453344011,10.275865534395257,-0.0076260015516026
2016-02-11,21.63,22.529,21.6,22.252,26502,0,1.3943315410553048,22.0842,22.1653,21.0616,21.511284194822807,23.349043657056864,18.77415634294314,3.6565621330072857,73.22033898305085,40184.0,4.3009259259259185,2.8756356911696717,10.932748392242877,0.0138470016444392
2016-02-12,22.312,22.717,22.163,22.687,31960,0,1.9548804601833725,22.2206,22.2038,21.2014,21.623257128649207,23.529020551459816,18.873779448540184,1.100187968566523,78.32480818414324,40295.55,2.4996615981590873,1.680709931875224,1.7263025737602078,0.019360181001677
2016-02-16,22.736,23.041,22.539,22.628,56674,0,-0.2600608277868454,22.3254,22.2088,21.34125,21.71894692592071,23.65826549184999,19.02423450815001,1.0400262260384698,76.6239409081034,41131.85,2.2272505435023686,-0.4750175932441966,0.2214545132429801,-0.0026039957338144
2016-02-17,22.717,22.964,22.717,22.835,39886,0,0.9147958281774836,22.4696,22.272,21.49045,21.825237694880645,23.787628816676804,19.19327118332319,0.8825930924407059,82.3555359505955,40783.3,1.0872914557379931,0.5194347845226135,2.8464621897941855,0.009106369156053
2016-02-18,22.895,23.418,22.865,23.201,27904,0,1.6028027151302917,22.7206,22.3837,21.6614,21.956262676320584,23.93197130765741,19.39082869234259,0.9200160863192136,83.12948123154786,40223.95,2.4185436256286943,1.3365363616510195,5.057960514399573,0.015900934554651
2016-02-19,23.151,23.458,22.924,23.24,18610,0,0.1680962027498678,22.9182,22.5012,21.830350000000003,22.078523373813866,24.038862361892228,19.621837638107777,0.9054730270935022,68.4791174152876,40036.3,2.3294363985342827,0.3844326378990049,5.325175617493749,0.0016795507920971
2016-02-22,23.389,24.07,23.311,23.893,49499,0,2.809810671256474,23.1594,22.69,22.01515,22.251330671545876,24.26632160373724,19.76397839626276,1.1066300109308662,72.5557461406518,40940.95,3.255973574707221,2.1548591218094035,8.579868211770059,0.0277105970246832
2016-02-23,23.774,24.485,23.715,23.972,46378,0,0.3306407734482874,23.428199999999997,22.8768,22.212300000000003,22.41520394092246,24.42132608690591,20.003273913094095,1.1118357604939149,83.77243222604046,41806.05,3.246890153911025,0.8328426011609338,8.450959102424903,0.0033009535875452
2016-02-24,23.833,24.396,23.804,24.09,38739,0,0.4922409477724043,23.6792,23.0744,22.40795,22.574708327501273,24.550096731914483,20.265803268085516,1.08590601953057,88.31168831168829,42602.85,2.486976978659059,1.078336759954691,8.935515962738538,0.0049103340308412
2016-02-25,24.031,24.189,23.793,24.09,21283,0,0.0,23.857,23.2888,22.617399999999996,22.7190218201202,24.53484746994521,20.699952530054784,0.9811510671588008,88.9572912658714,41860.75,1.6643550624133183,0.2455162082310393,9.769434065433336,0.0
2016-02-26,24.13,24.446,24.11,24.347,22818,0,1.0668327106683415,24.0784,23.4983,22.8318,22.874067361061133,24.48554415382644,21.17805584617356,0.9697281604117912,91.88125894134478,42342.9,1.3936126088759937,0.8992954828015015,9.414884055365814,0.0106118220262498
2016-02-29,24.258,25.157,23.912,24.476,80226,0,0.5298394052655198,24.195,23.677200000000003,22.9405,23.026632374293406,24.72800181450019,21.15299818549981,0.9010696196506836,91.96744515215852,39034.55,5.206590833054538,0.8986726028526671,7.885573235773791,0.0052844069472642
2016-03-01,24.693,24.772,24.238,24.456,35927,0,-0.0817126981532911,24.2918,23.86,23.0344,23.162762624360703,24.935425363212794,21.13337463678721,0.8800348307578818,91.29055007052186,37482.5,2.2031520752537297,-0.959786174219422,8.078486830475518,-0.0008174610117606
2016-03-02,24.337,24.357,24.149,24.337,21680,0,-0.4865881583251519,24.3412,24.0102,23.1411,23.27459475537397,25.084718751872643,21.19748124812736,0.9643181780051984,92.89558665231432,36121.6,0.8613193092881626,0.0,6.577622071381639,-0.0048777585285789
2016-03-03,24.426,24.604,24.233,24.495,19632,0,0.6492172412376318,24.4222,24.1396,23.26165,23.390823826290735,25.22814806562444,21.295151934375557,0.9041536931794028,92.4971580143994,35844.35,1.5309701646515028,0.2824858757062254,5.577345804060174,0.0064711890305838
2016-03-04,24.614,24.614,24.13,24.229,22968,0,-1.0859359052868056,24.3986,24.2385,23.36985,23.47065012854876,25.296857199614948,21.44284280038505,1.0395083275742711,81.21457489878534,35963.4,2.005801906340662,-1.564150483464701,4.255593803786573,-0.0109187522652464
2016-03-07,24.268,24.406,24.051,24.189,26745,0,-0.1650914193734753,24.341199999999997,24.2681,23.47905,23.539064402020305,25.326275113799635,21.631824886200366,0.62234462930528,81.84414524683802,35690.05,1.4760301026984344,-0.3255315641997718,1.2388565688695508,-0.0016522784542971
2016-03-08,24.11,24.229,23.902,23.962,25418,0,-0.938443093968333,24.2424,24.2671,23.57195,23.579343982780276,25.31176323559062,21.83213676440938,0.7002570826929934,72.80453257790366,34678.2,1.3680863526064688,-0.6138531729572779,-0.0417153345569909,-0.0094287421532873
2016-03-09,24.09,24.653,23.784,24.485,26973,0,2.1826224856021925,24.272,24.3066,23.690500000000004,23.6655969368012,25.332384219265528,22.04861578073448,0.9806846119519402,74.42922374429222,34038.75,3.6537167843928686,1.6396845163968432,1.6396845163968443,0.0215914429365732
2016-03-10,24.525,24.525,23.734,23.804,24587,0,-2.781294670206258,24.1338,24.278,23.7834,23.678778180915373,25.20518292813507,22.36161707186493,1.3559369527529903,58.62385321100916,33220.45,3.3327715513609033,-2.9398572884811425,-1.187214611872156,-0.0282070513716751
2016-03-11,23.962,24.238,23.863,24.238,12309,0,1.823222987733164,24.1356,24.2671,23.8827,23.732037401780577,25.119523792921346,22.645876207078658,1.4469847979296484,55.65388397246802,32510.8,1.5714704773079662,1.1518237208914106,-0.4476937610383258,0.0180680157636901
2016-03-14,24.169,24.248,23.873,23.873,19478,0,-1.505899826718371,24.0724,24.2068,23.942,23.74546241113481,25.04379738322603,22.840202616773972,1.5008245541411294,48.51663170512436,31886.7,1.570812214635781,-1.2247093384087029,-2.463637849321776,-0.0151735363218812
2016-03-15,23.764,24.09,23.764,23.873,25683,0,0.0,24.0546,24.1485,24.00425,23.757608848169586,24.918115330398734,23.090384669601264,1.5019979843418487,46.62938800869838,30337.15,1.3718229254334309,0.458676990405663,-2.38387307818122,0.0
2016-03-16,23.873,24.046,23.725,23.883,62178,0,0.0418883257236046,23.934199999999997,24.1031,24.05665,23.769550862629625,24.790723357871254,23.322576642128748,1.5012958930505262,46.79467327345926,31451.75,1.3530031612223306,0.0418883257236124,-1.865472326087847,0.0004187955501362
2016-03-17,23.883,24.426,23.122,23.596,126059,0,-1.2016915797847805,23.8926,24.0132,24.0764,23.753022209045852,24.73043408892291,23.42236591107709,1.5020792953074988,38.47806075483274,36359.5,5.639650549260438,-1.20169157978478,-3.6701367626046144,-0.0120897026337219
2016-03-18,23.744,24.1,23.24,23.804,68006,0,0.8815053398881112,23.8058,23.9707,24.1046,23.75787723675577,24.645670050917197,23.5635299490828,1.5255417842971006,39.93409227082083,38829.3,3.700516351118774,0.252695417789752,-1.7540963308432025,0.0087764276417767
2016-03-21,23.843,23.922,23.487,23.705,44807,0,-0.4158964879852123,23.7722,23.9223,24.0952,23.752841309445696,24.657850344819813,23.532549655180183,1.527579681386335,39.01082821188175,38594.7,1.8520883893217623,-0.5787862265654561,-2.0009095043201475,-0.0041676374285239
2016-03-22,23.557,23.902,23.408,23.646,37333,0,-0.2488926386838064,23.7268,23.8907,24.078899999999997,23.742665946641345,24.67450173906603,23.483298260933964,1.5055150216605804,39.708072683944,38142.45,2.110389610389609,0.3778070212675731,-1.3187546949336435,-0.0024920289131598
2016-03-23,23.655,23.764,23.359,23.369,24679,0,-1.171445487608902,23.624,23.7791,24.04285,23.707078713627883,24.71763878566755,23.36806121433245,1.2936287199240506,33.8032220943613,37439.45,1.733807097906578,-1.209046713168469,-4.5578925872983405,-0.0117836097072522
2016-03-24,23.339,23.349,23.132,23.221,30582,0,-0.6333176430313614,23.549,23.7208,23.9994,23.66078550280618,24.766941639535325,23.23185836046467,1.0128229167901472,34.99106611078021,37904.4,0.938094414663664,-0.5055914992073292,-2.4491682070240217,-0.0063533160691152
2016-03-28,23.379,23.902,23.053,23.725,17570,0,2.170449162396104,23.5332,23.6695,23.9683,23.66690116920559,24.72689235291048,23.20970764708952,1.094213658200863,43.92987964416537,37642.0,3.682817854509175,1.4799606484451862,-2.1165112633055427,0.0214723028314374
2016-03-29,23.616,24.673,23.502,24.426,57967,0,2.9546891464699465,23.6774,23.7248,23.9658,23.739196295947917,24.71764701691343,23.213952983086568,1.378688981957081,55.40037243947858,36529.05,4.982554676197768,3.4298780487804823,2.316424412516227,0.029118794252905
2016-03-30,24.644,25.147,24.396,25.029,39331,0,2.468680913780408,23.954,23.8404,23.994449999999997,23.862034743952876,24.860017407451103,23.12888259254889,1.5426616075659931,56.21572212065815,36699.25,3.078373503853081,1.56224638857329,4.842290453650566,0.0243870138391504
2016-03-31,25.147,25.513,24.811,25.503,130748,0,1.893803188301568,24.3808,24.0024,24.05275,24.0183171492907,25.143296724305873,22.96220327569413,1.5939174701763257,70.3765891100984,42152.65,2.829390189835161,1.4156758261422902,6.783067453837455,0.0187609397152843
2016-04-01,25.345,25.345,24.802,24.989,36520,0,-2.0154491628435856,24.7344,24.1417,24.07745,24.11076313507254,25.230744133295698,22.9241558667043,1.7161649563078916,58.837373499647015,42997.05,2.1893395693895625,-1.4046162951272363,5.903542973385312,-0.0203603642635347
2016-04-04,24.9,24.979,24.13,24.149,37634,0,-3.3614790507823455,24.8192,24.1762,24.07345,24.114404741256102,25.225084714564048,22.92181528543595,2.1140390183708058,52.9212531752752,43730.35,3.5184417737256535,-3.0160642570281033,1.449336246009092,-0.0341927566660392
2016-04-05,23.731,24.288,23.731,24.08,22631,0,-0.2857261170234881,24.75,24.2137,24.068,24.111128099231713,25.21836323782834,22.917636762171657,2.110468568888714,52.159399123722075,43524.65,2.3471408705912036,1.4706502043740113,1.5819447373971671,-0.0028613509331372
2016-04-06,24.11,24.495,23.685,24.12,26045,0,0.1661129568106378,24.5682,24.2611,24.075899999999997,24.111973042162028,25.22536795930692,22.926432040693076,2.1052342261536885,52.45697698527889,43556.0,3.419886003799883,0.0414765657403631,2.004567368688148,0.0016597514183644
2016-04-07,24.041,24.12,23.547,23.784,19416,0,-1.3930348258706535,24.2244,24.3026,24.04085,24.080737514337073,25.18050244471127,22.90119755528873,2.122586068992027,51.92939244663381,43178.15,2.4334310103197874,-1.0690071128488892,1.7758569044460604,-0.0140282861631882
2016-04-08,23.972,24.147,23.497,23.744,26157,0,-0.1681802892700923,23.9754,24.3549,24.03785,24.0486672748764,25.18043972237796,22.89526027762204,2.1074241504746443,49.3622448979592,43256.65,2.7663105928416334,-0.9511096278992222,2.252271650661042,-0.0016832187108265
2016-04-11,23.863,24.07,23.596,23.646,25790,0,-0.4127358490566002,23.8748,24.347,24.00825,24.010318010602457,25.15964656618869,22.85685343381131,2.000519500033785,49.37274080374232,43930.7,2.008815053398882,-0.9093575828688713,-0.3329820864067412,-0.0041358995440482
2016-04-12,23.616,23.937,23.487,23.596,16251,0,-0.2114522540810348,23.778,24.264,23.9944,23.970859152449844,25.159232294231124,22.82956770576888,1.7072947221150452,49.46740519812526,43769.35,1.9159535061949284,-0.084688346883467,-3.398018504871847,-0.0021167613000928
2016-04-13,23.655,24.298,22.895,24.258,22634,0,2.805560264451601,23.8056,24.1869,24.01365,23.998205899835572,25.182752089099314,22.84454791090069,1.7708373137544149,58.7517227800748,43616.9,6.127975540511023,2.5491439441978354,-3.0804267050221767,0.0276692537458599
2016-04-14,24.11,24.456,23.794,24.288,24048,0,0.1236705416769679,23.9064,24.0654,24.0339,24.02580533794647,25.20749508842636,22.86030491157364,1.608392475771259,60.753880266075384,41710.4,2.7822140035302976,0.7382828701783526,-4.764145394659447,0.0012359413265305
2016-04-15,24.159,24.436,23.66,24.229,13402,0,-0.2429183135704948,24.0034,23.9894,24.06555,24.04515721052299,25.22345818197915,22.90764181802084,1.5147420383111452,55.58015943312663,36077.55,3.2797971259509713,0.2897470921809689,-3.0413381888030777,-0.0024321383879276
2016-04-18,24.317,25.246,24.293,25.039,40642,0,3.3431012423129403,24.282,24.0784,24.1273,24.1398089047589,25.35603526762044,22.898564732379555,1.4917480781492194,56.62702702702705,34709.35,3.922940764829373,2.969116256117126,3.68545281378112,0.0328843465069022
2016-04-19,25.049,25.157,24.742,24.97,20443,0,-0.2755701106274322,24.5568,24.1674,24.19055,24.21887472335329,25.457398468485803,22.9237015315142,1.4912535783605287,49.27890491322414,33491.15,1.6773098375232365,-0.3153818515709234,3.696013289036548,-0.0027595050405122
2016-04-20,24.91,24.999,24.811,24.881,12751,0,-0.3564277132559024,24.681400000000004,24.2435,24.2523,24.28193427351012,25.52775444532716,22.976845554672835,1.508382822143697,41.60820291419322,32262.05,0.7577284269074154,-0.1164191087916495,3.155058043117731,-0.0035706443023721
2016-04-21,24.9,25.088,24.762,24.9,31311,0,0.0763634902134047,24.8038,24.3551,24.32885,24.340797676032967,25.56423381421347,23.09346618578653,1.3897400096692814,48.614138897539675,32593.65,1.3165333979484717,0.0,4.692230070635728,0.0007633434813521
2016-04-22,24.97,25.187,24.594,24.802,41679,0,-0.3935742971887479,24.9184,24.4609,24.4079,24.38472170688697,25.54306832046576,23.27273167953424,1.4029716050070902,63.22397731875247,33148.5,2.4111571928112547,-0.6728073688426082,4.455862533692723,-0.0039435083900812
2016-04-25,24.802,25.039,24.456,24.97,23867,0,0.6773647286509199,24.9046,24.5933,24.47015,24.44046249670726,25.583985152690023,23.356314847309974,1.3708514283017272,67.32866043613706,33463.35,2.3838730781812316,0.6773647286509122,5.59925568806563,0.0067508092111012
2016-04-26,24.97,25.543,24.97,25.157,29512,0,0.7488986784141005,24.942,24.7494,24.5067,24.50870416368752,25.661651099443112,23.351748900556892,1.3446093481440855,69.09760589318596,32040.6,2.2947537044453363,0.7488986784141016,6.6155280556026375,0.0074610835473328
2016-04-27,25.118,25.366,24.737,24.95,52296,0,-0.8228326112016515,24.9558,24.818599999999996,24.50275,24.55073233857442,25.650698994832275,23.35480100516772,1.1776971461702164,72.5444702242846,32688.85,2.5427497271294066,-0.6688430607532418,2.852667161348843,-0.0082623656414869
2016-04-28,24.792,25.039,24.525,24.574,32303,0,-1.5070140280561084,24.8906,24.8472,24.4563,24.55294830632924,25.50469849796053,23.40790150203947,1.3085728222423618,64.20260095824781,27766.6,2.0958205912334473,-0.8793159083575345,1.1775362318840576,-0.0151848487521481
2016-04-29,24.219,24.406,22.727,23.438,79173,0,-4.622772035484668,24.6178,24.768099999999997,24.37875,24.446762753345503,25.488875431509335,23.268624568490665,1.9971269275527463,47.37373737373736,29899.25,7.38768865226382,-3.2247409059003354,-3.2646828181105314,-0.047330336608969
2016-05-02,23.369,23.636,22.727,23.389,49833,0,-0.2090622066729275,24.3016,24.6031,24.34075,24.346023443503075,25.532982558557173,23.148517441442827,1.5375606360339495,47.385703460469806,30509.2,3.999647995775944,0.0855834652745071,-6.589720036742685,-0.0020928104676537
2016-05-03,23.398,24.317,23.398,23.744,45440,0,1.5178075163538418,24.019,24.4805,24.32395,24.288687877455164,25.540866980258585,23.107033019741415,1.685909797416576,42.96276013143485,31649.65,3.9276861270194057,1.4787588682793404,-4.909891870244287,0.015064040616213
2016-05-04,23.606,23.774,23.31,23.438,16422,0,-1.2887466307277662,23.7166,24.3362,24.28985,24.207669984364195,25.56753446397115,23.012165536028853,1.7034439368856746,39.18024439918533,31168.5,1.990561990562,-0.7116834703041719,-5.7996061251557425,-0.0129712301485593
2016-05-05,23.547,23.557,22.974,22.974,18057,0,-1.9796910999231976,23.3966,24.1436,24.24935,24.090177604900937,25.640830888534747,22.857869111465252,1.7388178021207663,35.518116778213724,31100.55,2.5376512579437556,-2.4334310103197874,-7.734939759036141,-0.019995495113198
2016-05-06,23.102,23.379,22.588,23.3,36565,0,1.4189953860886284,23.369,23.9934,24.22715,24.01492259491037,25.66594119951056,22.788358800489444,1.8737355801491231,27.409716809560905,31620.95,3.501859394368693,0.857068652064758,-6.055963228771866,0.0140902188484424
2016-05-09,23.398,23.501,22.707,23.082,39597,0,-0.9356223175965628,23.3076,23.8046,24.19895,23.926072823966525,25.70618161702771,22.69171838297229,1.8195586549335547,26.38819409704854,32311.3,3.4967190734134865,-1.3505427814343065,-7.56107328794553,-0.0094002675734417
2016-05-10,23.082,23.329,22.698,22.835,55989,0,-1.0700979117927334,23.1258,23.5724,24.1609,23.822161126445906,25.767377270630423,22.554422729369577,1.740259739931569,25.384985563041383,34298.2,2.779980615032162,-1.0700979117927385,-9.23003537782724,-0.0107586463612507
2016-05-11,22.736,22.974,22.302,22.519,25657,0,-1.3838405955769797,22.942,23.3293,24.07395,23.698050542974865,25.838743409707465,22.309156590292535,1.7447450292160147,23.26521446216036,34449.35,3.013182674199626,-0.954433497536956,-9.7434869739479,-0.0139350493247598
2016-05-12,22.657,22.949,22.549,22.855,32286,0,1.4920733602735492,22.9182,23.1574,24.0023,23.617760015072495,25.84513546970981,22.159464530290187,1.8999165548780652,29.24749520358135,34861.25,1.773914586012693,0.873902105309619,-6.995198176934981,0.0148105144715051
2016-05-13,22.502,22.993,22.41,22.954,79726,0,0.4331656092758651,22.848999999999997,23.109,23.93855,23.554544775541785,25.8357757280454,22.041324271954597,1.3286776231548436,28.191259195153663,38177.45,2.6015171798304255,2.0087103368589534,-2.0650226128509197,0.0043223014747688
2016-05-16,22.756,22.944,22.529,22.944,70045,0,-0.0435653916528777,22.8214,23.0645,23.8338,23.496397654061617,25.706380499288425,21.961219500711575,1.3295895315657995,25.106861642294746,39647.6,1.8420702206045505,0.8261557391457147,-1.902603788105517,-0.0004357488412668
2016-05-17,22.806,22.806,22.242,22.499,83941,0,-1.9395048814504936,22.754199999999997,22.94,23.71025,23.40140740129384,25.59322624156952,21.82727375843048,1.2867250864774795,23.830877642536866,42822.5,2.5357431885621797,-1.346136981496107,-5.243429919137466,-0.0195856006389634
2016-05-18,22.44,22.786,22.341,22.45,21302,0,-0.2177874572203197,22.7404,22.8412,23.5887,23.31079717259919,25.46731562691352,21.710084373086477,1.2608356959930411,25.61983471074383,43250.05,1.991853542813662,0.0445632798573886,-4.215376738629573,-0.0021802495899831
2016-05-19,22.43,22.43,21.936,22.282,19267,0,-0.7483296213808388,22.6258,22.772,23.4578,23.212816489494507,25.316432502391695,21.599167497608303,1.1468445183804454,32.93978748524208,42647.85,2.252005835156819,-0.6598305840392318,-3.0121006355010027,-0.0075114365511384
2016-05-20,22.242,22.806,22.242,22.608,22051,0,1.463064356879995,22.5566,22.702800000000003,23.3481,23.15521491906646,25.130088823876427,21.56611117612357,1.154242386045177,39.345156889495264,41666.45,2.5357431885621797,1.6455354734286471,-2.9699570815450604,0.0145246483050468
2016-05-23,22.687,22.786,22.43,22.44,20510,0,-0.7430997876857748,22.4558,22.638600000000004,23.2216,23.087099212488702,24.87323974662485,21.569960253375147,1.1439301879386925,31.25359401955151,41498.6,1.5871600534997845,-1.0887292281923562,-2.781388094619186,-0.007458745287676
2016-05-24,22.43,23.201,22.213,22.549,43371,0,0.4857397504456351,22.4658,22.61,23.0912,23.03585166844216,24.492261642582225,21.690138357417776,1.1296082328849242,36.452301127704985,42191.55,4.44784585603025,0.5305394560855986,-1.2524633238449767,0.0048456384128789
2016-05-25,22.539,22.687,22.262,22.321,39490,0,-1.011131314027225,22.44,22.5902,22.95975,22.967770557161955,24.094522293411384,21.824977706588616,1.0886902926326336,39.27750410509034,41551.25,1.9090827418920164,-0.9672123874173651,-0.8792575158754645,-0.0101627796904992
2016-05-26,22.47,23.112,22.41,22.875,61854,0,2.4819676537789492,22.5586,22.5922,22.8748,22.958935266003675,23.71756027683435,22.03203972316565,1.2765974402759062,43.507485487320494,43028.8,3.1325301204819196,1.8024032042723688,0.0875082038941155,0.0245166717847097
2016-05-27,22.885,23.102,22.509,22.736,27601,0,-0.6076502732240363,22.584200000000003,22.5704,22.8397,22.93770333590809,23.641158433764357,22.038241566235644,1.2812320454103627,44.5835942391985,40450.2,2.634501754853614,-0.651081494428669,-0.9497255380325864,-0.0060950398068401
2016-05-31,22.825,22.904,22.302,22.717,86904,0,-0.0835679099225994,22.6396,22.5477,22.8061,22.916683970583502,23.565856165870557,22.046343834129445,1.2811402386875976,48.0107889413351,42303.75,2.6993094789704974,-0.4731653888280417,-0.989365411436538,-0.0008360284736612
2016-06-01,22.697,23.26,22.697,23.171,55983,0,1.998503323502221,22.764,22.6149,22.77745,22.940904544813648,23.42290682720756,22.13199317279244,1.2551342412029625,60.50257731958765,42830.9,2.480504031369795,2.0883817244569776,2.9867994133072617,0.0197879538895279
2016-06-02,23.191,23.636,23.151,23.616,39733,0,1.9205040783738303,23.023,22.7315,22.78635,23.005199350069493,23.47370565757429,22.098994342425712,1.3363043955171827,61.84251478369125,43996.45,2.0949419031575283,1.8326074770385097,5.1937639198218255,0.0190229516474503
2016-06-03,23.527,23.774,23.369,23.586,16776,0,-0.1270325203252098,23.1652,22.8619,22.81695,23.060513697681923,23.588779671692297,22.0451203283077,1.284447238006473,60.0508905852417,43932.4,1.7330651718088117,0.2507757045097016,5.852257427519958,-0.0012711327502837
2016-06-06,23.497,23.695,23.487,23.487,24846,0,-0.4197405240396801,23.3154,22.949800000000003,22.826299999999996,23.101131440759836,23.626767784288404,22.02583221571159,1.2782312636758604,58.39777296628518,43346.45,0.8855962873078809,-0.0425586245052626,3.888004246284482,-0.0042062390738913
2016-06-07,23.626,24.13,23.586,24.051,32746,0,2.401328394430968,23.582199999999997,23.110899999999997,22.87475,23.191595113068423,23.840600130032392,21.908899869967605,1.353231687285913,73.15035799522674,43003.9,2.306452980581703,1.7988656564801369,7.1791443850267145,0.0237294991350374
2016-06-08,24.149,24.149,23.853,24.07,19695,0,0.078998794228946,23.762,23.263,22.9365,23.27525272134762,24.039786668859733,21.83321333114027,1.366564278399047,74.3829018663456,41189.2,1.2409340544166323,-0.3271356992007976,6.745310213313238,0.0007896760660564
2016-06-09,23.981,23.981,23.557,23.883,18695,0,-0.7769007062733757,23.8154,23.419199999999996,23.0047,23.33313341455261,24.166407291695435,21.842992708304564,1.33635038743191,73.95989224782997,40841.1,1.7998896294095303,-0.4086568533422398,6.997894359571699,-0.0077993430204298
2016-06-10,23.754,23.873,23.507,23.764,13276,0,-0.4982623623497884,23.851,23.5081,23.05015,23.37416832745236,24.257429721653263,21.842870278346737,1.2186108893339775,68.44288449266111,39890.6,1.55698302633258,0.042098172939286,3.886338797814215,-0.0049950782810558
2016-06-13,23.576,23.774,23.418,23.586,21135,0,-0.749032149469786,23.8708,23.5931,23.08175,23.394342772456895,24.3113121599832,21.8521878400168,1.232198171814974,68.2251908396946,36961.05,1.5201981381843097,0.0424160162877418,3.7385643912737354,-0.0075185148257167
2016-06-14,23.576,23.646,23.398,23.616,7639,0,0.1271940981938391,23.7838,23.683,23.11535,23.415452984603856,24.36561553390172,21.86508446609828,1.2252759981751558,67.40619902120716,33840.75,1.0599196512522484,0.1696640651509973,3.957388739710344,0.0012711327502836
2016-06-15,23.626,24.031,23.478,23.557,51699,0,-0.2498306233062353,23.681199999999997,23.7216,23.16825,23.428933652736823,24.398074784267823,21.938425215732178,1.0981446400887067,71.33977900552475,32228.65,2.3553965414430413,-0.2920511301109058,1.665875447757981,-0.0025014322075925
2016-06-16,23.398,23.398,23.053,23.359,10812,0,-0.8405144967525424,23.5764,23.6959,23.2137,23.422273304857125,24.398108908763056,22.029291091236946,0.9458586931302518,59.527559055118125,31704.15,1.4965514249772214,-0.1666809128985294,-1.0882452574525692,-0.008440667385919
2016-06-17,23.379,23.626,23.082,23.616,36746,0,1.100218331264169,23.5468,23.6989,23.2804,23.440723466299303,24.39189200816287,22.16890799183713,1.0194889844997812,66.55379984951085,32578.1,2.3568148340698403,1.0137302707557991,0.1271940981938391,0.0109420995935116
2016-06-20,23.754,24.149,23.517,23.646,23156,0,0.1270325203251987,23.5588,23.7148,23.3323,23.46027361236604,24.407952869068943,22.256647130931057,1.0080404901883373,67.40352191832147,32633.35,2.6874176127907536,-0.4546602677443822,0.6769702388555565,0.0012695190228595
2016-06-21,23.705,23.863,23.31,23.517,20968,0,-0.5455468155290633,23.539,23.6614,23.38615,23.465676125474033,24.37830942585615,22.393990574143853,0.5993175040548454,57.38054607508531,32656.25,2.372372372372376,-0.7930816283484448,-2.2202819009604524,-0.0054704035662269
2016-06-22,23.616,23.705,23.398,23.517,19048,0,0.0,23.531,23.6061,23.43455,23.470564113524127,24.34591184390489,22.523188156095102,0.5954072291439462,47.39336492890995,31440.1,1.312077955380796,-0.4192073170731715,-2.297465724968839,0.0
2016-06-23,23.764,24.317,23.764,24.317,21561,0,3.4017944465705607,23.7226,23.6495,23.53435,23.55117705509326,24.365934479994568,22.702765520005432,1.2622724009695918,63.69426751592358,30543.65,2.3270493182965866,2.3270493182965866,1.8171921450404136,0.0334521303512272
2016-06-24,23.497,23.922,22.929,23.616,96447,0,-2.88275691902784,23.7226,23.6347,23.5714,23.5573506688939,24.343171823382946,22.799628176617055,1.5890836662071794,51.97187404463469,32273.3,4.330760172707062,0.5064476316125454,-0.6227907759636442,-0.0292512458078601
2016-06-27,23.389,23.389,22.588,22.707,28328,0,-3.849085365853655,23.534799999999997,23.5468,23.56995,23.476364890904005,24.348410417138883,22.79148958286111,1.991731765795173,31.415929203539875,32309.65,3.546130688861335,-2.9159006370515996,-3.7267870770796185,-0.0392512014229218
2016-06-28,22.904,23.31,21.333,23.082,49472,0,1.6514731140176986,23.4478,23.4934,23.588199999999997,23.43880632986553,24.29640948432199,22.879990515678003,2.089199380225967,37.56294058408863,30438.05,9.26733230206722,0.7771568285015753,-2.2611788617886153,0.0163798460030729
2016-06-29,23.211,23.507,22.914,23.319,31598,0,1.0267741096958494,23.4082,23.4696,23.595599999999997,23.427396203211668,24.288379421111223,22.90282057888877,2.1251032428914356,42.98856290402784,29218.8,2.58793750545518,0.4652966265994595,-1.010315405187412,0.010215385917979
2016-06-30,23.418,23.744,23.26,23.517,19101,0,0.8490930142802,23.248199999999997,23.4854,23.59065,23.43592989814389,24.28422996541168,22.89707003458832,2.125180097526661,46.98853938063888,28187.2,2.080825451418737,0.422751729438894,0.6763988184425695,0.0084550849585025
2016-07-01,23.507,23.823,23.26,23.339,18467,0,-0.7568992643619543,23.1928,23.4577,23.5783,23.426698479273043,24.280965331733725,22.875634668266272,2.1079616672488934,46.98853938063888,28271.75,2.420464316423039,-0.7146807333985741,-1.172933604336046,-0.0075977828356106
2016-07-05,23.181,23.557,22.895,23.26,31045,0,-0.3384892240455794,23.3034,23.4191,23.56695,23.41082243362799,24.283030111660143,22.850869888339854,2.1075847373430476,45.710843373494,28581.7,2.8914610176894473,0.3407963418316752,-1.6324114015055402,-0.0033906339485657
2016-07-06,23.211,23.24,22.924,23.181,16581,0,-0.3396388650042992,23.323200000000003,23.3855,23.52345,23.38893458280628,24.2211860306165,22.8257139693835,2.104232923269764,45.49160671462832,27773.45,1.3784679811551168,-0.1292490629442832,-1.4287536675596346,-0.0034021694709618
2016-07-07,23.122,23.665,22.885,23.507,47208,0,1.4063241447737296,23.3608,23.3845,23.4953,23.4001789082533,24.143889433024466,22.846710566975535,2.1596879895165895,51.721731037691946,29149.1,3.4083460782171624,1.66508087535681,-0.0425224305821259,0.0139652715158245
2016-07-08,23.448,24.001,23.448,23.912,42070,0,1.72289105372867,23.4398,23.344,23.49675,23.448923774133934,24.149107627136857,22.84439237286314,1.9191767728082016,53.32883490778227,30317.85,2.358410098942344,1.978846809962464,-1.665501501007527,0.0170821758462555
2016-07-11,24.12,24.851,23.962,24.594,37361,0,2.852124456339933,23.690800000000003,23.4418,23.53825,23.55797865278785,24.348649479139077,22.72785052086092,1.8683590526401643,59.29776382895253,31522.1,3.7100408980886375,1.9651741293532343,4.141260162601634,0.0281220857686189
2016-07-12,24.782,25.049,24.653,24.94,39980,0,1.4068471985037023,24.0268,23.6651,23.60595,23.68959973347472,24.630953922970384,22.580946077029616,1.124344751640158,63.38664158043276,32464.35,1.6062953798726354,0.637559519005735,9.83397190293742,0.0139704295016349
2016-07-13,25.108,25.325,24.841,25.197,23739,0,1.030473135525245,24.43,23.8766,23.685,23.833161663619983,24.932892370527384,22.437107629472617,1.0980176810418278,65.07537688442213,33269.35,1.9483917716678,0.3544686952365725,9.162984143488416,0.0102519995597092
2016-07-14,25.306,25.335,25.098,25.098,14946,0,-0.3929039171329918,24.7482,24.0545,23.76205,23.95362245756094,25.15815879910799,22.36594120089201,1.1673746767915754,58.0168343256005,31431.7,0.94429835046618,-0.8219394609973997,7.628972082850893,-0.0039367781234833
2016-07-15,25.256,25.365,25.009,25.118,14225,0,0.0796876245119149,24.9894,24.2146,23.85,24.06451555684085,25.35646089263944,22.343539107360563,1.184900990582248,67.92362768496422,31602.35,1.423487544483978,-0.5464048146975042,6.807841136199344,0.0007965589078186
2016-07-18,25.207,25.375,24.792,25.217,17444,0,0.3941396608010183,25.113999999999997,24.4024,23.93005,24.174275979998864,25.55002653979095,22.310073460209058,1.0827070990457075,87.13017751479292,30637.25,2.351565020974501,0.0396715198159162,8.04661725009641,0.0039336496536073
2016-07-19,25.177,25.444,25.098,25.147,8168,0,-0.2775905143355683,25.1554,24.5911,24.0051,24.266916362856115,25.706688842662363,22.303511157337635,1.075853115114298,83.57723577235774,29887.85,1.3785959040561004,-0.119156372880014,8.112639724849524,-0.002779765112966
2016-07-20,25.246,25.296,24.96,25.019,38205,0,-0.5090070386129519,25.1198,24.7749,24.0802,24.33854337591744,25.82316318770178,22.337236812298215,1.096712681709986,78.65812542144303,30749.7,1.3461538461538405,-0.8991523409649066,7.928907294767251,-0.0051030689221336
2016-07-21,24.93,25.019,24.713,24.792,24409,0,-0.9073104440625036,25.0586,24.9034,24.14395,24.38172972106816,25.893434552660967,22.394465447339034,1.1880978562668014,71.2854757929884,31017.75,1.2382147048112224,-0.5535499398315208,5.466456800102093,-0.0091145157289955
2016-07-22,24.91,25.147,24.179,24.881,13149,0,0.3589867699257842,25.0112,25.0003,24.17215,24.42927927144262,25.951309976239337,22.39299002376066,1.1131298578267914,76.53131452167938,30597.15,4.00347408908557,-0.1164191087916495,4.0523586483773855,0.0035834395038626
2016-07-25,24.861,25.207,24.762,25.197,19540,0,1.2700454161810093,25.007199999999997,25.0606,24.2512,24.50239553130523,26.066441622310307,22.435958377689698,0.7927803367359759,80.81450843143496,26751.8,1.7971084726597215,1.3515144201761735,2.451817516467414,0.0126204798222899
2016-07-26,25.138,25.414,25.128,25.187,18779,0,-0.0396872643568579,25.0152,25.0853,24.3752,24.567595956895207,26.081867001096256,22.668532998903743,0.6814520481700562,82.6284970722187,26274.35,1.1381725565106708,0.194924019412839,0.9903769045709776,-0.0003969514183592
2016-07-27,25.315,25.414,25.059,25.404,25684,0,0.8615555643784356,25.0922,25.106,24.491300000000003,24.64725348480995,26.14257460816736,22.840025391832647,0.6575168954264318,81.98988195615523,25084.95,1.4166566902111033,0.3515702152873736,0.8215263721871757,0.0085786535474878
2016-07-28,25.276,25.75,25.088,25.444,30440,0,0.157455518815941,25.2226,25.1406,24.59755,24.723134105304243,26.204078191964975,22.99102180803503,0.6358593862425971,79.46153846153857,25027.05,2.6387117346938735,0.6646621300838711,1.3785959040560902,0.0015733168758294
2016-07-29,27.42,27.42,25.296,25.503,75353,0,0.2318817795944117,25.347,25.1791,24.69685,24.797407047656225,26.267265469666455,23.126434530333547,0.6361079302832536,72.98937784522012,27839.65,8.396584440227715,-6.991247264770246,1.5327653475595282,0.0023161334867737
2016-08-01,25.533,25.897,25.246,25.869,34736,0,1.4351252793789016,25.4814,25.244300000000003,24.82335,24.89946351930801,26.339897779801323,23.306802220198673,0.7540153087081989,73.25988983475222,28653.1,2.5786263170403227,1.3159440723769182,2.585557362097002,0.0142492483349656
2016-08-02,26.057,26.057,24.91,24.91,19892,0,-3.707139819861605,25.426,25.220599999999997,24.90585,24.900466993659627,26.231859172786923,23.57984082721308,1.4673159761482537,44.68321600592813,28095.45,4.604576475311114,-4.401888168246531,-0.9424583449317958,-0.0377760113642079
2016-08-03,24.989,25.013,24.367,24.95,24823,0,0.1605780810919332,25.335199999999997,25.2137,24.9943,24.9051844228349,26.042837849127007,23.94576215087299,1.4610720019033647,47.19696969696969,28507.55,2.651126523576972,-0.1560686702149004,-0.2757903992965271,0.0016044929234386
2016-08-04,24.841,25.138,24.772,24.91,20204,0,-0.160320641282563,25.2284,25.2255,25.06445,24.905643049231575,25.848357211211077,24.280542788788924,1.4292944079195269,46.09022556390979,27157.35,1.4774745680607266,0.2777665955476794,0.4759599870926001,-0.0016044929234385
2016-08-05,24.97,25.375,24.941,25.187,10799,0,1.1120032115616183,25.1652,25.2561,25.1282,24.932438949304757,25.694726108470032,24.561673891529967,1.466337226093715,49.47145877378439,25593.8,1.7401066516980117,0.8690428514217153,1.229854105542394,0.0110586591191513
2016-08-08,25.068,25.483,25.068,25.434,21896,0,0.9806646285782428,25.0782,25.2798,25.1702,24.98020666841859,25.692821972667662,24.64757802733234,1.4440721954871274,54.75953565505811,24820.55,1.6554970480293567,1.4600287218764945,0.940588165257772,0.0097588732053147
2016-08-09,25.335,25.701,25.098,25.246,23375,0,-0.7391680427773939,25.1454,25.2857,25.1855,25.005520319045388,25.697556123567967,24.673443876432028,1.4684972152387286,53.69105691056912,23990.3,2.402581879034192,-0.3512926781132907,0.2342478262595593,-0.0074191342678852
2016-08-10,25.276,25.444,25.207,25.256,20790,0,0.0396102352848037,25.2066,25.2709,25.18845,25.029375526755352,25.70146399385785,24.67543600614215,1.4397055971112735,58.11756473058081,23842.85,0.9402150196373956,-0.0791264440576023,-0.5825854196189528,0.0003960239250206
2016-08-11,25.434,25.809,25.434,25.79,21120,0,2.114349065568577,25.3826,25.3055,25.22305,25.10181595277865,25.79976646778098,24.64633353221902,1.595445315007676,63.76021798365122,24151.55,1.4744043406463787,1.3997011873869547,1.3598490803332863,0.0209230686375628
2016-08-12,25.76,26.027,25.642,25.869,19082,0,0.3063202791779851,25.519,25.3421,25.2606,25.174881100133064,25.902615707300292,24.61858429269971,1.5960601379803474,60.95890410958906,24394.4,1.5014429451680895,0.4231366459627259,1.4351252793789016,0.0030585207450437
2016-08-15,25.819,26.101,25.819,25.958,18106,0,0.3440411303104129,25.6238,25.351,25.297649999999997,25.249463852501343,26.01066975317679,24.58463024682321,1.5348868998859926,62.257551669316335,24427.5,1.0922189085557148,0.5383632208838427,0.3440411303104129,0.0034345066272701
2016-08-16,26.007,26.096,25.906,26.017,14338,0,0.2272902380769048,25.778,25.4617,25.341150000000003,25.3225625332155,26.11870494644178,24.563595053558224,0.7894347115692869,60.261131570137245,24736.0,0.7334208291515529,0.0384511862190872,4.443998394219184,0.0022703232454952
2016-08-17,25.913,26.047,25.622,25.893,13537,0,-0.4766114463619852,25.905399999999997,25.556,25.38485,25.3768899110045,26.18410946646635,24.58559053353365,0.8385502510708134,57.310322370563355,23502.6,1.658730778237455,-0.0771813375525781,3.7795591182364863,-0.004777508605432
2016-08-18,25.849,26.027,25.592,25.849,33618,0,-0.1699300969373984,25.9172,25.6499,25.4377,25.42185277662312,26.211273553131495,24.6641264468685,0.8392368622821551,55.6609947643979,23963.05,1.6997499218505872,0.0,3.7695704536330865,-0.0017007464190009
2016-08-19,25.839,26.215,25.43,25.671,43926,0,-0.6886146466014154,25.8776,25.6983,25.4772,25.44558108361139,26.210725761036716,24.743674238963283,0.8562599563080016,46.54811715481171,25501.9,3.0869052300432567,-0.6501799605247852,1.921626235756535,-0.0069099653826018
2016-08-22,25.325,26.906,25.325,26.57,50253,0,3.5020061548050263,26.0,25.8119,25.54585,25.552668599457927,26.413663774589715,24.67803622541029,1.345280237649882,79.55840455840453,27037.55,6.242843040473838,4.916090819348474,4.466462215931433,0.0344208096676946
2016-08-23,26.62,26.768,26.076,26.145,22206,0,-1.5995483628152063,26.025600000000004,25.9018,25.59375,25.609081113795263,26.48364032440684,24.70385967559316,1.4527180641715478,68.71280927027871,27208.9,2.6537812547936803,-1.7843726521412524,3.5609601521032985,-0.0161247921316282
2016-08-24,26.145,26.437,26.037,26.155,18110,0,0.0382482310193221,26.078000000000003,25.9917,25.6313,25.66107338867191,26.55037782157143,24.71222217842857,1.452751492227122,69.6806828959848,26830.2,1.536275300533864,0.0382482310193213,3.5595502058916706,0.0003824091824805
2016-08-25,26.121,26.215,25.701,25.918,24968,0,-0.9061364939782156,26.0918,26.0045,25.655,25.685542589750774,26.578178262992783,24.731821737007216,1.3583458098221013,61.70349023374954,26556.6,1.9999221820162612,-0.7771524826767713,0.4963164017060872,-0.0091026688093517
2016-08-26,26.136,26.145,25.651,25.701,28942,0,-0.8372559611081076,26.0978,25.9877,25.6649,25.687014724060223,26.58545793150805,24.74434206849195,1.3830040725564363,54.316197866149345,24236.05,1.9258508440216744,-1.664370982552796,-0.6494259538443625,-0.0084078063632061
2016-08-29,25.819,26.205,25.553,26.086,35727,0,1.497996186918793,26.001,26.0005,25.67575,25.725013321768778,26.611427829169433,24.74007217083057,1.465814719871258,62.7659574468085,24285.6,2.551559503776455,1.0341221581006217,0.4931042453193646,0.0148688702980747
2016-08-30,25.987,26.057,25.77,26.047,53832,0,-0.1495054818676622,25.9814,26.003500000000003,25.7326,25.755678719695556,26.608644555463428,24.856555444536575,1.4658436302228777,61.91623983127449,25982.6,1.1136980985642182,0.2308846731057924,0.1153092208940442,-0.0014961735282925
2016-08-31,25.948,25.997,25.691,25.76,27658,0,-1.101854340231112,25.9024,25.9902,25.7731,25.75609027020074,26.567937262389872,24.978262737610127,1.502311213003487,49.51171875000004,26124.35,1.1910785878323185,-0.7245259750269726,-0.5136523384698499,-0.0110796971836457
2016-09-01,25.809,26.017,24.925,25.977,22388,0,0.8423913043478226,25.9142,26.003000000000004,25.82645,25.777129292086386,26.51325786403803,25.13964213596197,1.5266033056813804,51.68224299065421,26233.55,4.381143430290868,0.6509357200976374,0.4951835660953918,0.0083886298976209
2016-09-02,25.977,26.333,25.859,26.145,16249,0,0.6467259498787348,26.003000000000004,26.050400000000003,25.87435,25.812164597601967,26.50468634296491,25.24401365703509,1.5122013399071366,52.842809364548515,26506.05,1.8330175180787989,0.6467259498787361,1.8464415098749631,0.00644643650632
2016-09-06,26.096,26.096,25.024,25.098,59756,0,-4.004589787722324,25.8054,25.9032,25.857549999999996,25.744148921639876,26.551956971526405,25.163143028473588,1.5499362312122766,39.256488192658395,28399.05,4.283887468030687,-3.8243408951563502,-5.5400828001505475,-0.0408698059519776
2016-09-07,25.128,25.404,24.96,25.325,26499,0,0.9044545382102198,25.661,25.821199999999997,25.8615,25.70422997672179,26.542019770391686,25.180980229608313,1.5650497796791465,43.5159817351598,28555.25,1.77884615384615,0.783985991722378,-3.1363549435838634,0.0090038884466307
2016-09-08,25.266,25.266,24.209,24.278,40325,0,-4.134254689042449,25.364600000000003,25.6335,25.812599999999996,25.568398550367338,26.76325371414082,24.861946285859172,1.9673029208797004,35.40776518669885,29532.0,4.366144822173566,-3.9103934140742487,-7.1764480978780405,-0.0422214596591351
2016-09-09,23.942,24.604,23.942,24.436,52626,0,0.6507949583985484,25.0564,25.4853,25.7449,25.460551069379967,26.877723932990964,24.61207606700904,2.0123961034760622,38.48592205854933,31107.3,2.765015454013863,2.0633196892490173,-5.718033798904232,0.0064868643119085
2016-09-12,24.545,24.9,24.258,24.871,63454,0,1.7801604190538445,24.8016,25.4023,25.695,25.404403348486635,26.89096937119699,24.49903062880301,2.1397451247184938,32.659726474790745,33325.9,2.64654959188721,1.3281727439396902,-3.229446325045726,0.0176450113066827
2016-09-13,25.296,25.296,24.347,24.357,31814,0,-2.0666639861686265,24.6534,25.2294,25.61495,25.30465064863077,26.94374390901329,24.286156090986715,2.102272897339017,32.07698476343222,34011.3,3.8978108185813367,-3.712049335863378,-6.628076362799962,-0.0208831835457842
2016-09-14,24.268,24.555,24.268,24.337,28537,0,-0.0821119185449803,24.4558,25.0584,25.530949999999997,25.212493443999264,26.96125618363572,24.100643816364272,2.1042098998325756,31.812725090035983,34721.25,1.1826273281687778,0.2843250370858705,-6.565055476638393,-0.0008214564884647
2016-09-15,24.604,24.713,24.189,24.377,16959,0,0.1643587952500302,24.4756,24.9201,25.45515,25.132922639808857,26.963236452219384,23.947063547780616,2.112513498807526,33.951260154134516,34892.35,2.1662739261647896,-0.922614209071697,-5.368788819875792,0.0016422387399854
2016-09-16,24.594,25.147,24.367,25.118,190720,0,3.0397505845674244,24.612,24.8342,25.4186,25.131501436017537,26.92192101134692,23.91527898865308,2.3697324255547167,44.52582159624411,42747.45,3.2010506012229554,2.1306009595836275,-3.3067713746776084,0.0299446557959952
2016-09-19,25.118,25.118,24.619,25.009,27308,0,-0.4339517477506049,24.6396,24.720599999999997,25.3855,25.119834632587295,26.894562518323795,23.87643748167621,2.3457678621230844,39.33452168746286,41916.55,2.0268898005605376,-0.43395174775061,-4.344999043794218,-0.0043489605121863
2016-09-20,25.049,25.266,24.95,25.049,28620,0,0.1599424207285427,24.778,24.7157,25.30945,25.113088477102792,26.717064701318385,23.90183529868161,1.9793772833882168,40.118811881188094,40834.9,1.2665330661322602,0.0,-0.1952346800541904,0.0015981464906138
2016-09-21,25.029,25.286,24.871,25.187,45793,0,0.5509201964150279,24.948,24.7019,25.26155,25.12012766975967,26.61354758252636,23.90955241747364,1.964494490799644,44.15425423382982,42014.25,1.6686100277431657,0.6312677294338617,-0.5449160908193362,0.005494081818878
2016-09-22,25.217,25.879,25.197,25.859,18633,0,2.6680430380751963,25.2444,24.86,25.24675,25.190496463115892,26.56359037717052,23.929909622829477,1.5142735366290452,48.898431665421974,42040.4,2.706671429138398,2.5459015743347866,6.512068539418414,0.026330714442529
2016-09-23,25.889,25.889,25.266,25.306,18689,0,-2.1385204377586176,25.282000000000004,24.947,25.21615,25.201496799962,26.49521483519437,23.937085164805627,1.7510847282602915,42.692910642745176,41726.45,2.4657642681865,-2.2519216655722447,3.560320838107711,-0.0216171810686975
2016-09-26,25.306,25.306,24.96,25.019,40962,0,-1.1341183908954555,25.284,24.9618,25.182049999999997,25.18411615234657,26.44292396172958,23.921176038270413,1.731644985025821,49.20698654888576,42327.45,1.386217948717949,-1.13411839089545,0.5950705641108112,-0.0114059855526293
2016-09-27,24.97,25.543,24.97,25.434,24918,0,1.6587393580878684,25.361,25.0695,25.14945,25.20791461402785,26.343881196934237,23.95501880306576,1.617187048030124,51.054362545947015,41787.0,2.2947537044453363,1.85822987585103,4.421726813647009,0.0164513253841125
2016-09-28,25.444,25.829,25.314,25.809,46526,0,1.4744043406463847,25.4854,25.2167,25.137549999999997,25.265160841263288,26.29860586700857,23.976494132991427,1.6355850976325212,67.02245941738938,41421.7,2.034447341392118,1.4345228737619948,6.048403665201141,0.0146364067087657
2016-09-29,25.721,25.958,25.637,25.869,39547,0,0.2324770428919986,25.4874,25.3659,25.143,25.322669332571547,26.317305797168007,23.96869420283199,1.6337055020316,66.28779268015458,42016.15,1.2520965791629206,0.5754053108355028,6.120523444230219,0.0023220723309761
2016-09-30,25.365,26.205,25.365,26.116,51436,0,0.9548107773783344,25.649400000000004,25.4657,25.149949999999997,25.3982246342314,26.346473820335728,23.953426179664262,1.406024643171783,64.7827119449062,43468.55,3.3116499112950915,2.960772718312641,3.973246277569875,0.00950281268609
2016-10-03,25.444,26.352,25.444,25.75,42658,0,-1.4014397304334514,25.7956,25.539800000000003,25.1302,25.431727050018885,26.26922665742072,23.991173342579277,1.499883345245835,67.14250553777995,44789.0,3.568621285961332,1.2026410941675874,2.9629333439961547,-0.0141135262146419
2016-10-04,25.79,26.165,25.661,25.908,31119,0,0.6135922330097188,25.8904,25.6257,25.1707,25.477086378588517,26.361338413448088,23.980061586551912,1.5019506900762212,68.69792906450846,43357.15,1.964069989478188,0.4575416828228077,3.429278613916731,0.0061171742109255
2016-10-05,25.958,26.145,25.898,25.968,18521,0,0.2315886984715076,25.922199999999997,25.7038,25.20285,25.52384005681818,26.4446568796375,23.961043120362504,1.5005484511609923,68.84624496564794,42958.25,0.953741601668082,0.0385237691655811,3.1008059713344194,0.0023132094515647
2016-10-06,25.977,26.047,25.444,25.938,43733,0,-0.1155268022181243,25.936,25.7117,25.28585,25.563283860930735,26.488672868352115,24.083027131647885,1.25361070431502,61.68091168091166,43128.65,2.3699103914478914,-0.1501328097932843,0.3055029196797898,-0.0011559358586857
2016-10-07,25.523,25.849,25.335,25.829,34344,0,-0.4202328629809515,25.8786,25.764,25.3555,25.588590159889712,26.51153341783753,24.19946658216247,1.01777072823892,61.68091168091166,42214.55,2.028813893822772,1.1989186224189985,2.0667035485655516,-0.0042111832280938
2016-10-10,25.829,25.987,25.77,25.889,42170,0,0.2322970304696303,25.9064,25.851,25.4064,25.617200620852596,26.562257284943573,24.25054271505643,0.902552446467499,61.89801699716712,41150.35,0.8420644159875775,0.2322970304696222,3.4773572085215365,0.002320276380309
2016-10-11,25.76,25.77,25.394,25.592,17860,0,-1.1472053768009638,25.843200000000003,25.8668,25.46815,25.61480056172378,26.514745940732205,24.4215540592678,0.885114672367631,55.489292491189985,40452.65,1.4806647239505444,-0.6521739130434892,0.6212156955256676,-0.0115383654185479
2016-10-12,25.493,26.353,25.493,26.175,22656,0,2.2780556423882548,25.8846,25.9034,25.56005,25.668152889178657,26.50642245922426,24.61367754077574,1.048633770014992,54.38888888888886,40158.6,3.373475071588291,2.6752441846781556,1.4181099616412896,0.0225249541093837
2016-10-13,25.859,26.185,25.859,25.938,12474,0,-0.905444126074506,25.8846,25.9103,25.6381,25.693852614018784,26.416168025709062,24.86003197429093,1.0987318306004907,59.622411693057195,39934.35,1.2606829343748671,0.3055029196797906,0.2667285167575084,-0.0090956818430509
2016-10-14,25.938,25.938,25.375,25.651,24307,0,-1.1064846942709483,25.849,25.863800000000005,25.66475,25.689771412683665,26.40332041855,24.926179581449997,1.0997364711466575,59.622411693057266,31613.7,2.2187192118226555,-1.1064846942709503,-1.7805176903047948,-0.0111265177019434
2016-10-17,25.721,25.721,25.454,25.562,26321,0,-0.3469650306030858,25.7836,25.845,25.6924,25.677602706713788,26.36616691268628,25.018633087313717,1.0163698139266526,52.16362407031779,31564.35,1.0489510489510467,-0.6181719217759766,-0.7300970873786339,-0.0034756835020834
2016-10-18,25.632,25.632,25.207,25.355,15179,0,-0.8097957906267106,25.736200000000004,25.7897,25.7077,25.646878639407714,26.332033278069087,25.08336672193091,1.0098601331235202,41.86379928315411,30892.3,1.686039592176779,-1.080680399500628,-2.1344758375791306,-0.0081309244625402
2016-10-19,25.315,25.416,25.167,25.246,15921,0,-0.429895484125431,25.5504,25.7175,25.71065,25.608699721368883,26.32510338138378,25.096196618616215,0.999259151611078,39.02782669954208,29398.7,0.9893908689951078,-0.2725656725261806,-2.7803450400492924,-0.0043082219163126
2016-10-20,25.592,26.649,24.91,25.197,11149,0,-0.1940901528955096,25.4022,25.643399999999996,25.677550000000004,25.569490224095656,26.328588514504062,25.026511485495945,0.998155748368125,32.60128739113972,29024.5,6.981132075471701,-1.543451078462018,-2.856812398797126,-0.0019427875190701
2016-10-21,24.999,25.558,24.96,25.078,6751,0,-0.4722784458467299,25.2876,25.5683,25.66615,25.52268163132464,26.35165473912851,24.980645260871487,0.9990746266292292,35.96491228070175,28427.6,2.395833333333329,0.3160126405056227,-2.907584498044835,-0.0047339720432536
2016-10-24,25.276,25.276,25.029,25.177,15933,0,0.3947683228327614,25.2106,25.4971,25.67405,25.489759571198483,26.331208308251895,25.016891691748107,1.0097790440681935,34.34689507494643,27176.15,0.9868552479124212,-0.3916758980851408,-2.750202788829237,0.0039399115735317
2016-10-25,24.93,25.301,24.564,24.634,46007,0,-2.1567303491281664,25.0664,25.4013,25.63405,25.408258659655772,26.434497368334057,24.833602631665947,1.147813843326619,26.3307310149042,28230.6,3.000325679856694,-1.187324508624145,-3.743357299155981,-0.0218032768225852
2016-10-26,24.564,24.752,24.248,24.258,16772,0,-1.5263457010635806,24.8688,25.2096,25.5565,25.29871021587903,26.56028515210087,24.552714847899125,0.7224728072543987,23.451327433628336,26742.9,2.0785219399538013,-1.245725451880805,-7.323782234957021,-0.0153811426326038
2016-10-27,24.456,24.456,23.764,24.041,28525,0,-0.8945502514634329,24.6376,25.0199,25.4651,25.178928290557216,26.663171415145484,24.267028584854515,0.7222294719155433,22.67726161369194,26191.8,2.9119676822083833,-1.696925089957471,-7.313593954815323,-0.0089857537470568
2016-10-28,23.715,23.784,22.667,22.707,58857,0,-5.5488540410132625,24.163400000000003,24.7255,25.29465,24.943506548599387,26.97552775002394,23.613772249976066,1.686065453919312,15.002199736031711,26562.85,4.927868707813108,-4.250474383301704,-11.477135394331606,-0.0570874591444918
2016-10-31,22.796,23.003,22.381,22.934,76455,0,0.9996917250187254,23.7148,24.4627,25.15385,24.7521249725423,27.121442413398256,23.18625758660174,1.810796822566657,20.308310991957143,28252.7,2.7791430230999503,0.6053693630461559,-10.28088568969564,0.0099472786209726
2016-11-01,22.875,23.972,22.628,22.677,51252,0,-1.1206069591000345,23.3234,24.1949,24.9923,24.554494022776368,27.213410210777543,22.771189789222458,1.8086185564339268,7.855421686747008,29259.35,5.939543927876971,-0.865573770491805,-10.56201932557681,-0.0112693306379633
2016-11-02,22.677,23.398,22.045,22.539,35889,0,-0.6085461039819995,22.9796,23.9242,24.82085,24.36254221108338,27.24494434200622,22.39675565799378,1.8021909853251536,8.04739570476427,30127.75,6.137446132909948,-0.6085461039819999,-10.7224906915947,-0.006104052923016
2016-11-03,22.48,22.904,22.48,22.707,48085,0,0.7453746838812725,22.7128,23.6752,24.6593,24.204871524313536,27.197864791373107,22.12073520862689,1.8782814550616296,12.56358087487284,30345.35,1.8861209964412788,1.009786476868329,-9.882128824860091,0.0074261049400068
2016-11-04,22.845,23.418,22.736,23.132,46275,0,1.8716695292200656,22.7978,23.4806,24.52445,24.102693283902724,27.087804502456173,21.961095497543823,2.08854617835415,21.53233364573572,30941.9,2.999648135116109,1.2562924053403484,-7.759789456894484,0.0185436933008317
2016-11-07,23.478,23.794,23.142,23.665,54355,0,2.304167387169276,22.944,23.3294,24.41325,24.061008209245323,26.9196873437,21.90681265629999,2.286251314626321,31.60644318676532,31551.15,2.8173882983320415,0.7964903313740421,-6.005481193152484,0.0227802230622393
2016-11-08,23.547,23.636,23.082,23.231,37064,0,-1.8339319670399257,23.054800000000004,23.189100000000003,24.2952,23.981959808364817,26.79025326174544,21.80014673825456,2.263896608790262,29.518194755031516,32511.35,2.4001386361667034,-1.341996857349127,-5.695380368596248,-0.0185095697193835
2016-11-09,22.914,24.149,22.796,24.09,36169,0,3.697645387628601,23.365,23.1723,24.190949999999997,23.99224935042531,26.5242886493672,21.85761135063279,2.594957264862855,40.33862803281549,33187.0,5.935251798561158,5.132233568997113,-0.6925550333910402,0.0363092229879522
2016-11-10,24.574,25.276,24.11,24.693,48836,0,2.5031133250311477,23.7622,23.2375,24.1287,24.058987507527664,26.328393672453227,21.929006327546777,2.6911127723532076,46.90165781426044,35005.1,4.836167565325593,0.4842516480833391,2.7120336092508746,0.0247229860318367
2016-11-11,24.782,26.175,24.416,26.086,49859,0,5.641274855222123,24.353,23.5754,24.15045,24.252036316334554,26.420982650236205,21.879917349763794,2.2841301856709233,56.05434927401093,36282.7,7.204292267365663,5.2618836252118415,14.880873739375522,0.0548789692894746
2016-11-14,26.086,26.086,24.895,25.671,40914,0,-1.5908916660277497,24.7542,23.8491,24.155900000000003,24.38717571477888,26.44117403861728,21.870625961382725,2.475948234550282,57.02669738446944,37012.35,4.784093191403892,-1.5908916660277512,11.93424609749716,-0.0160368218440638
2016-11-15,25.681,26.304,25.349,26.007,58630,0,1.3088699310506158,25.3094,24.1821,24.1885,24.54144469432375,26.56266990479647,21.814330095203527,2.3428171976002714,61.915792342281,39184.9,3.7674069983036738,1.269420972703557,14.68448207434847,0.0130037824505857
2016-11-16,25.918,26.185,25.829,25.948,48753,0,-0.2268619986926623,25.681,24.523000000000003,24.2236,24.675402342483395,26.68283123631825,21.76436876368175,2.309257416234654,63.27809497284502,40826.5,1.3782957141197805,0.1157496720426002,15.124894627090812,-0.002271197203804
2016-11-17,26.185,26.185,25.76,26.017,38035,0,0.2659164482811782,25.9458,24.854000000000003,24.2646,24.803173547961165,26.81771132377304,21.711488676226963,2.330211415822149,77.97498309668697,42170.8,1.6498447204968834,-0.6415886958182138,14.577002686396256,0.0026556351602534
2016-11-18,26.027,26.205,25.692,26.086,40370,0,0.2652112080562707,25.9458,25.1494,24.315,24.92534749577439,26.973348042636378,21.656651957363625,2.3489289368763293,77.37061479680446,43851.75,1.996730499766457,0.2266876704960137,12.770188483486056,0.0026486014370289
2016-11-21,26.224,26.452,25.987,26.392,29752,0,1.1730430115771018,26.089999999999996,25.4221,24.375750000000004,25.06502868665302,27.16914226898412,21.58235773101589,2.3186796127904157,81.9872567590839,44542.7,1.789356216569837,0.64063453325198,11.52334671455737,0.011662161978189
2016-11-22,26.254,26.916,26.254,26.679,43559,0,1.0874507426492874,26.224399999999996,25.7669,24.478,25.218740240305113,27.454879609679487,21.501120390320516,2.076492613732567,84.75486903962393,44420.3,2.5215205302049175,1.618800944617952,14.842236666523156,0.0108158051593323
2016-11-23,26.659,27.341,26.511,26.62,34481,0,-0.2211477191798705,26.358799999999995,26.0199,24.5961,25.352193550752247,27.7200118459156,21.4721881540844,1.964050134330656,83.46160424149141,45305.75,3.130775904341601,-0.1462920589669452,10.502283105022835,-0.002213926118647
2016-11-25,26.353,27.084,26.353,26.472,31239,0,-0.5559729526671608,26.4498,26.1978,24.71765,25.458841784013934,27.938300360931407,21.49699963906859,1.9456321059878416,79.9820466786356,45441.45,2.773877736880044,0.4515614920502401,7.204470902684967,-0.0055752423476544
2016-11-28,26.462,26.887,25.968,26.649,47053,0,0.6686310063463319,26.562400000000004,26.2541,24.91475,25.57219018553642,28.099590002591093,21.729909997408903,0.9023127655503288,78.6152665899502,44851.25,3.538971041281579,0.7066737208071996,2.1582458023460926,0.0066640558363626
2016-11-29,26.728,27.539,26.723,27.242,101279,0,2.2252242110398113,26.7324,26.4112,25.13015,25.73121969167581,28.333602300582054,21.926697699417947,0.8584540968847655,87.32551647124515,46092.45,3.053549376941221,1.9230769230769205,6.119746016906236,0.0220082735694762
2016-11-30,27.46,27.46,26.254,26.521,48059,0,-2.6466485573746423,26.700799999999997,26.4626,25.32235,25.80643686389716,28.363219285340215,22.281480714659786,1.2952256512705056,73.2187201528176,45932.8,4.593585739315912,-3.419519300801165,1.976390971661468,-0.0268230280277453
2016-12-01,26.699,27.114,26.185,26.58,57725,0,0.2224652162437168,26.6928,26.525799999999997,25.5244,25.880109543526004,28.3131318679963,22.7356681320037,1.2864014414670448,70.11298230654444,47024.6,3.5478327286614557,-0.4457095771377329,2.4356405117928137,0.0022221812876945
2016-12-02,26.639,27.055,26.304,26.392,22023,0,-0.7072987208427306,26.676800000000004,26.5633,25.70865,25.928861015571147,28.182806806926823,23.234493193073178,1.321271696270806,54.38898450946646,45721.5,2.8550790754257953,-0.9272119824317726,1.4413652611753758,-0.0070981193588188
2016-12-05,26.63,27.637,26.511,27.272,49157,0,3.3343437405274345,26.8014,26.6819,25.91565,26.056779014088185,28.16461956755503,23.66668043244497,1.6629932208313476,70.26069349531767,45865.6,4.247293576251372,2.4108148704468624,4.546500038334744,0.0327996009093216
2016-12-06,27.46,27.608,26.975,27.331,60214,0,0.2163391023760619,26.8192,26.775800000000004,26.09895,26.178133393698833,28.16576381790763,24.032136182092373,1.6447060032232783,68.01850843767012,46158.55,2.3466172381835,-0.4697742170429764,3.557896332221877,0.002161054263011
2016-12-07,27.242,28.769,27.074,28.497,71368,0,4.2662178478650725,27.2144,26.957600000000003,26.36225,26.39897783239418,28.22205393703468,24.50244606296532,2.056143910359606,76.65760301192223,47873.75,6.26061904410134,4.606857058953083,6.814348363881706,0.0417772294775421
2016-12-08,28.665,28.71,28.26,28.438,63171,0,-0.2070393374741241,27.586,27.1394,26.579650000000004,26.59317041978521,28.334642790508276,24.824657209491733,2.0554614408994225,75.37203940473698,49223.85,1.5923566878980868,-0.7919065061922215,6.8294515401953415,-0.0020725396019724
2016-12-09,28.616,28.932,27.835,28.853,45507,0,1.4593150010549394,28.0782,27.3775,26.787649999999996,26.80839228456757,28.586678424923676,24.988621575076316,2.0191116156788302,77.03732655853042,49057.4,3.941081372372904,0.8282079955269845,8.994409187065578,0.0144876947089245
2016-12-12,28.863,28.952,28.349,28.616,31160,0,-0.8214050532007189,28.347,27.5742,26.91415,26.98054540032304,28.855603419205963,24.972696580794036,2.090422312151503,72.0285261489699,48122.45,2.1270591555257736,-0.8557668987977683,7.381140005253473,-0.0082479717263906
2016-12-13,29.228,29.386,28.724,28.932,49081,0,1.1042773273693074,28.6672,27.7432,27.0772,27.166398219339897,29.123942582739495,25.0304574172605,2.030786157233457,72.18830017727005,48530.8,2.304692939701988,-1.0127275215546836,6.203656119227663,0.0109822470303177
2016-12-14,28.813,29.06,28.073,28.388,36852,0,-1.8802709802294928,28.6454,27.929899999999996,27.196250000000003,27.28274124606943,29.25782312187593,25.134676878124075,1.9042440353273011,65.89356346637902,47441.9,3.5158337192319964,-1.4750286329087468,7.039704385204182,-0.0189817283242977
2016-12-15,28.29,28.823,26.126,28.379,42927,0,-0.0317035367056517,28.6336,28.1098,27.3178,27.387146841681865,29.356023127086097,25.2795768729139,1.912982977708021,67.58251890097733,47150.6,10.323049835412997,0.3145987981619024,6.768246802106859,-0.0003170856333929
2016-12-16,28.458,28.645,27.697,28.329,90824,0,-0.176186616864582,28.5288,28.303500000000003,27.4334,27.476847142474067,29.422653062676435,25.444146937323563,1.8774369465099483,65.86102719033232,49790.05,3.422753366790629,-0.4532995994096485,7.339345256138219,-0.0017634200803017
2016-12-19,28.191,29.021,27.736,28.715,27322,0,1.3625613329097286,28.5486,28.4478,27.56485,27.594766462238443,29.5264705196615,25.6032294803385,1.66457933048605,64.47239143250147,49137.65,4.632967983847707,1.858749246213334,5.291141097095919,0.0135336193672179
2016-12-20,28.991,28.991,27.776,28.645,28242,0,-0.2437750304718822,28.491200000000003,28.579199999999997,27.6775,27.69478870393002,29.614134791536245,25.74086520846376,1.6804717179242927,73.92969806219017,49062.15,4.37427995391705,-1.1934738367079445,4.80772748893199,-0.0024407264557187
2016-12-21,28.586,29.1,28.008,29.05,13700,0,1.413859312270915,28.6236,28.634500000000003,27.796049999999997,27.823856446412876,29.765330122277973,25.826769877722025,1.1134116434056294,75.81521739130436,47569.2,3.8988860325621335,1.6231721821870924,1.9405551461557424,0.0140395754373792
2016-12-22,28.853,28.853,28.112,28.24,32072,0,-2.7882960413081026,28.595799999999997,28.614700000000006,27.877049999999997,27.863489165802125,29.77461536257972,25.97948463742027,1.4622888523362858,67.09211986681461,47448.75,2.6358850313033697,-2.124562437181586,-0.6962514944792164,-0.028279070672879
2016-12-23,28.379,28.547,27.707,28.25,15623,0,0.0354107648725232,28.58,28.554400000000005,27.96595,27.900299721440017,29.74952682908876,26.18237317091124,1.3639065802944883,60.78042328042328,46667.95,3.031724834879272,-0.4545614715106287,-2.0899039961182586,0.0003540449674086
2016-12-27,28.211,28.448,27.983,28.26,20942,0,0.0353982300884903,28.488999999999997,28.5188,28.0465,27.934556890826684,29.72188130773712,26.371118692262876,1.3475245585096134,60.352128370849115,45362.4,1.6617231890790831,0.1736911133954948,-1.24405926754263,0.0003539196639313
2016-12-28,28.33,28.43,27.66,27.84,32854,0,-1.4861995753715609,28.328000000000003,28.4096,28.0764,27.92555147265271,29.712205212956604,26.440594787043395,1.3356311233451712,41.21892542101045,41941.15,2.7838033261026736,-1.729615248852801,-3.774367482372454,-0.0149735417901625
2016-12-29,27.83,28.265,27.7,28.22,26948,0,1.3649425287356245,28.162,28.3928,28.16135000000001,27.953594189542933,29.62439301120328,26.698306988796737,1.3236979039658745,47.31659281142295,40885.6,2.0397111913357446,1.4013654329859884,-0.5917993518388176,0.0135571109584489
2016-12-30,28.17,28.48,27.75,28.09,31107,0,-0.4606661941885193,28.132,28.3639,28.236849999999997,27.96658521911027,29.49824175850336,26.975458241496632,1.3299246517864356,39.89939105109874,39554.7,2.630630630630632,-0.2839900603478943,-1.0183586454772908,-0.0046173053085156
2017-01-03,28.11,28.41,27.35,27.79,36873,0,-1.0679957280170904,28.04,28.309999999999995,28.30675,27.949767579195008,29.2533507606162,27.3601492393838,1.3654527334938122,39.244791666666664,40297.2,3.875685557586833,-1.1383849163998587,-1.9026439337781145,-0.0107373973617399
2017-01-04,27.79,28.11,27.79,28.0,20754,0,0.7556675062972307,27.988,28.2385,28.34315,27.954551619271673,29.170719752187697,27.515580247812306,1.3010712482426567,37.52008569898236,38877.05,1.1514933429291123,0.7556675062972323,-2.489987811248473,0.0075282664207915
2017-01-05,27.84,28.2,27.84,28.17,22924,0,0.6071428571428727,28.054,28.191000000000003,28.3851,27.97507051267437,29.069278770112643,27.70092122988736,1.328633259607855,46.755952380952394,37012.55,1.29310344827586,1.1853448275862135,-1.6582300576016729,0.0060530717130774
2017-01-06,28.02,28.1,26.66,27.74,20635,0,-1.5264465743699107,27.958,28.059999999999995,28.347250000000003,27.95268284480062,29.08687405101597,27.607625948984037,1.2657210453168923,41.54985453583707,34475.9,5.4013503375844,-0.9992862241256286,-4.50946643717729,-0.0153821670015958
2017-01-09,27.74,27.84,27.405,27.61,25976,0,-0.4686373467916338,27.862,27.997000000000003,28.305850000000003,27.920046383391036,29.113638475438837,27.49806152456117,0.967671126580552,40.688940688940704,32616.15,1.5873015873015828,-0.468637346791633,-2.230878186968832,-0.0046973889446224
2017-01-10,27.51,27.69,27.22,27.6,24051,0,-0.0362187613183517,27.824,27.932,28.2432,27.889565775449032,29.066522051204245,27.41987794879576,0.9658244267372148,34.00286944045918,31543.35,1.7266715650257254,0.3271537622682655,-2.300884955752202,-0.0003622532189586
2017-01-11,27.48,27.73,27.38,27.62,32421,0,0.0724637681159379,27.748,27.868,28.193400000000004,27.863892844453886,29.041882087395336,27.34491791260467,0.967019258028839,35.08005822416308,31606.4,1.2783053323593916,0.5094614264919962,-2.264685067232841,0.0007243752580417
2017-01-12,27.33,27.55,27.03,27.33,21435,0,-1.0499637943519269,27.579999999999995,27.816999999999997,28.1133,27.81304590688685,28.9706199611514,27.2559800388486,0.9120607538622344,24.09638554216872,30224.1,1.9237883832778375,0.0,-1.8318965517241437,-0.0105551480411694
2017-01-13,27.44,28.14,27.44,27.69,20665,0,1.317233809001106,27.57,27.764,28.0784,27.8013272490881,28.945409476060156,27.21139052393984,0.903157101580856,40.41811846689904,29414.75,2.5510204081632626,0.911078717201166,-1.8781006378454923,0.0130863372428939
2017-01-17,27.44,27.46,26.96,27.15,24513,0,-1.950162513542808,27.478,27.67,28.01695,27.73929608250828,28.964705792440455,27.069194207559548,1.0623334443136592,33.82352941176474,28494.05,1.8545994065281897,-1.056851311953363,-3.346386614453545,-0.0196942908029261
2017-01-18,27.08,27.92,26.995,27.71,56663,0,2.0626151012891336,27.5,27.662,27.986,27.736505979412257,28.93127411785889,27.04072588214111,1.2643067344335983,43.03797468354432,26786.0,3.4265604741618843,2.3264401772525947,-0.2878733357322693,0.0204163124949425
2017-01-19,27.5,27.95,26.78,27.08,31831,0,-2.2735474557921465,27.392000000000003,27.57,27.90425,27.673981600420618,28.8667099786617,26.941790021338296,1.411680108180161,40.86538461538463,27011.45,4.368932038834945,-1.5272727272727336,-3.285714285714292,-0.0229979108308129
2017-01-20,26.98,27.73,26.98,27.27,65644,0,0.7016248153618898,27.380000000000003,27.48,27.835499999999996,27.63550716228532,28.771234442760115,26.89976555723988,1.4189063641961976,38.03526448362726,28881.55,2.7798369162342476,1.0748702742772394,-3.194888178913746,0.0069917488134229
2017-01-23,27.32,27.32,26.95,27.09,27616,0,-0.660066006600657,27.26,27.415,27.7375,27.583554099210527,28.53852237303613,26.93647762696387,1.362034576016499,37.56218905472642,29577.35,1.3729128014842338,-0.8418740849194745,-2.34318673395818,-0.0066225407604933
2017-01-24,27.08,27.48,26.66,27.35,45550,0,0.9597637504614288,27.3,27.389,27.693,27.56131085166667,28.47514549729992,26.910854502700083,1.408167363376131,44.47236180904528,30251.25,3.07576894223556,0.9970457902511196,-0.9416877942774238,0.0095518727709865
2017-01-25,27.41,28.0,26.965,27.52,94431,0,0.6215722120658018,27.262,27.381,27.6565,27.55737648484127,28.396180585401716,26.916819414598287,1.4259825810093836,43.90862944162439,34191.65,3.8383089189690343,0.4013133892739855,-0.2898550724637738,0.0061964841971525
2017-01-26,27.45,28.19,27.165,27.92,27266,0,1.4534883720930258,27.43,27.411,27.6395,27.591912057713532,28.335094406925855,26.94390559307414,1.5008260251185206,47.002398081534785,34507.85,3.773237621940004,1.7122040072859834,1.086169442433027,0.0144302648290288
2017-01-27,27.97,27.97,27.5,27.9,22947,0,-0.071633237822366,27.556,27.468,27.6425,27.62125376650272,28.34224055342279,26.942759446577213,1.4471395740329611,52.12765957446808,34012.5,1.709090909090905,-0.2502681444404729,2.0856201975850697,-0.0007165890668519
2017-01-30,27.55,27.55,27.02,27.31,15737,0,-2.114695340501793,27.6,27.43,27.597,27.591610550645317,28.25577398088715,26.938226019112847,1.559563247681579,46.44549763033175,33451.95,1.9615099925980797,-0.871143375680588,-1.3723365836041943,-0.0213737533417063
2017-01-31,27.11,27.31,26.97,27.28,28778,0,-0.109849871841805,27.586,27.443,27.5565,27.56193335534576,28.18663031233665,26.92636968766335,1.423150578525137,46.22641509433963,33335.5,1.2606599925843525,0.6270748801180439,0.4788213627992643,-0.0010991025103521
2017-02-01,27.31,27.72,27.31,27.72,18589,0,1.6129032258064502,27.626,27.444,27.552999999999997,27.576987321503307,28.1784295366085,26.927570463391493,1.3583597752552854,51.07296137339053,32421.3,1.501281581838155,1.501281581838155,0.0360880548538444,0.0160003413464411
2017-02-02,27.27,28.455,27.04,27.97,38737,0,0.9018759018758926,27.636000000000003,27.533,27.551499999999997,27.614417100407753,28.17254411234054,26.930455887659456,1.113870691296733,56.92640692640692,33320.45,5.23298816568047,2.566923359002564,3.286558345642554,0.0089783328921657
2017-02-03,28.14,28.14,27.62,27.77,27162,0,-0.715051841258485,27.609999999999996,27.583,27.5315,27.62923451941654,28.091435146619876,26.971564853380126,1.1507621177185403,50.89686098654706,33532.35,1.8826937002172324,-1.3148542999289303,1.8335166850018236,-0.0071762058951601
2017-02-06,27.54,27.635,27.25,27.35,30515,0,-1.5124234785739987,27.618,27.609,27.512,27.602640755662584,28.068515474792378,26.955484525207627,1.2480013004302513,52.304147465437815,34026.35,1.4128440366972534,-0.6899055918663679,0.9597637504614288,-0.0152397724507179
2017-02-07,27.3,27.38,26.77,26.88,38328,0,-1.7184643510054889,27.538,27.562,27.4755,27.53381782655186,28.096923662584732,26.85407633741527,1.3283989262279707,40.23529411764705,34643.95,2.2786701531565163,-1.5384615384615443,-1.7184643510054889,-0.0173340132130414
2017-02-08,26.94,26.94,26.51,26.68,45454,0,-0.7440476190476164,27.33,27.478,27.429499999999997,27.45250184307073,28.141693793850497,26.717306206149495,1.3085734227565444,44.76439790575918,35714.1,1.622029422859297,-0.965107646622129,-3.052325581395343,-0.0074682946075257
2017-02-09,26.74,27.13,26.25,26.72,81372,0,0.1499250374812577,27.08,27.357999999999997,27.384499999999996,27.38273976277828,28.157177504729464,26.611822495270527,1.1721014678440698,42.5068119891008,38161.65,3.3523809523809485,-0.0747943156320103,-4.297994269340988,0.0014981276210219
2017-02-10,26.75,27.21,26.52,26.73,43622,0,0.0374251497005984,26.871999999999996,27.240999999999996,27.3545,27.320574071085108,28.180816493462157,26.528183506537847,1.176328323990479,44.85714285714286,39271.0,2.601809954751136,-0.0747663551401853,-4.193548387096769,0.0003741814823826
2017-02-13,26.77,27.4,26.77,27.31,43948,0,2.169846614291049,26.863999999999997,27.240999999999996,27.335499999999996,27.319567016696052,28.146671342792377,26.52432865720762,1.267716518431042,49.47643979057588,40435.15,2.353380649981319,2.017183414269702,0.0,0.0214664053347859
2017-02-14,27.07,27.78,27.05,27.69,40630,0,1.391431709996338,27.026,27.282,27.3625,27.354846348439285,28.18356157215055,26.541438427849453,1.3391920030705975,52.10918114143922,41241.0,2.6987060998151584,2.2903583302548984,1.502932551319658,0.0138184016972568
2017-02-15,27.52,27.79,27.38,27.7,17832,0,0.0361141206211446,27.23,27.28,27.362,27.3877181247784,28.18218226472388,26.541817735276123,1.2377546170556095,46.97802197802194,39299.45,1.497443389335282,0.6540697674418594,-0.0721500721500678,0.0003610760104221
2017-02-16,27.64,28.1764,27.365,27.76,47314,0,0.2166064981949489,27.438,27.258999999999997,27.396000000000004,27.423173541466173,28.223307617960828,26.56869238203918,1.2006685889501552,48.097826086956566,40073.6,2.9651014069066424,0.4341534008683104,-0.7508044333214059,0.0021637224453109
2017-02-17,27.8,28.18,27.79,27.97,45990,0,0.7564841498558961,27.686,27.279000000000003,27.431,27.47525225180273,28.294308202573536,26.567691797426463,1.202845885932695,60.00000000000002,39090.9,1.4033825116948564,0.6115107913668998,0.7202016564638036,0.0075363715752644
2017-02-21,27.97,28.07,27.51,27.77,47567,0,-0.715051841258485,27.778,27.321,27.465000000000003,27.50332346591675,28.32531817859454,26.604681821405467,1.1084015581477686,57.060518731988466,40088.45,2.0356234096692063,-0.7150518412584888,1.535648994515526,-0.0071762058951601
2017-02-22,27.58,27.78,27.2001,27.48,39511,0,-1.0442924018725264,27.736,27.381,27.4715,27.50110218344849,28.330122519841,26.612877480158996,0.9964318324557764,46.38554216867472,39786.5,2.1319774559652434,-0.3625815808556848,2.2321428571428603,-0.0104978339645596
2017-02-23,27.54,27.54,26.84,27.07,44378,0,-1.4919941775836998,27.610000000000003,27.42,27.449,27.460044832643874,28.32566593289229,26.572334067107715,1.0999810741638785,37.06896551724139,37283.85,2.6080476900149008,-1.7066085693536632,1.4617691154422907,-0.0150323637279388
2017-02-24,27.08,27.33,26.82,26.99,53580,0,-0.2955301071296712,27.456,27.447000000000003,27.402499999999996,27.415278658106363,28.272608886107577,26.532391113892416,1.1089964406080066,38.392857142857125,38599.55,1.90156599552572,-0.3323485967503687,1.010479041916157,-0.0029596765962966
2017-02-27,27.09,27.145,26.65,26.89,44429,0,-0.3705075954057002,27.24,27.463,27.351999999999997,27.36525211923909,28.217760389848564,26.48623961015143,1.1192586256688724,42.43421052631577,39673.65,1.8574108818011297,-0.7382798080472472,0.5985783763561514,-0.0037119567491399
2017-02-28,26.93,27.29,26.59,26.77,53679,0,-0.4462625511342577,27.04,27.409,27.325,27.30856144121632,28.229107585586448,26.42089241441355,0.8447808318369228,47.9553903345725,41570.75,2.6325686348251196,-0.5941329372447091,-1.9772976931526909,-0.0044726127485122
2017-03-01,27.11,27.564,27.01,27.22,46744,0,1.6809861785580749,26.988,27.362,27.322000000000003,27.300127018243337,28.2271338952996,26.416866104700407,0.9078557916540676,59.18367346938775,42469.05,2.051092188078484,0.4057543341940223,-1.6973636691946623,0.0166701396910587
2017-03-02,27.1,27.4892,26.8,27.03,33268,0,-0.6980161645848582,26.98,27.295,27.2875,27.274400635553494,28.181288506715106,26.3937114932849,0.9191869065927372,55.01618122977351,43203.0,2.571641791044774,-0.2583025830258313,-2.4187725631768853,-0.0070046369349637
2017-03-03,27.35,27.35,26.68,26.99,22474,0,-0.1479837217906121,26.98,27.218,27.2385,27.247314860738875,28.080709500127153,26.396290499872844,0.9061685793515322,54.16666666666664,42389.85,2.5112443778111007,-1.316270566727616,-2.773775216138341,-0.001480933258443
2017-03-06,26.89,27.13,26.63,27.0,43533,0,0.0370507595405689,27.002,27.121,27.2,27.22376106447803,28.009678298688797,26.3903217013112,0.8412121822003734,43.92156862745101,43208.4,1.877581674802854,0.4090740052063943,-3.4680014301036732,0.0003704389744157
2017-03-07,27.0,27.13,26.805,27.01,45003,0,0.0370370370370354,27.05,27.045,27.183,27.203402867861076,27.993694309315824,26.372305690684176,0.8384807164846164,34.40366972477065,43932.8,1.2124603618727825,0.0370370370370428,-2.736766294562465,0.0003703018001951
2017-03-08,27.02,27.46,26.945,27.4,57007,0,1.443909663087739,27.086,27.037,27.208999999999996,27.22212640425526,28.012096638347764,26.40590336165223,0.946687499987565,44.14062499999998,44866.75,1.9113007979216945,1.4063656550703147,-0.2911208151382904,0.0143358455895002
2017-03-09,27.27,27.37,27.06,27.2,29726,0,-0.7299270072992692,27.119999999999997,27.05,27.235000000000003,27.22001912765952,27.998689107314455,26.47131089268555,0.8401673312300738,39.62962962962957,44080.35,1.1456023651145686,-0.2566923359002577,0.4802364240857004,-0.0073260400920728
2017-03-10,27.36,27.6,27.22,27.55,52031,0,1.2867647058823597,27.232,27.106,27.2765,27.251445877406233,28.01204204860247,26.540957951397527,0.9134401706069653,42.60563380281694,42613.3,1.3960323291697376,0.6944444444444492,2.07484253427197,0.0127855622969719
2017-03-13,27.7,28.0,27.575,27.9,47315,0,1.2704174228675091,27.412,27.207,27.335,27.31321293670088,28.07363316156776,26.59636683843224,0.9445674798670805,52.17391304347824,42797.95,1.5412511332728946,0.7220216606498169,3.756043138713272,0.0126241532283964
2017-03-14,27.91,28.3693,27.68,28.24,34332,0,1.2186379928315505,27.658,27.354000000000003,27.3815,27.401478371300794,28.223384477635364,26.539615522364635,0.9306669403721292,62.499999999999964,42317.15,2.490245664739882,1.1823719097097751,5.49122151662309,0.0121127237977214
2017-03-15,28.21,28.5,27.9,28.25,61940,0,0.0354107648725232,27.827999999999996,27.457,27.4095,27.48228995498643,28.328320181708555,26.49067981829144,0.8483230475572496,72.34848484848484,43382.65,2.1505376344086073,0.1417936901807839,3.783982365907423,0.0003540449674086
2017-03-16,28.465,28.84,28.26,28.72,63806,0,1.6637168141592884,28.132,27.626,27.460499999999996,27.60016710213058,28.545429781865213,26.37557021813478,0.8450481629059111,78.54785478547858,45681.35,2.0523708421797533,0.8958369927981698,6.252312245652969,0.0165002865875734
2017-03-17,28.64,29.625,28.5,29.27,162603,0,1.9150417827298096,28.476,27.854000000000003,27.53599999999999,27.75919880668957,28.886374606894883,26.185625393105106,0.8896779445157016,84.19540229885055,51445.8,3.9473684210526314,2.199720670391058,8.447573175250088,0.018969356523771
2017-03-20,29.27,29.27,28.66,28.9,93361,0,-1.2640929279125412,28.676,28.044,27.582500000000003,27.8678465393858,29.05438207479554,26.110617925204465,1.0892999025310512,78.55227882037532,53814.35,2.128401953942775,-1.264092927912542,7.037037037037042,-0.012721505585408
2017-03-21,29.11,29.2,28.29,28.35,89365,0,-1.903114186851196,28.698,28.178000000000004,27.611499999999996,27.913765916587156,29.12130340302591,26.101696596974083,1.3577625869602066,64.75195822454313,55904.25,3.216684340756452,-2.6107866712469874,4.961125509070707,-0.0192145649446252
2017-03-22,28.2,28.67,27.88,28.27,43784,0,-0.2821869488536244,28.702,28.264999999999997,27.651,27.94769297215029,29.187419624697966,26.114580375302033,1.333031351928204,66.66666666666663,56117.9,2.8335724533716022,0.2482269503546109,3.175182481751837,-0.0028258584682621
2017-03-23,28.18,29.39,28.18,28.72,128395,0,1.5917934205871953,28.702,28.41699999999999,27.7335,28.021246022421685,29.31509513083908,26.15190486916092,1.331827176904183,70.94430992736079,60318.75,4.293825408090847,1.9162526614620268,5.588235294117649,0.0157925724745244
2017-03-24,29.399,29.399,28.43,28.64,33115,0,-0.278551532033422,28.576,28.526,27.815999999999995,28.08017497266724,29.406410738076364,26.225589261923627,1.328017165833317,69.52380952380955,59295.5,3.408371438621179,-2.5817204666825413,3.956442831215967,-0.0027894020875785
2017-03-27,28.5,28.91,28.315,28.44,32086,0,-0.6983240223463638,28.484,28.58,27.8935,28.11444402288941,29.444489836744054,26.342510163255945,1.330029076895368,66.28701594533031,58678.35,2.1013597033374496,-0.2105263157894692,1.935483870967758,-0.0070077371574046
2017-03-28,28.4,29.14,27.3,28.3,22835,0,-0.4922644163150469,28.474,28.586,27.97,28.132116020709464,29.436280650955865,26.503719349044133,1.2939651815399265,60.86956521739133,57136.15,6.73992673992674,-0.3521126760563305,0.2124645892351395,-0.0049348002858481
2017-03-29,28.33,28.76,28.15,28.47,38859,0,0.6007067137809186,28.514,28.607999999999997,28.0325,28.164295447308564,29.47046457023888,26.594535429761116,1.3065754747385032,65.45012165450123,56741.9,2.1669626998223905,0.4941757853865181,0.7787610619468976,0.0059890966407542
2017-03-30,28.53,29.1,28.49,28.92,21896,0,1.5806111696522684,28.554,28.628000000000004,28.127,28.236267309469653,29.5356813542792,26.7183186457208,1.295638661257105,66.27078384798102,56173.3,2.141102141102152,1.3669821240799178,0.6963788300835771,0.0156824960006177
2017-03-31,28.97,30.0,28.5,29.79,88971,0,3.0082987551867113,28.784,28.679999999999996,28.267000000000003,28.384241851424925,29.75425250041785,26.779747499582157,1.4982505678263798,69.97885835095138,59498.15,5.263157894736842,2.8305143251639637,1.776563033823031,0.0296393694346268
2017-04-03,29.94,30.48,28.83,29.24,78246,0,-1.8462571332661937,28.944,28.714,28.379,28.465742627479695,29.800428488305887,26.957571511694116,1.5704399871659456,60.121457489878544,61233.8,5.7232049947970935,-2.3380093520374174,1.17647058823529,-0.0186351318436131
2017-04-04,29.28,29.38,28.72,29.1,47183,0,-0.4787961696306353,29.104000000000003,28.789,28.4835,28.526148091529247,29.78325341790955,27.18374658209045,1.4234637558575514,58.38264299802764,61342.8,2.298050139275767,-0.6147540983606548,2.645502645502651,-0.0047994607041308
2017-04-05,29.27,29.44,28.99,29.19,70206,0,0.3092783505154628,29.248,28.881,28.573,28.589372082812176,29.803269119039523,27.342730880960477,1.4101731897449383,55.01066098081027,62002.75,1.552259399793042,-0.2733173898189214,3.2543332154227222,0.0030880106885765
2017-04-06,29.215,29.38,29.0,29.25,49424,0,0.2055498458376048,29.314,28.934000000000005,28.6755,28.652289027306253,29.75667820722978,27.59432179277022,1.3386362125708962,49.761904761904766,62987.65,1.3103448275862035,0.1198014718466546,1.845403899721454,0.002053388811842
2017-04-07,29.09,29.94,29.08,29.64,47826,0,1.333333333333342,29.284,29.034,28.78,28.746356738991373,29.805732087724955,27.754267912275047,1.372429743603513,58.76777251184838,62777.4,2.9573590096286213,1.890684083877624,3.4916201117318524,0.0132452267500207
2017-04-10,29.76,29.76,28.5501,28.68,52627,0,-3.238866396761142,29.172000000000004,29.058,28.81900000000001,28.740037049563625,29.759635843178863,27.87836415682115,1.7669453087975764,53.56371490280776,63043.0,4.237813527798505,-3.629032258064522,0.8438818565400741,-0.0329247846964666
2017-04-11,28.74,28.84,28.38,28.61,24999,0,-0.2440725244072572,29.074,29.089,28.8375,28.727652568652804,29.744127643638578,27.93087235636142,1.7594577447999498,53.67965367965368,62576.35,1.620859760394647,-0.4523312456506576,1.0954063604240227,-0.0024437086694007
2017-04-12,28.44,28.78,28.121,28.3,24678,0,-1.083537224746589,28.895999999999997,29.072000000000003,28.840000000000003,28.686923752590634,29.740058477631877,27.93994152236813,1.7890100460269138,45.31250000000002,60713.25,2.3434444009814817,-0.4922644163150512,-0.5971197752019597,-0.0108945024128269
2017-04-13,28.28,28.52,28.08,28.21,20026,0,-0.318021201413432,28.688,29.001,28.8145,28.641502442820094,29.75678110678801,27.872218893211983,1.6955748975262923,45.211581291759465,58524.25,1.5669515669515717,-0.2475247524752485,-2.4550484094052583,-0.003185279635287
2017-04-17,28.19,28.49,27.86,28.4,58742,0,0.6735200283587206,28.44,28.862,28.771000000000004,28.618502210170565,29.705032570151808,27.8369674298482,1.318021568296108,49.553571428571395,53331.2,2.2613065326633133,0.7449450159630978,-4.665995300436387,0.0067126201532552
2017-04-18,27.95,28.03,26.51,26.75,97666,0,-5.809859154929575,28.054,28.613,28.6635,28.44054961872575,29.959701332639327,27.36729866736067,2.1263751656960763,37.06176961602669,53546.45,5.733685401735192,-4.293381037567082,-8.515731874145004,-0.0598546718251447
2017-04-19,26.93,27.5,26.73,27.43,34864,0,2.5420560747663634,27.818,28.446,28.6175,28.344306797894728,30.02137246384277,27.21362753615723,2.3860812545742336,41.99999999999999,50821.4,2.88065843621399,1.856665428889714,-5.738831615120277,0.0251028316074963
2017-04-20,28.13,28.34,27.35,28.04,41794,0,2.223842508202689,27.766,28.331,28.606,28.31532519809523,30.025538842834152,27.18646115716585,2.5359582192335655,43.39339339339336,50721.9,3.619744058500908,-0.3199431212228932,-3.939705378554303,0.0219947572168773
2017-04-21,28.48,28.76,27.99,28.31,59232,0,0.962910128388006,27.786,28.237,28.585500000000003,28.314818036371875,30.009940425681233,27.161059574318777,2.5662385134894423,37.78877887788777,47263.75,2.7509824937477787,-0.5969101123595565,-3.2136752136752156,0.0095830369574187
2017-04-24,28.53,29.18,28.53,29.14,58685,0,2.9318262098198655,27.933999999999997,28.187,28.6105,28.39340679481265,30.056357603820462,27.164642396179534,2.7239354814923735,49.211356466876985,48542.25,2.278303540133188,2.138100245355764,-1.686909581646423,0.0288967016432506
2017-04-25,29.35,29.83,29.22,29.59,74705,0,1.5442690459849029,28.502,28.278,28.668,28.50736805244954,30.175463537134014,27.16053646286598,2.5317165696458033,53.68421052631578,50673.2,2.0876112251882253,0.8177172061328737,3.1729428172942775,0.0153246656450595
2017-04-26,29.47,29.63,29.12,29.27,60093,0,-1.0814464346062924,28.869999999999997,28.344,28.716500000000003,28.57999966650197,30.23647610784518,27.196523892154826,2.566869898783868,50.581395348837205,52536.1,1.7513736263736197,-0.6786562606040017,2.3068857042991997,-0.0108733657083238
2017-04-27,29.3,29.35,29.02,29.2,33135,0,-0.2391527160915618,29.101999999999997,28.434000000000005,28.752999999999997,28.639047317311302,30.28307877334165,27.222921226658343,2.5314596343100084,49.63715529753266,52249.9,1.1371467953135832,-0.3412969283276499,3.180212014134276,-0.0023943914295584
2017-04-28,29.18,29.22,28.52,28.74,87220,0,-1.5753424657534263,29.188,28.486999999999995,28.744,28.64866185851975,30.27205896827493,27.21594103172507,2.5982810572702437,43.53448275862067,55516.1,2.454417952314163,-1.5078821110349598,1.8787663948954147,-0.0158788286233572
2017-05-01,29.01,29.55,28.73,29.27,63588,0,1.8441196938065565,29.214,28.574,28.718,28.707836919613104,30.18770244034533,27.24829755965467,2.6470327943246224,54.51761102603369,54246.95,2.854159415245389,0.8962426749396691,3.0633802816901534,0.0182732200529157
2017-05-02,29.28,29.47,29.085,29.16,41771,0,-0.3758114110010258,29.127999999999997,28.815,28.714,28.750900070126143,30.178145520521195,27.2498544794788,1.5937893453491987,54.18569254185693,52423.2,1.3237063778579956,-0.4098360655737739,9.00934579439252,-0.003765193563337
2017-05-03,28.99,28.99,28.23,28.56,34449,0,-2.0576131687242816,28.986,28.927999999999997,28.687,28.73271911106651,30.14105567112679,27.232944328873213,1.7189148967684598,51.895043731778415,51786.5,2.692171448813312,-1.4832700931355631,4.119577105359085,-0.0207907696690737
2017-05-04,28.66,29.21,28.26,29.04,40099,0,1.680672268907557,28.953999999999997,29.028,28.6795,28.761983957631603,30.124148564074787,27.234851435925215,1.6631805518888845,55.72413793103448,50281.15,3.3616418966737416,1.3258897418004152,3.566333808844502,0.0166670524852116
2017-05-05,28.9,28.9,28.53,28.84,47971,0,-0.688705234159781,28.974,29.081,28.659,28.769414056904782,30.081020800795073,27.236979199204924,1.6789678724936563,53.03030303030304,50208.5,1.2968804766911932,-0.2076124567474004,1.8721299894030483,-0.006910877539847
2017-05-08,28.59,29.25,28.59,28.99,33834,0,0.5201109570041496,28.917999999999996,29.065999999999995,28.6265,28.79042224196147,29.982287205783987,27.270712794216013,1.3912452018370776,69.44444444444443,49508.9,2.308499475341029,1.3990905911157698,-0.514756348661638,0.0051876305168156
2017-05-09,29.13,29.35,28.62,29.22,78347,0,0.7933770265608819,28.929999999999996,29.028999999999996,28.6535,28.83133440939371,30.035036520651506,27.271963479348493,1.314194041358959,66.85499058380412,50794.9,2.55066387141859,0.3089598352214207,-1.250422440013521,0.0079024633889892
2017-05-10,29.08,29.08,28.03,28.83,50681,0,-1.3347022587269053,28.984,28.985000000000003,28.664500000000004,28.831207322784785,30.048080024505147,27.28091997549486,1.3370650224966787,57.760314341846744,52079.0,3.745986443096672,-0.8596973865199451,-1.503245644004103,-0.0134368946722426
2017-05-11,28.64,28.7,28.28,28.64,36473,0,-0.6590357266735958,28.903999999999996,28.928999999999995,28.6815,28.812997101567188,30.05453773858481,27.30846226141519,1.346965615291737,53.29341317365271,52668.75,1.4851485148514785,0.0,-1.9178082191780743,-0.0066121695578658
2017-05-12,28.5,28.59,28.14,28.24,35458,0,-1.3966480446927498,28.784,28.879,28.683000000000003,28.75842594903698,30.053932836467347,27.31206716353266,1.3275205663962726,40.17467248908295,53440.35,1.5991471215351785,-0.9122807017543916,-1.739735560194855,-0.0140649294674036
2017-05-15,28.39,28.65,28.32,28.42,19162,0,0.6373937677053965,28.67,28.794,28.683999999999997,28.72619490627155,30.054092582349693,27.313907417650302,1.169833964428056,36.426914153132294,51461.35,1.1652542372881296,0.1056710109193417,-2.903997266826097,0.0063537100439133
2017-05-16,28.13,28.38,28.05,28.33,46134,0,-0.3166783954961394,28.492,28.711,28.763,28.68846205805521,29.806941922159098,27.719058077840906,1.1694907177051932,38.48039215686275,48884.75,1.176470588235288,0.7109847138286501,-2.8463648834019306,-0.0031718088265294
2017-05-17,28.0,28.05,27.03,27.23,60401,0,-3.882809742322624,28.172000000000004,28.577999999999996,28.752999999999997,28.549560909669,29.85303062158295,27.652969378417044,1.5559421470425865,30.724070450097884,50161.6,3.773584905660376,-2.7499999999999987,-4.656862745098033,-0.0396020071567569
2017-05-18,27.28,27.36,26.63,26.92,60594,0,-1.1384502387073003,27.827999999999996,28.365999999999996,28.697000000000003,28.394364632557668,30.03759060040486,27.356409399595144,1.3680952457999689,31.65322580645166,51101.6,2.7412692452121683,-1.31964809384164,-7.300275482093655,-0.011449801909141
2017-05-19,26.93,26.93,26.19,26.51,48762,0,-1.5230312035661275,27.482,28.133,28.607,28.214901334218844,30.261837883616323,26.952162116383676,1.3894451476218683,21.487603305785157,50578.1,2.8255059182894176,-1.559598960267353,-8.07905686546463,-0.0153474844755929
2017-05-22,26.47,26.72,26.16,26.31,38420,0,-0.7544322897020117,27.06,27.865,28.4655,28.033482159531335,30.39037839670572,26.540621603294277,1.3078975668078978,21.0953346855984,49564.85,2.1406727828746126,-0.6044578768417082,-9.24456709210072,-0.0075729252487329
2017-05-23,26.47,26.47,25.36,25.94,87695,0,-1.4063093880653632,26.582,27.537,28.283,27.83410290624264,30.437408943245448,26.128591056754548,1.1569766325483104,22.12765957446813,50214.35,4.376971608832806,-2.002266717038147,-11.225188227241611,-0.0141629161639034
2017-05-24,25.7406,26.47,25.73,26.33,57002,0,1.5034695451040747,26.401999999999997,27.287,28.136000000000003,27.690855010410004,30.405007666243733,25.866992333756272,1.4300174550252192,20.607375271149664,50059.8,2.876020209871739,2.2897679152778014,-8.671522719389523,0.01492279461992
2017-05-25,26.38,26.57,26.12,26.44,33169,0,0.4177744018230234,26.306,27.067,27.998,27.57172596179953,30.32940210806133,25.666597891938665,1.4889740772599118,23.45132743362835,50061.5,1.7228177641653877,0.2274450341167637,-7.6815642458100575,0.0041690414752675
2017-05-26,26.9696,26.9696,26.115,26.36,32824,0,-0.302571860816947,26.276,26.879,27.879,27.45632348924719,30.292452648014805,25.465547351985197,1.4792807849168277,20.449438202247237,47341.7,3.272448784223632,-2.260322733744662,-6.657223796033995,-0.003030305349179
2017-05-30,26.19,26.34,26.01,26.14,33941,0,-0.8345978755690431,26.241999999999997,26.651,27.722499999999997,27.33095934741412,30.161955288637667,25.28304471136233,1.4053966195982148,15.315315315315374,45859.35,1.268742791234134,-0.1909125620465853,-8.022519352568613,-0.0083810014382305
2017-05-31,26.2,26.2,25.73,26.08,76019,0,-0.2295332823259444,26.27,26.426,27.5685,27.21182036194611,30.014723942926427,25.122276057073577,1.4091554516564515,16.545012165450174,47571.75,1.8266614846482665,-0.4580152671755763,-7.942110836569006,-0.0022979711376237
2017-06-01,26.07,26.97,26.05,26.8,62253,0,2.7607361963190247,26.363999999999997,26.383,27.4805,27.172599375094094,29.90305606637617,25.05794393362383,1.3675967520724803,30.1724137931035,48961.95,3.531669865642987,2.800153433064827,-1.5791406536907804,0.0272331504583588
2017-06-02,27.65,27.74,26.47,26.7,41732,0,-0.3731343283582156,26.415999999999997,26.361,27.3635,27.127589910799426,29.69317379690787,25.03382620309213,1.326990549766052,32.25806451612908,49043.6,4.797884397431053,-3.4358047016274837,-0.8172362555720736,-0.0037383221106072
2017-06-05,26.65,27.16,26.375,26.46,41200,0,-0.8988764044943753,26.436,26.356,27.2445,27.064009919294715,29.498530074987137,24.990469925012864,1.2644766809533552,27.727272727272748,48705.05,2.9763033175355456,-0.7129455909943629,-0.1886080724255001,-0.0090294067193941
2017-06-06,26.33,26.65,25.97,26.05,32174,0,-1.5495086923658308,26.418,26.33,27.097500000000004,26.967437546028552,29.253567326358024,24.941432673641984,1.3391550231340188,25.847457627118672,48622.05,2.6184058529071996,-1.0634257500949396,-0.9882174078297168,-0.0156163904874336
2017-06-07,25.92,26.25,25.91,26.22,61825,0,0.6525911708253229,26.446,26.357999999999997,26.9475,26.896253017835356,28.888523875229176,25.006476124770828,1.2710476086196985,36.67546174142479,47795.95,1.3122346584330369,1.1574074074073963,1.0794140323824086,0.0065047101361777
2017-06-08,26.14,26.63,26.13,26.56,46075,0,1.2967200610221274,26.398000000000003,26.381,26.834000000000003,26.864228920898658,28.565727461236083,25.102272538763923,1.2474083055404452,45.287958115183216,47565.65,1.9135093761959436,1.606732976281554,0.8735282947208489,0.0128838462726793
2017-06-09,26.81,27.12,26.44,26.48,46151,0,-0.3012048192771011,26.354000000000003,26.385,26.726,26.827635690336876,28.23910625083467,25.212893749165328,1.2473907698261972,49.57020057306588,48049.55,2.571860816944023,-1.230883998508013,0.1512859304084735,-0.0030165935394255
2017-06-12,26.51,28.97,26.12,26.63,58772,0,0.566465256797577,26.388,26.412,26.6455,26.808813243638127,27.980257616474244,25.310742383525753,1.2525227332778774,54.65116279069768,49215.25,10.911179173047463,0.4526593738211898,1.024279210925649,0.0056486687570333
2017-06-13,26.95,27.3,26.13,26.27,34920,0,-1.3518588058580527,26.432,26.425,26.538,26.757497696624977,27.586660298214728,25.489339701785273,1.305384529742024,54.81049562682213,50003.15,4.477611940298514,-2.523191094619665,0.4973221117061888,-0.0136107961283923
2017-06-14,26.62,26.825,26.0,26.32,51256,0,0.1903311762466719,26.452,26.449,26.4375,26.71583124932736,27.062888300430192,25.812111699569808,1.3018834633841911,49.83818770226541,50259.25,3.17307692307692,-1.1269722013523693,0.920245398773023,0.0019015027596679
2017-06-15,26.05,26.41,26.05,26.22,46389,0,-0.3799392097264542,26.383999999999997,26.391,26.387,26.668609225581896,26.89504475559087,25.87895524440913,0.9076027062735044,46.42857142857139,49558.65,1.381957773512474,0.6525911708253288,-2.164179104477615,-0.0038066281215627
2017-06-16,26.07,26.53,26.05,26.16,67233,0,-0.2288329519450793,26.32,26.337,26.349,26.620170251716953,26.79963230430517,25.89836769569483,0.9059519789043482,46.732026143790854,49890.6,1.8426103646833032,0.3452243958573067,-2.0224719101123556,-0.0022909517465558
2017-06-19,26.26,26.32,26.05,26.15,26017,0,-0.0382262996941995,26.224,26.306,26.331,26.575392132505815,26.7833110248016,25.8786889751984,0.8724881114900159,50.17543859649119,48753.35,1.0364683301343554,-0.4188880426504302,-1.171579743008322,-0.0003823360780661
2017-06-20,26.05,26.26,25.95,26.11,31293,0,-0.1529636711281035,26.191999999999997,26.312,26.321,26.531069072267165,26.783983459974223,25.858016540025773,0.7147560565453426,50.530035335689064,48397.0,1.1946050096339202,0.2303262955854077,0.2303262955854146,-0.0015308077998943
2017-06-21,26.05,26.285,25.4,25.65,36272,0,-1.761777096897743,26.058,26.255000000000003,26.3065,26.447157732051245,26.83346849001896,25.77953150998104,0.870195281928504,27.6264591439688,45825.85,3.4842519685039433,-1.5355086372360929,-2.1739130434782594,-0.0177748110942589
2017-06-22,25.72,26.275,25.57,26.15,32865,0,1.949317738791434,26.044,26.214,26.297500000000003,26.41885699566541,26.82890825816061,25.7660917418394,1.009566293425525,40.74074074074071,44619.0,2.7571372702385544,1.671850699844478,-1.5436746987951833,0.0193056188941534
2017-06-23,26.85,27.5,26.02,26.74,88975,0,2.256214149139568,26.160000000000004,26.24,26.3125,26.44944204369728,26.876764775474495,25.748235224525505,1.2600893038863308,54.21686746987948,47409.3,5.687932359723292,-0.4096834264432141,0.9818731117824608,0.0223113811628651
2017-06-26,26.69,27.1,26.458,26.73,44233,0,-0.0373971578159992,26.276,26.25,26.331,26.47616184905944,26.92528506361954,25.73671493638046,1.2499392839973218,61.64383561643837,47979.75,2.426487262831669,0.1498688647433463,0.3755163349605794,-0.0003740415229694
2017-06-27,26.61,26.73,26.36,26.53,31839,0,-0.7482229704451893,26.360000000000003,26.276,26.3505,26.48128929200616,26.94399012318232,25.75700987681768,1.1880564916263048,55.25423728813564,47874.65,1.4036418816388505,-0.3006388575723348,0.989722116482694,-0.0075103620011793
2017-06-28,26.56,26.91,26.43,26.72,30326,0,0.7161703731624502,26.574,26.315999999999995,26.3825,26.50402364514843,26.98354733152724,25.78145266847276,1.2037930117803608,52.85714285714286,45590.0,1.8161180476731005,0.6024096385542175,1.5197568389057723,0.0071361805187966
2017-06-29,26.6,27.19,26.59,27.0,49965,0,1.0479041916167775,26.744,26.394,26.3925,26.551259488467625,27.02843693828308,25.75656306171692,1.2175727779078318,58.66666666666668,44975.6,2.2564874012786817,1.5037593984962352,2.9748283752860427,0.0104245173358842
2017-06-30,27.11,27.45,26.57,27.06,73393,0,0.2222222222222125,26.808,26.484,26.410499999999995,26.599710965756422,27.10111300001422,25.71988699998577,1.2040761332214436,57.388316151202744,46558.65,3.3120060218291267,-0.1844337882700137,3.440366972477049,0.0022197567383128
2017-07-03,26.97,27.52,26.63,26.63,24856,0,-1.5890613451589042,26.788,26.532,26.419,26.60259563568438,27.116330247216755,25.72166975278325,1.3499967640870376,56.04026845637584,45741.45,3.342095381149082,-1.2606599925843525,1.8355640535372864,-0.0160182229168011
2017-07-05,26.43,27.025,26.18,26.76,50238,0,0.4881712354487533,26.833999999999996,26.597,26.454499999999996,26.617586527523965,27.144991053335236,25.764008946664756,1.347107576616565,57.18954248366015,46644.65,3.2276546982429295,1.2485811577752626,2.489467636920728,0.0048698354341869
2017-07-06,26.66,26.66,26.28,26.36,22976,0,-1.4947683109118204,26.762,26.668,26.4615,26.593054477283587,27.14478232586631,25.778217674133693,1.3046840496504253,52.08333333333334,44702.2,1.4459665144596612,-1.125281320330085,2.7680311890838194,-0.0150605256257213
2017-07-07,26.32,26.72,26.2401,26.6,17176,0,0.9104704097116834,26.682,26.713,26.4635,26.59371595563753,27.1482289129354,25.7787710870646,1.1937311751129218,56.214689265536734,43257.25,1.828880225304008,1.063829787234047,1.7208413001912115,0.0090635061533469
2017-07-10,26.44,26.9,26.1,26.14,29336,0,-1.7293233082706805,26.498,26.653,26.446499999999997,26.55050491224348,27.146222501386465,25.74677749861353,1.0826300575389447,49.874686716792006,42416.5,3.0651340996168472,-1.1346444780635427,-2.2438294689603566,-0.0174445075915775
2017-07-11,26.08,26.3931,25.85,26.29,26419,0,0.5738332058148332,26.43,26.609,26.4295,26.525694920601243,27.126968354308875,25.732031645691126,1.1110529995972065,52.195121951219505,40798.85,2.100967117988391,0.8052147239263837,-1.6460905349794277,0.0057219305457138
2017-07-12,26.31,26.63,26.16,26.47,33821,0,0.6846709775579995,26.371999999999996,26.603,26.4395,26.520390642448746,27.13306364258441,25.745936357415587,1.1191683190953357,60.73298429319373,40743.9,1.796636085626907,0.608133789433676,-0.2261590652092082,0.0068233774972199
2017-07-13,26.31,26.58,26.21,26.47,24928,0,0.0,26.394,26.577999999999996,26.447000000000003,26.5155915336441,27.138363260445555,25.75563673955445,1.0895636858495243,54.819277108433745,39427.5,1.4116749332315812,0.608133789433676,-0.9356287425149712,0.0
2017-07-14,26.37,26.585,26.37,26.46,27910,0,-0.0377786173025973,26.366000000000003,26.524,26.458999999999996,26.51029710186847,27.142055056730772,25.77594494326922,1.0152962046471394,44.890510948905145,38503.55,0.8153204398938182,0.3412969283276444,-2.0000000000000018,-0.0003778575522001
2017-07-17,26.33,26.68,26.08,26.3,18358,0,-0.6046863189720364,26.398000000000003,26.448,26.466,26.490268806452427,27.13894795294108,25.79305204705892,1.0110095042223213,42.56055363321801,36059.8,2.3006134969325207,-0.1139384732244496,-2.8085735402808454,-0.0060652195030907
2017-07-18,26.05,26.25,25.8,26.21,47323,0,-0.3422053231939115,26.382,26.406,26.469,26.463576539171243,27.13652961692561,25.801470383074392,0.9026900440300788,44.24460431654676,37125.1,1.744186046511625,0.6142034548944343,-1.5771686068343893,-0.0034279218484038
2017-07-19,26.2,26.3,26.02,26.21,33904,0,0.0,26.33,26.351,26.474,26.439426392583503,27.13163211600344,25.81636788399656,0.8768637740937922,40.15444015444021,37255.65,1.0760953112990053,0.0381679389313036,-2.0553064275037447,0.0
2017-07-20,26.1,26.25,26.0,26.24,16882,0,0.114460129721472,26.284,26.339,26.503499999999995,26.42043340281365,27.048844893283817,25.958155106716177,0.7525006200065844,33.76068376068372,36286.15,0.9615384615384616,0.5363984674329387,-0.4552352048558417,0.0011439467405732
2017-07-21,26.38,26.59,26.12,26.32,75007,0,0.3048780487804992,26.256,26.311,26.512,26.410868316831397,27.039141247424254,25.984858752575743,0.6889191264754986,34.322033898305136,38393.25,1.7993874425727368,-0.2274450341167502,-1.0526315789473717,0.0030441423812282
2017-07-24,26.48,27.41,26.46,26.82,93502,0,1.8996960486322267,26.359999999999996,26.379,26.516,26.449833239037932,27.051572492512456,25.980427507487548,0.6932080371840464,53.90946502057615,38619.6,3.5903250188964444,1.2839879154078544,2.601377199693955,0.018818771396416
2017-07-25,27.04,27.28,26.93,27.12,38719,0,1.118568232662187,26.542,26.462,26.535500000000003,26.513658644843844,27.12913199658339,25.941868003416616,0.7404644145589647,56.92307692307691,38343.9,1.2996658002228052,0.2958579881656873,3.1570939520730423,0.0111235852186623
2017-07-26,27.13,27.62,27.12,27.53,23646,0,1.5117994100295018,26.806,26.568,26.585500000000003,26.61045305962062,27.327175911631148,25.84382408836886,0.8275732090932397,72.41379310344831,37934.25,1.8436578171091444,1.4743826022853008,4.004533434076318,0.0150048560823211
2017-07-27,27.5,27.5,26.67,26.82,26710,0,-2.5790047221213253,26.922000000000004,26.603,26.5905,26.630409911085323,27.337324153190444,25.843675846809553,1.255877200195706,53.57142857142856,37753.45,3.112110986126728,-2.472727272727272,1.3222516055912514,-0.0261284413009835
2017-07-28,27.49,27.49,25.91,26.05,45491,0,-2.870991797166289,26.868,26.562,26.543,26.575132776696243,27.30092236791681,25.785077632083187,1.578280245416456,48.67256637168142,37529.75,6.098031648012344,-5.238268461258631,-1.5495086923658308,-0.0291301096541564
2017-07-31,26.18,26.341,25.5,25.8,60575,0,-0.9596928982725572,26.664,26.512,26.48,26.50131060748708,27.265928883885483,25.69407111611452,1.5936926133898242,42.979942693409754,36888.85,3.2980392156862792,-1.4514896867838003,-1.9011406844106515,-0.0096432762718042
2017-08-01,25.87,26.24,25.43,26.11,172224,0,1.2015503875968836,26.462,26.502,26.454,26.464042930583545,27.253326031893323,25.65467396810668,1.6500346032614888,45.027624309392266,44257.25,3.1852143138025903,0.927715500579816,-0.3815337657382733,0.0119438907834655
2017-08-02,26.15,26.2,24.52,25.53,75054,0,-2.2213711221754084,26.062,26.434000000000005,26.3925,26.37508646100416,27.277387741913433,25.50761225808657,1.7897739823999324,38.809523809523824,45498.05,6.851549755301793,-2.37093690248565,-2.594429607020221,-0.0224641514576449
2017-08-03,25.55,25.81,25.39,25.58,31009,0,0.1958480219349745,25.814,26.368,26.353499999999997,26.299363940908524,27.31025493204852,25.39674506795147,1.7917893371119662,39.62264150943391,45899.7,1.6541945647892795,0.1174168297455874,-2.515243902439024,0.0019565648973041
2017-08-04,25.57,25.821,25.22,25.4,29542,0,-0.703674745895233,25.684000000000005,26.276,26.2935,26.21371023225057,27.332168682293897,25.254831317706103,1.7860951721592389,39.43661971830982,46518.0,2.383029341792239,-0.6648416112632057,-3.49544072948329,-0.0070616221262057
2017-08-07,25.73,26.9,25.685,26.65,73284,0,4.921259842519676,25.853999999999996,26.259000000000004,26.319,26.255261638702898,27.366802713450856,25.271197286549143,2.3680102035874766,54.05904059040589,48715.4,4.730387385633638,3.5755926933540545,-0.6338553318419149,0.0480399765873625
2017-08-08,26.9,26.9,26.4527,26.74,50294,0,0.3377110694183782,25.98,26.220999999999997,26.341500000000003,26.30142719692167,27.405875774561256,25.27712422543875,2.338301715510554,54.809437386569854,49909.15,1.6909427015011642,-0.5947955390334578,-1.4011799410029613,0.0033714210619434
2017-08-09,26.55,26.64,26.1901,26.43,26440,0,-1.1593118922961776,26.160000000000004,26.111,26.339499999999997,26.31367222578627,27.40300908738315,25.27599091261684,2.2835321432138573,51.64075993091539,49540.1,1.7178246742089551,-0.4519774011299472,-3.995641118779514,-0.0116608430575992
2017-08-10,26.18,26.2284,25.52,25.7,56580,0,-2.762012864169505,26.183999999999997,25.999,26.301,26.255227251901864,27.399782100901877,25.20221789909812,2.3037241995919,45.1863354037267,51122.7,2.7758620689655213,-1.8334606569900704,-4.175988068605518,-0.0280087367150237
2017-08-11,25.78,25.9239,25.31,25.68,40503,0,-0.0778210116731514,26.24,25.962,26.262,26.200443704101687,27.391948298770316,25.132051701229685,2.1342102658717113,40.43624161073824,51752.35,2.4255235084946705,-0.3878975950349163,-1.4203454894433865,-0.0007785130794136
2017-08-14,25.68,25.85,25.61,25.75,53231,0,0.2725856697819218,26.059999999999995,25.957,26.234500000000004,26.15754430371105,27.38709843739871,25.0819015626013,2.116014353811009,38.04537521815006,53496.0,0.9371339320577976,0.2725856697819326,-0.1937984496124034,0.0027221482879846
2017-08-15,25.69,25.7,24.93,24.95,32135,0,-3.106796116504862,25.702,25.841,26.1715,26.04254008431,27.459522147569977,24.88347785243002,2.276791820919948,28.921568627450934,52736.6,3.088648215002004,-2.8804982483456674,-4.442742244350828,-0.0315608049122175
2017-08-16,25.18,25.18,24.36,24.62,92794,0,-1.3226452905811592,25.34,25.75,26.092,25.907060076280473,27.55447950952781,24.629520490472196,2.215142516643885,30.836236933797892,55681.1,3.3661740558292297,-2.223987291501186,-3.5644339992166096,-0.0133147014412201
2017-08-17,24.37,24.55,23.52,24.33,100159,0,-1.1779041429732071,25.066,25.625,25.996499999999997,25.756863878539477,27.654644492465582,24.33835550753441,2.220775728344965,33.65019011406841,59844.95,4.379251700680277,-0.164136233073462,-4.886630179827989,-0.0118489639608763
2017-08-18,24.12,24.576,23.9102,24.42,76543,0,0.3699136868064334,24.814,25.527,25.9015,25.629543509154765,27.69388476837257,24.10911523162743,2.2345537528350494,36.47058823529412,59921.75,2.7845856580037007,1.243781094527366,-3.858267716535424,0.0036923118871275
2017-08-21,24.52,25.43,24.38,25.05,63691,0,2.5798525798525818,24.674,25.367,25.813,25.574348889235264,27.58914722007149,24.03685277992851,1.6697539316113443,40.22140221402215,58431.2,4.3068088597210865,2.16150081566069,-6.0037523452157515,0.0254713588483152
2017-08-22,25.05,25.23,24.41,24.62,53104,0,-1.716566866267466,24.608,25.155,25.688,25.483458518831902,27.428376244863017,23.947623755136984,1.6673012835480958,41.3662239089184,59150.45,3.3592789840229424,-1.716566866267464,-7.928197456993258,-0.0173147067745663
2017-08-23,24.44,25.0,24.24,24.48,49112,0,-0.5686433793663737,24.58,24.96,25.5355,25.387891040847915,27.124176708525003,23.946823291474995,1.6640135834712582,39.73880597014928,60423.75,3.135313531353142,0.1636661211129261,-7.377979568671966,-0.0057026631121821
2017-08-24,24.62,24.874,24.6,24.79,22504,0,1.2663398692810413,24.672,24.869,25.434,25.330949036957637,26.934054735843212,23.93394526415679,1.6098042009881544,44.44444444444445,60213.45,1.1138211382113712,0.6904955320877261,-3.540856031128403,0.0125838884029737
2017-08-25,24.77,24.86,24.29,24.6,65049,0,-0.7664380798709014,24.708,24.761,25.3615,25.261334842961674,26.876287113755374,23.846712886244624,1.611681951660885,26.86230248307001,61191.35,2.346644709757103,-0.6863140896245383,-4.2056074766355085,-0.0076939031087818
2017-08-28,24.55,24.79,24.26,24.7,54048,0,0.4065040650406359,24.638,24.656,25.3065,25.20787438172723,26.834074961550904,23.778925038449096,1.618590389671679,27.027027027027017,60865.0,2.1846661170651176,0.6109979633401164,-4.077669902912628,0.0040568006956142
2017-08-29,24.42,25.42,24.3,25.3,46445,0,2.429149797570851,24.774,24.691,25.266,25.21664825013416,26.74609103560678,23.785908964393215,1.5359206758010946,38.054968287526435,54576.05,4.609053497942391,3.603603603603599,1.4028056112224574,0.024001152099543
2017-08-30,25.23,25.343,24.82,25.11,40267,0,-0.7509881422924969,24.9,24.74,25.244999999999997,25.206491273930908,26.72123275871188,23.768767241288117,1.4848096489346958,42.95942720763723,52836.7,2.107171635777598,-0.4756242568371026,1.9902518277822745,-0.0075382225639809
2017-08-31,25.11,25.58,24.88,25.51,27578,0,1.592990840302666,25.044,24.857999999999997,25.2415,25.235396866889868,26.71471738846769,23.768282611532307,1.455887919464092,48.14004376367617,52665.15,2.813504823151123,1.592990840302677,4.849979449239639,0.0158043589842263
2017-09-01,25.51,25.51,24.74,25.48,51512,0,-0.1176009408075273,25.22,24.964,25.2455,25.258692403376543,26.72096210424124,23.77003789575876,1.468250425871466,47.01986754966889,53763.65,3.112368633791444,-0.1176009408075309,4.340704340704327,-0.0011767014497574
2017-09-05,25.2,25.71,25.195,25.5,69120,0,0.0784929356357988,25.380000000000003,25.009,25.188,25.281674079245448,26.51518300804428,23.860816991955716,1.260738744230705,57.333333333333336,53555.45,2.0440563603889683,1.1904761904761934,1.7964071856287456,0.0007846214604179
2017-09-06,25.4,25.93,25.4,25.62,42773,0,0.4705882352941115,25.444,25.109,25.132,25.313895595507788,26.263549473300085,24.00045052669992,1.0693186647140616,64.1242937853107,53179.4,2.0866141732283507,0.8661417322834741,4.061738424045491,0.0046948443042076
2017-09-07,25.74,25.83,25.36,25.68,32547,0,0.2341920374707262,25.558,25.229,25.094500000000004,25.3487626816499,26.085968342249817,24.10303165775019,1.0170361806180437,70.392749244713,53484.75,1.853312302839112,-0.2331002331002281,4.90196078431373,0.0023391823531722
2017-09-08,25.7,25.79,25.19,25.42,49659,0,-1.0124610591900285,25.540000000000003,25.292,25.0805,25.35554718815943,26.04346636001768,24.11753363998232,1.07593795693232,64.36781609195404,53138.7,2.38189757840412,-1.089494163424115,2.5413473174667356,-0.0101762130604524
2017-09-11,25.42,25.86,25.306,25.82,98971,0,1.5735641227379915,25.608000000000004,25.414,25.0875,25.399780789287107,26.07063943970025,24.104360560299742,1.083191982961505,61.846153846153854,56062.1,2.189204141310355,1.573564122737996,4.959349593495932,0.0156131196571883
2017-09-12,25.71,26.3,25.65,26.04,53835,0,0.8520526723470034,25.716,25.548,25.102,25.46075404745024,26.13363845155957,24.07036154844043,1.0885060165801048,73.35526315789474,56092.3,2.5341130604288584,1.283547257876306,5.42510121457489,0.0084844319218719
2017-09-13,25.91,26.29,25.8924,26.08,25166,0,0.1536098310291889,25.808,25.626,25.158499999999997,25.51972985245498,26.275342824544357,24.041657175455637,0.8630337993617678,77.2108843537415,55743.85,1.5355857317205073,0.6561173292165116,3.083003952569152,0.0015349197180837
2017-09-14,25.96,26.365,25.4,26.12,36836,0,0.1533742331288445,25.895999999999997,25.726999999999997,25.2335,25.57689843793546,26.398503275350897,24.0684967246491,0.7835189649456699,74.90636704119855,52945.95,3.7992125984251968,0.6163328197226507,4.0223018717642445,0.0015325673497782
2017-09-15,26.18,26.215,25.78,26.06,63394,0,-0.2297090352220587,26.024,25.782,25.32,25.62290811051303,26.45915943156596,24.18084056843404,0.6797445082796901,78.74015748031488,51107.7,1.687354538401857,-0.4583651642475209,2.1560172481379647,-0.0022997327115313
2017-09-18,26.07,26.26,25.96,26.09,41016,0,0.1151189562548005,26.077999999999996,25.843,25.4035,25.667393052368936,26.509222435904473,24.29777756409553,0.6709964639281552,78.13765182186229,49331.35,1.155624036979972,0.0767165324127333,2.394034536891687,0.001150527451938
2017-09-19,26.01,26.46,26.01,26.3,38233,0,0.8049060942890041,26.130000000000003,25.923,25.466,25.727641333095704,26.627494500066,24.304505499934,0.690733658388345,74.03846153846148,48058.45,1.730103806228371,1.1149557862360595,3.1372549019607954,0.0080168400350818
2017-09-20,26.31,26.46,26.07,26.09,35933,0,-0.798479087452475,26.132,25.97,25.5395,25.762151682324685,26.66093657867904,24.41806342132096,0.7702646100046159,73.33333333333329,47199.9,1.4959723820483335,-0.8361839604712994,1.834504293520678,-0.0080168400350818
2017-09-21,26.1,26.185,25.85,25.95,59519,0,-0.536604062859336,26.098000000000003,25.997000000000003,25.613,25.78004199829376,26.62987032760192,24.59612967239808,0.8026385244822456,61.95652173913035,47720.25,1.2959381044487324,-0.5747126436781691,1.0514018691588856,-0.0053804895367394
2017-09-22,25.95,26.74,25.92,26.53,58826,0,2.2350674373795787,26.192,26.107999999999997,25.7,25.85146656988483,26.718130381475543,24.681869618524455,0.9437161563413812,71.96652719665269,49536.35,3.163580246913567,2.235067437379583,4.3666404405979575,0.0221045585377506
2017-09-25,26.64,26.79,26.2,26.56,45563,0,0.1130795326045985,26.286,26.182,25.798,25.918945944181512,26.745164188511858,24.85083581148815,0.8564454427995286,72.08333333333329,48562.05,2.2519083969465647,-0.3003003003003072,2.865995352439965,0.0011301564585848
2017-09-26,26.73,27.42,26.71,27.32,25019,0,2.8614457831325435,26.49,26.31,25.929,26.05237966378327,26.957947341499192,24.90005265850081,1.1789476138875867,77.96052631578944,47110.6,2.658180456757772,2.2072577628133176,4.915514592933956,0.0282127100943563
2017-09-27,27.24,28.1,27.24,27.88,60079,0,2.0497803806734938,26.848000000000003,26.49,26.058,26.22643874342296,27.364414941739145,24.751585058260854,1.268426769729092,81.07344632768358,47792.3,3.157121879588851,2.349486049926581,6.9018404907975395,0.0202905511897337
2017-09-28,27.8278,28.19,27.65,27.79,32651,0,-0.3228120516499233,27.216,26.657,26.192,26.37534933928744,27.631950291539447,24.752049708460554,1.2988341238472088,85.1632047477744,47411.5,1.9529837251356337,-0.1358353876339514,6.393568147013773,-0.0032333421379107
2017-09-29,27.78,28.2799,27.78,28.19,40373,0,1.4393666786614023,27.548,26.869999999999997,26.326,26.548173211736255,27.981401366499913,24.670598633500088,1.283349067329982,85.16320474777442,48051.25,1.7994960403167752,1.475881929445645,8.17344589409057,0.0142910613716089
2017-10-02,28.25,28.78,28.065,28.6,33427,0,1.4544164597374951,27.956,27.121,26.482,26.74358528680899,28.372993612391248,24.59100638760875,1.2742392924154384,85.95505617977521,47147.0,2.5476572243007296,1.2389380530973502,9.620544269835186,0.0144394126997857
2017-10-03,28.59,28.87,28.33,28.53,36390,0,-0.2447552447552459,28.198,27.344,26.6335,26.913720021398618,28.67291451866622,24.594085481333774,1.3277980757383463,84.12256267409465,45510.5,1.9061066007765717,-0.2098635886673617,8.479087452471479,-0.0024505526003982
2017-10-04,28.63,28.825,28.19,28.3,43011,0,-0.8061689449702092,28.282,27.565,26.7675,27.04574668602732,28.877485033620964,24.65751496637904,1.3288446198610988,78.83597883597878,45522.4,2.252571833983675,-1.1526370939573811,8.470678420850897,-0.0080943605762167
2017-10-05,28.41,28.72,28.29,28.42,21663,0,0.4240282685512353,28.408000000000005,27.812,26.9045,27.176627954024717,29.072200455126833,24.736799544873172,1.2520367279892182,80.72916666666666,44978.2,1.519971721456344,0.0351988736360491,9.518304431599244,0.0042313180197626
2017-10-06,28.4,28.75,28.23,28.35,35893,0,-0.246305418719217,28.44,27.994,27.051,27.28837767268903,29.19214479954783,24.909855200452167,1.2076248431976624,79.12371134020617,44289.9,1.842012043924901,-0.176056338028159,6.860158311345654,-0.0024660924951935
2017-10-09,28.51,28.91,28.42,28.5,24682,0,0.5291005291005346,28.420000000000005,28.188,27.184999999999995,27.403770275290075,29.33718371354334,25.03281628645665,1.193303909997401,78.79581151832457,40575.45,1.724137931034477,-0.035075412136098,7.304216867469893,0.0052770571008438
2017-10-10,28.53,28.76,28.2,28.32,33200,0,-0.6315789473684164,28.378000000000004,28.288,27.299,27.491030249071972,29.437311188026943,25.160688811973056,0.98845419684006,79.41952506596304,39543.7,1.9858156028368872,-0.7360672975814961,3.660322108345526,-0.0063358184490857
2017-10-11,28.25,28.64,28.2,28.54,23137,0,0.7768361581920846,28.426,28.354000000000003,27.421999999999997,27.590932130112737,29.548045006207563,25.29595499379243,0.8138527027628253,83.46253229974158,39442.25,1.5602836879432669,1.0265486725663686,2.3672883787661414,0.0077383432231712
2017-10-12,28.56,29.09,28.39,28.8,30238,0,0.9110021023125414,28.502,28.455,27.556,27.70608145105438,29.67433499661734,25.437665003382666,0.8130423369861016,81.97183098591549,39112.35,2.4656569214512127,0.8403361344537886,3.634400863620013,0.0090687750932098
2017-10-13,28.895,29.25,28.75,28.9,39651,0,0.3472222222222099,28.612,28.526,27.698,27.81978797952539,29.774430134934033,25.62156986506597,0.7200687694637564,82.32044198895026,37925.2,1.7391304347826086,0.0173040318394151,2.5186236253990746,0.0034662079764861
2017-10-16,29.03,29.42,28.93,29.14,35168,0,0.8304498269896321,28.74,28.579999999999995,27.8505,27.94552245766583,29.8770861883834,25.8239138116166,0.624996235422177,79.35483870967741,37632.8,1.6937435188385828,0.3789183603169115,1.8881118881118877,0.0082702056486724
2017-10-17,29.09,29.46,28.9,29.23,30404,0,0.308853809196985,28.922000000000004,28.65,27.997000000000003,28.06785365217385,29.97467646760669,26.019323532393315,0.6065544250592165,75.66539923954373,37241.35,1.9377162629757865,0.4812650395324873,2.4535576586049768,0.0030837783560958
2017-10-18,27.96,28.77,27.2,28.14,84669,0,-3.7290455011974033,28.842,28.633999999999997,28.0995,28.074724732919197,29.861788882465664,26.337211117534338,1.380060391142402,54.82093663911847,39678.15,5.772058823529413,0.6437768240343337,-0.5653710247349841,-0.0380035274369116
2017-10-19,27.93,28.42,27.83,27.86,36999,0,-0.9950248756218972,28.654000000000003,28.577999999999996,28.195,28.054274758355465,29.64642398317868,26.74357601682132,1.3989652602432732,45.29914529914527,38552.15,2.120014372978813,-0.2506265664160411,-1.9704433497537033,-0.0100000833345834
2017-10-20,28.22,28.47,27.76,28.18,48602,0,1.1486001435750293,28.51,28.561,28.277499999999996,28.06624859089304,29.4999543904952,27.055045609504795,1.460883174686209,43.859649122807,38040.95,2.557636887608059,-0.141743444365695,-0.5996472663139407,0.0114205381188746
2017-10-23,28.05,28.26,27.62,27.65,36367,0,-1.8807665010645904,28.212,28.476,28.332,28.026605867950845,29.30347960945036,27.36052039054964,1.550680562049154,38.659793814432966,37581.15,2.3171614771904436,-1.4260249554367277,-2.9824561403508865,-0.0189867785021904
2017-10-24,27.64,27.76,27.23,27.3,83175,0,-1.2658227848101222,27.826,28.374,28.331,27.957405309098384,29.30689688842673,27.355103111573268,1.5788572851215428,37.5,40488.95,1.946382666177015,-1.230101302460202,-3.601694915254239,-0.0127390257774297
2017-10-25,27.18,27.29,26.691,26.81,56725,0,-1.7948717948717996,27.559999999999995,28.201,28.277499999999996,27.848128612993776,29.454165672679387,27.100834327320605,1.583495002611046,31.578947368421012,40321.25,2.2442021655239603,-1.3612950699043451,-6.061667834618079,-0.0181117499430461
2017-10-26,27.0,27.38,26.46,27.16,44988,0,1.305483028720622,27.42,28.037,28.246,27.782592554613416,29.508235277092087,26.983764722907917,1.6298842828096596,37.20430107526881,40938.1,3.476946334089184,0.5925925925925931,-5.694444444444446,0.0129703504426274
2017-10-27,27.32,27.41,26.29,26.85,75214,0,-1.1413843888070652,27.154000000000003,27.832,28.178999999999995,27.693774216078804,29.58752890783591,26.77047109216408,1.604330029460759,32.84823284823287,42680.15,4.260174971472046,-1.720351390922397,-7.093425605536319,-0.0114794817356216
2017-10-30,26.7,27.21,26.53,26.85,43997,0,0.0,26.994,27.603,28.091499999999996,27.613414766928443,29.603532789953196,26.579467210046797,1.535077529562306,34.12526997840175,43208.65,2.5631360723708996,0.5617977528089967,-7.858613589567598,0.0
2017-10-31,27.01,27.34,26.88,27.0,57493,0,0.5586592178770999,26.933999999999997,27.380000000000003,28.014999999999997,27.554994312935257,29.587239435360974,26.44276056463902,1.5570813956280198,33.114035087719316,44263.8,1.711309523809527,-0.0370233246945633,-7.629148135477248,0.0055710450494554
2017-11-01,27.2,27.2895,26.56,26.72,66003,0,-1.0370370370370363,26.915999999999997,27.238,27.936,27.47547104503666,29.603817988302147,26.268182011697853,1.1767135470178502,27.292576419213972,45413.4,2.7466114457831385,-1.764705882352943,-5.0461975835110255,-0.010424517335884
2017-11-02,26.6,26.99,26.46,26.6,63211,0,-0.4491017964071808,26.804,27.112,27.845,27.392092850271265,29.598054477190875,26.091945522809123,1.1643207647870646,25.00000000000003,47490.8,2.003023431594851,0.0,-4.522613065326631,-0.0045011328807915
2017-11-03,26.65,26.65,26.33,26.49,39333,0,-0.4135338345864769,26.732,26.943,27.752,27.306179245483527,29.587653906148137,25.91634609385187,1.021164651803356,20.357941834451893,47662.8,1.2153437143942285,-0.6003752345215766,-5.997161107168214,-0.0041439125036751
2017-11-06,26.52,26.98,26.5,26.6,45731,0,0.4152510381276064,26.682,26.838,27.657000000000004,27.238924079247,29.526017191776717,25.78798280822329,0.960471876235884,20.712694877505612,48715.25,1.8113207547169825,0.3016591251885439,-3.7974683544303662,0.0041439125036751
2017-11-07,26.7,26.7,26.37,26.53,73878,0,-0.2631578947368429,26.588,26.761000000000003,27.567500000000003,27.171407500271098,29.4738978156665,25.661102184333505,0.9089356410124576,26.801152737752204,50749.15,1.251422070534692,-0.6367041198501804,-2.8205128205128216,-0.0026350476380051
2017-11-08,26.4,26.55,25.92,26.24,70304,0,-1.093102148511127,26.492,26.704,27.452500000000004,27.0827020240548,29.389137074387925,25.515862925612083,0.7996728869855378,26.72413793103452,53107.5,2.4305555555555514,-0.6060606060606066,-2.1260723610593057,-0.01099120407376
2017-11-09,26.18,26.18,25.74,26.15,34042,0,-0.3429878048780477,26.401999999999997,26.603,27.32,26.993873259859104,29.230899485086635,25.40910051491337,0.5961573706508355,18.769230769230816,53297.7,1.7094017094017144,-0.1145912910618836,-3.718703976435944,-0.0034357735649563
2017-11-10,25.96,26.16,25.73,25.85,30291,0,-1.1472275334607929,26.274,26.502999999999997,27.1675,26.884932949396333,29.033775491594273,25.301224508405728,0.5969924858790652,20.19867549668882,52829.7,1.6712009327633102,-0.4237288135593198,-3.724394785847296,-0.0115385895564936
