Date,Open,High,Low,Close,Volume,OpenInt,Daily Return,MA-5,MA-10,MA-20,EMA,BB_upper,BB_lower,Volatility-10,RSI,Volume MA-20,High-Low,Close-Open,ROC-10,Log Returns
2016-10-14,13.66,14.29,12.63,13.26,5747823,0,,,,,13.26,,,,,,13.143309580364198,-2.92825768667643,,
2016-10-17,13.2,14.09,13.06,13.87,864898,0,4.600301659125194,,,,13.318095238095236,,,,,,7.886676875957116,5.075757575757576,,0.0449762495690238
2016-10-18,13.89,14.04,13.75,13.93,378731,0,0.4325883201153679,,,,13.376371882086168,,,,,,2.1090909090909027,0.2879769618430464,,0.0043165534649742
2016-10-19,14.17,14.46,13.9,14.37,509081,0,3.158650394831297,,,,13.471003131411294,,,,,,4.02877697841727,1.4114326040931495,,0.0310979122992192
2016-10-20,14.36,14.5,14.19,14.33,322300,0,-0.2783576896311701,13.951999999999998,,,13.55281235699117,,,,,,2.1846370683580023,-0.2089136490250651,,-0.002787458250853
2016-10-21,14.2,15.0,14.0101,14.39,473131,0,0.4187020237264471,14.178,,,13.632544513468202,,,,,,7.065616947773395,1.3380281690140936,,0.0041782790591959
2016-10-24,14.45,14.6,14.4,14.4,140806,0,0.0694927032661496,14.284,,,13.705635512185516,,,,,,1.388888888888884,-0.3460207612456674,,0.0006946856826784
2016-10-25,14.4,14.55,14.3901,14.4,84437,0,0.0,14.378,,,13.771765463405943,,,,,,1.1111806033314595,0.0,,0.0
2016-10-26,14.4,14.4,13.93,14.2,169476,0,-1.388888888888895,14.344,,,13.81254970498633,,,,,,3.37401292175162,-1.3888888888888962,,-0.0139862419747399
2016-10-27,14.25,14.39,14.25,14.28,124004,0,0.5633802816901401,14.334,14.143,,13.857068780701916,,,,,,0.9824561403508812,0.2105263157894692,,0.0056179923042232
2016-10-28,14.3,14.545,14.11,14.14,167511,0,-0.9803921568627416,14.284,14.231,,13.884014611111258,,,1.8391468794702504,,,3.082919914953937,-1.11888111888112,6.636500754147812,-0.0098522964430115
2016-10-31,14.01,14.15,13.48,13.5,316214,0,-4.526166902404527,14.104,14.194,,13.847441791005425,,,1.9285861800669768,,,4.970326409495549,-3.6402569593147738,-2.667627974044695,-0.0463179750240429
2016-11-01,13.5,13.7958,13.38,13.62,64585,0,0.8888888888888724,13.948,14.163,,13.825780668052529,,,1.9518694821088216,,,3.107623318385643,0.8888888888888832,-2.2254127781766053,0.0088496152769823
2016-11-02,13.61,13.65,12.12,12.48,277451,0,-8.370044052863424,13.604,13.974,,13.697611080618952,,,2.9115467313807017,38.983050847457626,,12.623762376237636,-8.302718589272587,-13.152400835073063,-0.0874119377800845
2016-11-03,12.5,13.06,11.91,12.7,117922,0,1.7628205128205066,13.288,13.810999999999998,,13.602600501512386,,,3.0634174552255486,42.55319148936169,,9.655751469353488,1.5999999999999943,-11.374738311235175,0.0174746305232639
2016-11-04,12.51,13.07,12.51,12.91,26110,0,1.6535433070866246,13.041999999999998,13.663,,13.536638548987398,,,3.1574013150935785,35.71428571428572,,4.476418864908078,3.1974420463629123,-10.284920083391247,0.0164002113940056
2016-11-07,12.88,13.77,12.3027,13.61,159308,0,5.42215336948102,13.063999999999998,13.584,,13.54362535384574,,,3.761031852656856,45.99999999999999,,11.926650247506643,5.667701863354027,-5.486111111111114,0.0528026118048235
2016-11-08,13.3,13.81,12.93,13.47,65201,0,-1.0286554004408477,13.034,13.491,,13.536613415384242,,,3.75998097727474,37.83783783783784,,6.805877803557624,1.278195488721804,-6.458333333333332,-0.010339826241102
2016-11-09,13.17,13.77,12.43,13.41,212806,0,-0.4454342984409831,13.22,13.412,,13.524554994871457,,,3.749818972873204,37.63440860215053,,10.78037007240547,1.8223234624145803,-5.563380281690133,-0.0044642931286854
2016-11-10,13.46,13.8584,12.65,13.45,329907,0,0.298284862043241,13.37,13.329,13.736,13.517454519169412,14.923467894302831,12.548532105697166,3.74234861369837,37.29729729729726,527585.1,9.552569169960467,-0.0742942050520175,-5.81232492997199,0.0029784087542608
2016-11-11,13.53,14.3545,12.49,13.74,371313,0,2.1561338289962872,13.536,13.289,13.76,13.538649326867564,14.926172326346688,12.593827673653312,3.831027196860932,41.70854271356783,258759.6,14.927942353883102,1.552106430155217,-2.8288543140028266,0.0213321807463552
2016-11-14,13.82,14.1899,13.45,13.88,206598,0,1.0189228529839944,13.59,13.327000000000002,13.7605,13.571158914784938,14.926879463395844,12.594120536604152,3.5275927958808344,43.689320388349515,225844.6,5.501115241635691,0.4341534008683104,2.8148148148148255,0.0101376682844552
2016-11-15,13.98,14.9299,13.86,14.65,190717,0,5.54755043227666,13.826,13.43,13.7965,13.67390568480542,15.027559022057623,12.565440977942377,3.897044641139124,54.797441364605554,216443.9,7.719336219336223,4.792560801144492,7.562408223201178,0.0539913803844179
2016-11-16,14.6,14.8654,13.5801,14.28,124968,0,-2.52559726962458,14.0,13.61,13.791999999999998,13.73162895291919,15.01486290491229,12.569137095087706,2.5866943854737237,50.0,197238.25,9.464584207774609,-2.1917808219178103,14.423076923076916,-0.025580378551638
2016-11-17,14.36,14.82,14.36,14.65,170196,0,2.5910364145658393,14.24,13.805,13.808000000000002,13.81909286216498,15.068302386438733,12.54769761356127,2.6132240945338614,54.89443378119002,189633.05,3.203342618384407,2.019498607242346,15.354330708661434,0.0255803785516381
2016-11-18,14.56,14.9,13.9,14.54,75566,0,-0.7508532423208258,14.4,13.968,13.8155,13.887750684815934,15.092065705320334,12.538934294679668,2.7033939552857036,61.1111111111111,169754.8,7.194244604316546,-0.1373626373626466,12.625871417505795,-0.007536863357703
2016-11-21,14.48,15.25,13.79,15.09,312609,0,3.782668500687758,14.642,14.116,13.85,14.002250619595369,15.226463814118972,12.473536185881027,2.4595127963531613,64.3835616438356,178344.95,10.587382160986229,4.212707182320438,10.87435709037472,0.0371288006743842
2016-11-22,15.17,15.3476,14.66,14.93,99913,0,-1.0603048376408242,14.698,14.262,13.876500000000002,14.090607703443428,15.316489400545787,12.436510599454216,2.4625239691264227,79.66101694915253,179118.75,4.690313778990449,-1.582069874752803,10.83890126206384,-0.0106596612286585
2016-11-23,15.03,15.14,14.0,15.01,186477,0,0.5358338914936311,14.844,14.422,13.917000000000002,14.178168874544054,15.438551839406072,12.395448160593933,2.41490539672874,78.9473684210526,179968.8,8.142857142857148,-0.1330671989354595,11.93139448173004,0.0053440340942715
2016-11-25,15.09,15.09,14.2,14.68,41143,0,-2.198534310459699,14.85,14.545000000000002,13.937,14.225962315063668,15.48885593471342,12.385144065286582,2.6330494267648703,71.53284671532845,175825.75,6.267605633802821,-2.717031146454606,9.14498141263942,-0.0222306224590011
2016-11-28,14.61,15.09,14.04,14.96,155218,0,1.9073569482289,14.934,14.667000000000002,13.978,14.295870666009986,15.594423602635734,12.361576397364264,2.6211123487925216,68.29268292682926,175211.1,7.478632478632484,2.3956194387405985,8.879184861717615,0.0188939493599618
2016-11-29,14.97,14.98,14.265,14.81,170283,0,-1.0026737967914423,14.878,14.760000000000002,14.0435,14.344835364485226,15.68435054965886,12.40264945034114,2.6867573328854335,68.10810810810807,167914.55,5.012267788293024,-1.068804275217102,6.700288184438041,-0.0100773442666237
2016-11-30,15.0,16.26,14.6,16.03,440420,0,8.237677245104669,15.098000000000004,14.898,14.163999999999998,14.505327234534253,16.014478174333377,12.31352182566662,3.2940265163743483,76.95473251028804,186706.3,11.369863013698644,6.866666666666673,9.41979522184302,0.0791593383417542
2016-12-01,16.07,17.3,16.05,16.28,281114,0,1.5595757953836609,15.352,15.098000000000004,14.354,14.674343688388134,16.256069786754466,12.45193021324553,3.0598632506852836,77.90927021696251,186889.45,7.78816199376947,1.3067828251400178,14.005602240896376,0.0154753939529327
2016-12-02,16.36,19.05,15.591,16.36,130791,0,0.4914004914004843,15.688,15.269,14.537,14.834882384732122,16.472998042626234,12.60100195737377,3.037977834991207,76.95473251028804,187532.9,22.18587646719262,0.0,11.672354948805452,0.0049019706002066
2016-12-05,16.42,17.7,16.1,17.15,224486,0,4.828850855745714,16.125999999999998,15.53,14.749,15.055369776662396,16.855889950414557,12.642110049585444,3.1599715038684804,79.67332123411974,197451.7,9.937888198757747,4.445797807551747,17.950481430536456,0.0471588424373478
2016-12-06,17.15,17.4183,16.5011,17.25,188887,0,0.5830903790087438,16.613999999999997,15.746,14.931,15.264382178885024,17.24254448253474,12.619455517465262,3.0877428963274234,76.85950413223138,198930.65,5.558417317633355,0.5830903790087547,14.3141153081511,0.0058139698654198
2016-12-07,17.24,17.24,16.7501,16.91,217224,0,-1.97101449275362,16.79,15.944,15.103,15.42110768565788,17.468124676807133,12.737875323192869,3.180036028242018,77.33887733887732,206531.8,2.924758658157257,-1.9141531322505705,13.261888814467524,-0.0199069805668798
2016-12-08,17.0,17.4438,16.54,16.71,161828,0,-1.1827321111768097,16.875999999999998,16.114,15.268,15.543859334642844,17.59596816762464,12.940031832375364,3.2708909775316815,72.19827586206895,203982.9,5.464328899637246,-1.7058823529411713,11.32578281145904,-0.0118978203031864
2016-12-09,16.79,17.44,16.5959,17.18,114141,0,2.8126870137642035,17.04,16.363999999999997,15.4545,15.69968225515305,17.76681462983919,13.142185370160814,3.0835895313365036,76.4,193194.6,5.086195988165757,2.322811197141159,17.029972752043587,0.0277385739488068
2016-12-12,17.29,17.55,16.03,16.4,164541,0,-4.54016298020955,16.89,16.508,15.5875,15.766379183233711,17.787881545861612,13.387118454138388,3.6418480042418073,62.52390057361375,182856.0,9.482220835932624,-5.14748409485252,9.625668449197857,-0.0464645817259566
2016-12-13,16.29,16.727,14.52,16.08,133225,0,-1.9512195121951237,16.656,16.634999999999998,15.697500000000002,15.796247832449549,17.753708826175497,13.641291173824506,3.710971097223066,60.66790352504637,179187.35,15.19972451790634,-1.2891344383057144,8.575286968264662,-0.0197050710793324
2016-12-14,15.84,16.105,14.7385,14.9,147788,0,-7.338308457711429,16.253999999999998,16.522,15.71,15.710890896025782,17.74229711876666,13.677702881233335,3.5480528902467627,49.15254237288136,177040.9,9.271635512433424,-5.934343434343431,-7.049282595134132,-0.0762150507994067
2016-12-15,14.71,15.61,14.06,14.6,272222,0,-2.0134228187919545,15.832,16.354000000000003,15.726000000000004,15.605091763070948,17.7154818156336,13.736518184366409,3.4777013651719977,49.38080495356037,184403.6,11.024182076813648,-0.7477906186267926,-10.319410319410329,-0.0203396842371227
2016-12-16,14.45,15.38,14.04,14.82,949244,0,1.5068493150685036,15.36,16.2,15.7345,15.530321118968953,17.70599662626349,13.76300337373651,3.541242712342862,48.90625,223356.0,9.544159544159555,2.560553633218,-9.41320293398532,0.0149560911536501
2016-12-19,14.9,15.4,14.665,15.0,141400,0,1.2145748987854257,15.080000000000002,15.985,15.757500000000002,15.479814345733814,17.68045687884431,13.834543121155694,3.0371251390822467,51.47744945567651,226647.7,5.011933174224352,0.671140939597313,-12.536443148688036,0.0120725812342692
2016-12-20,14.97,15.73,14.52,15.45,110926,0,3.0000000000000027,14.954000000000002,15.804999999999998,15.7755,15.476974884235355,17.678787737186948,13.872212262813049,3.2883433287521666,44.8763250883392,216563.55,8.33333333333334,3.206412825651294,-10.43478260869566,0.0295588022415444
2016-12-21,15.48,15.94,15.0949,15.46,58142,0,0.0647249190938614,15.066,15.66,15.801999999999998,15.475358228593892,17.670155296148103,13.933844703851893,3.287747801851116,42.43542435424354,214475.0,5.598579652730383,-0.1291989664082659,-8.574807806031925,0.0006470398155215
2016-12-22,16.99,16.99,15.0201,15.5,240448,0,0.2587322121604174,15.246,15.538999999999998,15.8265,15.477705063965905,17.663514454288006,13.989485545711991,3.302748391282317,42.00743494423792,217173.55,13.11509244279332,-8.769864626250728,-7.241172950329144,0.002583980765925
2016-12-23,15.57,15.78,15.2263,15.74,64270,0,1.5483870967741842,15.429999999999998,15.395,15.879499999999998,15.502685534064389,17.636668475881432,14.122331524118566,3.1751361556930413,35.403726708074544,218329.9,3.6364711059154176,1.09184328837508,-8.381839348079156,0.0153652190640561
2016-12-27,15.83,16.02,15.39,15.44,158773,0,-1.9059720457433316,15.518,15.299,15.9035,15.496715483201111,17.620440669667357,14.186559330332642,2.9326797261077324,32.007952286282304,218507.65,4.093567251461982,-2.4636765634870534,-5.85365853658536,-0.019243698392627
2016-12-28,15.67,15.74,15.065,15.33,183867,0,-0.7124352331606132,15.494,15.223999999999998,15.9295,15.48083781813434,17.591590946906745,14.267409053093251,2.8933574881209085,33.54166666666666,219186.85,4.480584135413214,-2.169751116783662,-4.664179104477606,-0.0071498517129072
2016-12-29,15.5,15.5,14.78,15.0,129209,0,-2.152641878669282,15.402,15.234,15.877999999999997,15.435043740216784,17.590057549450798,14.165942450549196,1.763110825617077,32.65720081135902,203626.3,4.871447902571047,-3.225806451612903,0.6711409395973034,-0.0217614917815127
2016-12-30,15.1,15.47,14.99,15.2,83803,0,1.3333333333333195,15.342,15.294,15.824000000000002,15.4126586221009,17.550735892400795,14.097264107599209,1.634336351811835,28.75536480686695,193760.75,3.202134756504339,0.6622516556291367,4.109589041095885,0.0132452267500205
2017-01-03,15.38,15.7,15.07,15.38,150803,0,1.1842105263158098,15.27,15.35,15.775,15.409548277138908,17.493291685305316,14.056708314694683,1.6134502858376856,37.43842364532023,194761.35,4.180491041804904,0.0,3.778677462888002,0.0117725362252674
2017-01-04,15.44,15.91,15.346,15.9,178331,0,3.3810143042912744,15.362,15.44,15.7125,15.45625796503044,17.306658745314618,14.118341254685385,1.8635378803577436,47.887323943662,192453.6,3.675224814283853,2.9792746113989694,6.000000000000005,0.0332511451486878
2017-01-05,15.9,16.58,15.62,16.52,130485,0,3.899371069182389,15.6,15.547,15.675999999999998,15.557566730265636,17.15090445720889,14.201095542791109,2.008317146279392,71.89189189189187,189533.5,6.145966709346985,3.899371069182385,6.925566343042067,0.0382526588666461
2017-01-06,16.56,17.13,16.38,16.9,99801,0,2.300242130750596,15.98,15.691,15.6755,15.685417517859385,17.148648793713985,14.202351206286016,2.0548794850063734,80.42328042328042,183662.35,4.578754578754579,2.053140096618357,9.314359637774894,0.0227418538361956
2017-01-09,16.79,17.06,16.45,16.86,92645,0,-0.2366863905325367,16.312,15.826999999999998,15.682999999999998,15.797282516158493,17.179664361347,14.186335638652997,2.078256642407352,78.33333333333334,180203.2,3.708206686930088,0.4169148302561066,8.774193548387089,-0.0023696693553183
2017-01-10,16.86,17.19,16.74,17.12,83136,0,1.542111506524324,16.66,15.964999999999998,15.679999999999998,15.923255609857682,17.16421873831245,14.195781261687545,2.0780279151893346,78.80434782608697,178652.95,2.6881720430107703,1.5421115065243272,8.767471410419315,0.0153034181398867
2017-01-11,17.09,17.49,16.82,17.2,143657,0,0.4672897196261516,16.919999999999998,16.141,15.720000000000002,16.044850313680758,17.3241918772227,14.115808122777306,1.8495865709042585,76.43504531722056,177608.75,3.983353151010691,0.6436512580456374,11.398963730569944,0.0046620131058111
2017-01-12,17.34,17.34,16.79,17.23,77142,0,0.1744186046511719,17.062,16.331,15.777499999999998,16.15772171237783,17.51308271725117,14.041917282748829,1.772657529722497,76.57657657657658,174804.6,3.275759380583685,-0.6343713956170671,12.39399869536857,0.0017426667204309
2017-01-13,17.18,17.44,17.08,17.3,72024,0,0.4062681369704002,17.142,16.561,15.8975,16.266510120722796,17.707889606221734,14.087110393778264,1.377226129222359,76.7857142857143,171016.4,2.1077283372365514,0.6984866123399359,15.333333333333332,0.004054450963895
2017-01-17,17.37,17.8099,17.26,17.62,88648,0,1.8497109826589584,17.294,16.803,16.048499999999997,16.395413918749195,17.906379662977436,14.19062033702256,1.3822389566752586,77.32558139534885,161837.7,3.185979142526056,1.4392630972941851,15.92105263157897,0.0183281190043001
2017-01-18,17.47,19.05,17.47,18.23,119330,0,3.46197502837684,17.516000000000002,17.088,16.219,16.570136402677843,18.22236453839138,14.215635461608626,1.5070450450113082,87.20000000000003,120342.0,9.04407555809961,4.350314825415006,18.53055916775033,0.0340339681825381
2017-01-19,18.23,18.44,17.82,18.04,65689,0,-1.042238069116852,17.684,17.302,16.371,16.71012341194662,18.44499842663491,14.297001573365089,1.6122992299835588,85.37859007832897,116556.45,3.4792368125701514,-1.0422380691168474,13.459119496855344,-0.0104770740560941
2017-01-20,18.27,19.87,18.21,18.7,174904,0,3.658536585365857,17.978,17.520000000000003,16.5335,16.899635467951704,18.8036660036681,14.263333996331902,1.57010942957335,94.47115384615384,119755.35,9.115870400878638,2.3535851122058005,13.196125907990307,0.0359320092260633
2017-01-23,18.43,18.97,17.79,17.91,74328,0,-4.2245989304812825,18.1,17.621000000000002,16.656,16.995860661480112,18.9465793337517,14.3654206662483,2.2828973955811644,78.52631578947368,120564.65,6.632939853850477,-2.8214867064568616,5.976331360946752,-0.0431643077879205
2017-01-24,17.96,18.0,17.04,17.78,89086,0,-0.7258514796203208,18.132,17.713,16.770000000000003,17.070540598482005,19.045230468372463,14.49476953162754,2.308054739165096,75.53191489361704,112996.55,5.633802816901413,-1.0022271714922033,5.456702253855283,-0.0072849859868618
2017-01-25,17.92,19.369,17.24,17.9,71520,0,0.6749156355455366,18.066000000000003,17.791000000000004,16.878,17.14953673195991,19.15243087155304,14.603569128446958,2.283075270968614,73.25581395348837,113359.05,12.349187935034813,-0.1116071428571602,4.556074766355134,0.0067264827609505
2017-01-26,18.0,18.65,17.851,18.17,72553,0,1.5083798882681745,18.092,17.887999999999998,17.0145,17.24672370986849,19.252953178330696,14.776046821669308,2.306552118146992,70.88607594936711,109048.05,4.4759397232648,0.944444444444454,5.639534883720954,0.0149711695613706
2017-01-27,17.98,18.39,17.98,18.11,32851,0,-0.3302146395157024,17.974,17.976,17.1535,17.328940499404826,19.294668151414413,15.012331848585587,2.321739540820038,66.66666666666666,101497.25,2.2803114571746392,0.7230255839821969,5.107370864770733,-0.0033076105127579
2017-01-30,17.93,18.02,17.51,17.81,35504,0,-1.656543346217565,17.954,18.026999999999997,17.294,17.3747556899377,19.195549506669657,15.392450493330344,2.4227710014854784,62.21079691516708,96812.0,2.9126213592232895,-0.6692693809258282,2.9479768786127014,-0.0167041745937517
2017-01-31,17.68,18.48,17.5,17.94,62592,0,0.7299270072992803,17.986,18.058999999999997,17.431,17.428588481372206,19.074653184060892,15.787346815939111,2.3693693475845827,60.90425531914892,95751.45,5.600000000000002,1.4705882352941264,1.8161180476730987,0.0072727593290798
2017-02-01,18.06,18.43,17.67,18.2,84393,0,1.4492753623188248,18.046,18.056,17.572,17.502056245051044,18.934638307803855,16.209361692196143,2.135992216930031,62.69035532994923,92430.95,4.3010752688171925,0.7751937984496156,-0.1645639056500392,0.0143887374520994
2017-02-02,18.22,18.65,17.885,18.37,34211,0,0.934065934065953,18.086,18.089,17.695500000000003,17.584717555046183,18.85225544429,16.538744555710004,2.119784262361197,63.97058823529411,85224.95,4.277327369303869,0.8232711306256978,1.8292682926829285,0.0092973051442848
2017-02-03,18.41,18.97,18.3,18.85,24817,0,2.6129559063690744,18.234,18.104,17.812,17.705220645041784,18.939224817626677,16.684775182373325,1.9492638604295007,67.26057906458796,79941.55,3.661202185792339,2.390005431830534,0.8021390374331583,0.0257940146669854
2017-02-06,18.75,19.245,18.27,18.4,66683,0,-2.3872679045092937,18.352,18.153,17.887,17.771390107418757,18.95687653001339,16.817123469986612,1.540332150872779,58.441558441558406,78285.65,5.336617405582931,-1.866666666666674,2.7359017308765887,-0.0241622492790799
2017-02-07,18.45,18.76,18.08,18.16,33976,0,-1.304347826086949,18.395999999999997,18.191,17.951999999999998,17.808400573378876,18.91142087795317,16.992579122046827,1.5923315840568613,49.17647058823529,75352.2,3.761061946902674,-1.5718157181571772,2.1372328458942658,-0.0131292914417926
2017-02-08,17.9,18.23,17.7,18.09,95245,0,-0.385462555066085,18.374,18.21,18.000500000000002,17.83521956639041,18.877347823321102,17.1236521766789,1.5942075932443112,50.60532687651333,75957.65,2.9943502824858825,1.0614525139664877,1.0614525139664988,-0.0038620737659435
2017-02-09,18.14,18.22,18.0,18.06,48156,0,-0.1658374792703254,18.312,18.199,18.0435,17.85662722673418,18.835280804329745,17.25171919567026,1.5179480455858572,40.85714285714287,71182.6,1.222222222222216,-0.4410143329658315,-0.6053935057787729,-0.0016597514183645
2017-02-10,18.07,18.8,18.03,18.52,41260,0,2.5470653377630104,18.246,18.24,18.108,17.919805586092828,18.82763733556329,17.388362664436713,1.7184565296397938,59.62145110410091,69388.5,4.270660011092621,2.4903154399557237,2.2639425731640017,0.0251516812291939
2017-02-13,18.52,18.59,18.23,18.55,26833,0,0.1619870410367152,18.276,18.314,18.1705,17.979824101703034,18.806986242460816,17.534013757539185,1.5869557757729102,62.5407166123778,67128.95,1.974766867800326,0.1619870410367232,4.154969118472773,0.0016185598354108
2017-02-14,18.65,20.87,18.5,20.3,182324,0,9.433962264150942,18.704,18.55,18.3045,18.200793234874173,19.40921668194528,17.19978331805472,3.2703821389751546,75.53191489361697,71812.75,12.810810810810816,8.847184986595186,13.154960981047935,0.0901510969942974
2017-02-15,20.22,20.4687,19.54,19.82,167552,0,-2.364532019704435,19.05,18.712,18.384,18.355003402981396,19.67865947565161,17.08934052434839,3.4662109965090724,66.80244399185331,74223.85,4.752814738996925,-1.978239366963396,8.901098901098914,-0.0239293571458997
2017-02-16,20.1,20.15,19.61,19.86,39223,0,0.2018163471241063,19.41,18.860999999999997,18.475,18.498336412221263,19.915489682821622,17.034510317178377,3.473332439835368,67.89366053169732,72900.55,2.7536970933197304,-1.1940298507462783,8.111050626020667,0.0020161297151844
2017-02-17,19.94,20.16,19.81,20.12,111793,0,1.309164149043318,19.73,18.988,18.546,18.652780563438284,20.16242099779266,16.92957900220734,3.4232886998932006,73.8144329896907,69745.0,1.7667844522968272,0.902708124373118,6.737400530503979,0.013006686614512
2017-02-21,20.2,21.55,19.871,21.18,201043,0,5.268389662027828,20.256,19.266,18.7095,18.893468128825113,20.67818617691028,16.740813823089717,3.5099371836155444,78.02768166089962,76080.75,8.449499270293403,4.851485148514854,15.10869565217392,0.0513429949417219
2017-02-22,21.13,21.4,20.81,21.38,71471,0,0.9442870632672352,20.472,19.588,18.8895,19.130280687984627,21.13867739348592,16.640322606514076,3.382137260324042,77.79720279720277,75200.0,2.8351753964440167,1.183151916706105,17.731277533039645,0.0093985654236387
2017-02-23,20.47,23.71,20.47,21.53,222431,0,0.7015902712815825,20.814,19.932,19.071,19.358825384367044,21.557323855773653,16.58467614422635,3.3248201205605,77.719298245614,82745.55,15.828041035661954,5.178309721543735,19.016030956329462,0.0069914057793726
2017-02-24,22.29,22.78,21.53,21.66,86389,0,0.6038086391082054,21.174,20.292,19.2455,19.577984871570184,21.946209263566782,16.544790736433214,3.282802799519826,76.26168224299062,83437.35,5.80585229911751,-2.826379542395689,19.93355481727577,0.0060199301965727
2017-02-27,21.98,22.0,21.81,21.91,58431,0,1.154201292705448,21.532,20.631,19.4355,19.80008155046826,22.327736250086673,16.543263749913322,3.280939036496602,84.07766990291262,84716.35,0.8711600183402168,-0.3184713375796191,18.304535637149023,0.0114759120345306
2017-02-28,21.8,21.99,21.495,21.5008,90293,0,-1.867640346873567,21.59616,20.92608,19.62004,19.96205473613795,22.546363671992346,16.693716328007653,3.448026983812714,81.40321852910213,87455.8,2.3028611304954523,-1.372477064220179,15.907277628032348,-0.0188530098636813
2017-03-01,21.63,22.827,21.6,22.45,66900,0,4.4147194522994315,21.81016,21.14108,19.84554,20.199001904124813,22.918174487930617,16.772905512069382,2.3667862027765287,85.17036654620547,87671.2,5.680555555555557,3.7910309754969966,10.591133004926112,0.0432004704445693
2017-03-02,22.79,24.539,22.21,22.37,60254,0,-0.3563474387527798,21.978160000000003,21.39608,20.05404,20.405763627541496,23.221000827969664,16.887079172030337,2.1182931783060273,84.48882914025995,86464.25,10.486267447095903,-1.842913558578316,12.865792129162458,-0.003569838686225
2017-03-03,22.77,22.8875,21.5,21.55,74295,0,-3.665623603039791,21.95616,21.56508,20.21304,20.51473852015659,23.34310069582979,17.08297930417021,2.621619161226042,72.9253677138188,88468.45,6.4534883720930205,-5.3579270970575275,8.509566968781467,-0.0373449589522815
2017-03-06,21.5,21.935,21.25,21.42,121566,0,-0.6032482598607891,21.85816,21.69508,20.34154,20.600953899189296,23.446907482550778,17.23617251744923,2.6540085999430567,71.3910917655477,93305.9,3.2235294117647,-0.372093023255806,6.461232604373768,-0.006050751530154
2017-03-07,21.53,21.9,21.38,21.48,48881,0,0.2801120448179262,21.854000000000003,21.72508,20.49554,20.684672575456982,23.499323677402728,17.49175632259727,2.1030869781340704,61.75673521441099,92415.8,2.4321796071094464,-0.2322340919647036,1.4164305949008638,0.0027972046210612
2017-03-08,21.4,21.73,19.61,19.92,118049,0,-7.262569832402232,21.348000000000003,21.57908,20.583540000000003,20.61184661588965,23.396275024397635,17.77080497560237,3.1191269652944773,50.81988718352356,96619.45,10.810810810810816,-6.915887850467276,-6.82881197380728,-0.0753980174842117
2017-03-09,19.78,19.835,17.8601,18.26,222515,0,-8.333333333333337,20.526,21.25208,20.59204,20.38786122390016,23.37390508462436,17.81017491537564,3.893326286803093,39.6351575456053,102982.95,11.057608859972795,-7.6845298281091985,-15.188109614491408,-0.0870113769896298
2017-03-10,18.35,19.0,18.33,18.86,83748,0,3.285870755750264,19.988,20.97208,20.63204,20.242350631147765,23.280412267042827,17.983667732957173,4.143565623576528,42.18207088255731,104762.55,3.655210038188771,2.779291553133504,-12.927054478301017,0.0323304020384889
2017-03-13,19.74,19.74,18.44,18.73,61844,0,-0.6892895015906619,19.45,20.65408,20.64254,20.09831723770512,23.25710437381862,18.02797562618138,4.062692787788438,32.81521800123447,105791.75,7.049891540130136,-5.116514690982767,-14.513920584208115,-0.0069167607493142
2017-03-14,18.38,19.21,17.74,18.19,148278,0,-2.8830752802989856,18.792,20.323,20.62454,19.916572738876063,23.303915277068867,17.945164722931132,4.086088006238249,28.64335065074177,111864.0,8.286358511837669,-1.033732317736658,-15.398496800119066,-0.0292545239259662
2017-03-15,18.29,19.27,17.71,19.13,70778,0,5.167674546454082,18.634,19.991,20.566039999999997,19.841661049459297,23.32515408390437,17.806925916095626,4.213796366881027,35.46934030804994,106286.7,8.808582721626191,4.592673592126845,-14.788418708240537,0.0503857909221304
2017-03-16,19.99,19.99,18.5522,18.7,38061,0,-2.247778358599062,18.722,19.624,20.510039999999996,19.732931425701267,23.376293178959283,17.64378682104071,4.198882996553734,32.70704804636377,99812.15,7.750024255883396,-6.453226613306649,-16.40590075994637,-0.0227342595916205
2017-03-17,18.54,19.65,18.54,19.29,114275,0,3.155080213903738,18.808,19.398000000000003,20.481540000000003,19.690747480396382,23.386087621557312,17.576992378442693,4.392733979705758,35.27825227007099,103564.75,5.987055016181227,4.045307443365696,-10.487238979118342,0.0310633030570967
2017-03-20,19.15,19.4,18.72,19.06,95855,0,-1.192327630896839,18.874,19.162,20.42854,19.630676291787207,23.398805627249615,17.458274372750388,4.390577046157708,36.003303055326136,102767.85,3.632478632478632,-0.4699738903394248,-11.017740429505151,-0.0119949286915816
2017-03-21,19.15,20.14,19.15,19.67,86830,0,3.2004197271773505,19.17,18.981,20.35304,19.634421406855093,23.319642018897348,17.386437981102652,4.583385847614452,33.41288782816228,97057.2,5.169712793733693,2.71540469973892,-8.426443202979506,0.0315027341749118
2017-03-22,19.68,19.8,19.25,19.63,103072,0,-0.2033553634977258,19.27,18.952,20.26554,19.634000320487942,23.207736487338124,17.32334351266188,3.977596163893893,33.57314148681054,98637.25,2.8571428571428608,-0.2540650406504101,-1.4558232931727089,-0.0020356241125981
2017-03-23,19.66,20.37,19.445,20.09,160274,0,2.3433520122261964,19.548,19.135,20.19354,19.677428861393853,23.075306490704428,17.31177350929557,2.7612301553843452,40.85213032581453,95529.4,4.757006942658784,2.1871820956256345,10.021905805038324,0.0231631705384734
2017-03-24,20.42,20.6183,19.12,19.47,131570,0,-3.086112493778004,19.584,19.196,20.08404,19.657673731737297,22.896790899517484,17.27128910048252,2.9049686809220843,38.48878394332938,97788.45,7.836297071129709,-4.652301665034294,3.234358430540829,-0.0313473594427347
2017-03-27,18.84,20.17,18.61,19.26,53504,0,-1.0785824345146189,19.624,19.249,19.95154,19.61980004300041,22.64944301444808,17.25363698555192,2.9230917091311768,37.12296983758701,97542.1,8.382590005373467,2.229299363057334,2.829684997330495,-0.0108444130141286
2017-03-28,19.27,19.79,18.85,19.59,79093,0,1.713395638629267,19.607999999999997,19.389,19.856,19.616961943667036,22.4564728314997,17.255527168500304,2.7180876272196492,47.76725304465492,96982.1,4.986737400530491,1.6606123508043606,7.69653655854865,0.0169888255864697
2017-03-29,19.36,20.15,19.36,20.12,43515,0,2.7054619703930527,19.706,19.488,19.7395,19.66487032998446,22.04240868708516,17.43659131291484,2.3647308103253075,64.85623003194888,95812.85,4.08057851239669,3.925619834710752,5.175117616309466,0.026695113275089
2017-03-30,20.16,20.9887,19.72,20.63,34506,0,2.53479125248508,19.814,19.681,19.652499999999996,19.75678744141451,21.647925030571493,17.6570749694285,2.2194660656575365,64.34359805510536,94525.45,6.4335699797160375,2.3313492063492007,10.320855614973269,0.0250319818516219
2017-03-31,20.64,22.155,20.37,21.51,100262,0,4.265632573921496,20.222,19.903,19.6505,19.923760066041694,21.637981611963852,17.66301838803615,2.361977933273979,70.08670520231215,95823.8,8.762886597938145,4.215116279069772,11.508553654743414,0.0417716161964784
2017-04-03,21.8,21.96,21.16,21.56,63313,0,0.2324500232449899,20.682,20.153,19.6575,20.079592440704392,21.67202488848251,17.642975111517494,2.247160733009508,76.20528771384136,92911.15,3.780718336483936,-1.1009174311926695,13.11647429171039,0.0023218027611576
2017-04-04,21.8,22.0,20.98,21.17,60454,0,-1.808905380333936,20.998,20.303,19.642,20.18344077968493,21.601501547789425,17.682498452210574,2.324237128343055,67.34693877551022,93489.8,4.861773117254526,-2.8899082568807293,7.625826131164204,-0.0182546608940224
2017-04-05,21.31,21.78,20.68,20.89,46949,0,-1.3226263580538578,21.152,20.429,19.6905,20.250732134000646,21.72553497965532,17.655465020344682,2.401544972113292,69.10994764397907,89934.8,5.31914893617022,-1.9709056780853975,6.41874681609782,-0.0133145095782994
2017-04-06,20.94,22.31,20.145,21.72,113005,0,3.973192915270451,21.37,20.592,19.8635,20.390662406952966,21.973399224333175,17.753600775666822,2.5780627718644755,70.35175879396985,84459.3,10.747083643584013,3.724928366762166,8.113489298158271,0.0389629194972601
2017-04-07,21.58,21.58,20.93,21.21,76458,0,-2.3480662983425327,21.31,20.766,19.981,20.468694558671732,22.11717365743903,17.844826342560967,2.4619922334073565,67.20000000000003,84094.8,3.1055900621117947,-1.7145505097312208,8.93682588597844,-0.0237607264891435
2017-04-10,21.28,21.7499,21.0996,21.31,133958,0,0.4714757190004581,21.26,20.970999999999997,20.11,20.54881888641728,22.239679985844077,17.98032001415592,2.37165060518237,64.28571428571428,87700.5,3.082048948795245,0.1409774436090111,10.64382139148492,0.0047036775339345
2017-04-11,20.94,21.335,20.25,20.47,136097,0,-3.94181135617081,21.119999999999997,21.059,20.224,20.54131232580611,22.155842861649155,18.292157138350845,2.824661026775647,56.42201834862387,87091.45,5.358024691358029,-2.244508118433631,4.4920877998978925,-0.0402160464373275
2017-04-12,20.57,21.2,20.12,20.37,151515,0,-0.488519785051289,21.016,21.084,20.286,20.52499686620553,22.14835165428285,18.42364834571715,2.7233364740494728,52.2653721682848,91128.3,5.367793240556652,-0.9722897423432147,1.24254473161034,-0.0048971694344836
2017-04-13,20.3,20.39,19.31,19.65,140948,0,-3.53460972017674,20.601999999999997,20.986,20.333499999999997,20.441663831328817,22.06971821330443,18.597281786695564,2.809438161831463,51.433121019108285,96272.65,5.592957017089601,-3.201970443349764,-4.750363548230729,-0.0359858919234443
2017-04-17,19.68,19.91,18.47,19.34,167588,0,-1.577608142493636,20.228,20.769,20.336,20.336743466440357,22.06602464235554,18.605975357644464,2.2767998803590217,50.62695924764889,98938.3,7.796426637791019,-1.7276422764227637,-10.088331008833109,-0.0159018482901219
2017-04-18,19.2,19.52,18.265,18.63,115531,0,-3.67114788004137,19.692,20.476,20.3145,20.174196469636513,22.120320705677106,18.5086792943229,2.3682454621383595,42.89940828402366,99922.1,6.8710648781823105,-2.9687500000000018,-13.5899814471243,-0.0374023054116512
2017-04-19,19.24,19.5,18.32,18.67,97911,0,0.2147074610842958,19.332,20.226,20.2645,20.030939663004464,22.196430858520767,18.33256914147923,2.41772343495194,38.43700159489632,100476.15,6.4410480349344965,-2.962577962577946,-11.809163911195084,0.0021447729401343
2017-04-20,18.73,19.5,18.39,19.47,77400,0,4.284949116229231,19.151999999999997,20.083999999999996,20.2565,19.97751683795642,22.200779327993455,18.312220672006543,2.9774331741784197,41.15853658536584,99192.55,6.0358890701468155,3.950880939668972,-6.797510770703696,0.0419568618304769
2017-04-21,19.3,19.45,18.92,19.36,61263,0,-0.5649717514124242,19.094,19.848,20.22,19.918705710532,22.204434163021787,18.235565836978218,2.5000712747065936,31.43350604490496,94242.0,2.8012684989429046,0.3108808290155374,-10.865561694290973,-0.0056657375356773
2017-04-24,19.36,19.44,18.89,19.1,56883,0,-1.342975206611563,19.046,19.637,20.2015,19.84073373810038,22.22194575592395,18.181054244076044,2.4649731354892723,29.499999999999982,90507.65,2.9115934356802575,-1.34297520661156,-9.94813767090994,-0.0135207467958466
2017-04-25,19.25,19.415,18.98,19.16,50028,0,0.3141361256544517,19.152,19.422,20.1965,19.77590195351939,22.227224786349517,18.165775213650484,2.4549119498456777,32.275132275132236,90333.85,2.291886195995778,-0.4675324675324667,-10.089160018770526,0.0031364374901303
2017-04-26,19.22,19.79,19.01,19.55,83062,0,2.035490605427981,19.328,19.33,20.1945,19.75438748175564,22.227816968585177,18.16118303141483,2.394310229207327,38.40830449826987,90532.3,4.103103629668582,1.7169614984391357,-4.494382022471899,0.0201505138886603
2017-04-27,19.5,19.8294,19.08,19.37,61457,0,-0.9207161125319718,19.308,19.23,20.157000000000004,19.717779150159863,22.223495635254498,18.09050436474551,2.399318213021581,27.09551656920077,91429.4,3.92767295597485,-0.6666666666666616,-4.90918016691213,-0.0092498090124702
2017-04-28,19.4,19.475,19.1,19.3,64098,0,-0.3613835828600975,19.296,19.195,20.0905,19.67799065966845,22.1783946837726,18.0026053162274,2.146402688180619,29.637526652451996,92909.0,1.963350785340314,-0.5154639175257623,-1.781170483460548,-0.0036203815080646
2017-05-01,19.15,19.16,18.71,18.81,92772,0,-2.53886010362695,19.238,19.142,19.955499999999997,19.59532488255717,22.005757750163344,17.90524224983665,2.2366238798154066,25.39370078740157,92534.5,2.405130946018168,-1.7754569190600515,-2.7404343329886283,-0.0257164525979009
2017-05-02,18.81,18.97,18.66,18.73,49699,0,-0.4253056884635731,19.152,19.152,19.814,19.512912988980297,21.78718230811354,17.84081769188646,1.895265055518739,29.86111111111111,91853.8,1.6613076098606576,-0.4253056884635741,0.5367686527106841,-0.0042621268569417
2017-05-03,18.66,18.86,18.58,18.61,89966,0,-0.6406833956219993,18.964,19.146,19.686,19.42692127574408,21.620565366663634,17.751434633336366,1.9072488824370544,29.723502304147445,93329.4,1.506996770721212,-0.267952840300111,-0.3213711837172006,-0.0064274458018377
2017-05-04,18.62,18.62,17.21,17.49,108446,0,-6.018269747447613,18.588,18.948,19.516,19.24245258281607,21.597086760628414,17.434913239371582,2.0989725589281267,27.21518987341771,96404.25,8.192911098198723,-6.068743286788413,-10.169491525423735,-0.0620697816236487
2017-05-05,17.57,17.61,16.57,17.53,162251,0,0.2287021154945945,18.234,18.765,19.3065,19.07936186064311,21.294922013875052,17.318077986124948,2.1339118865113,29.753914988814344,98866.55,6.276403138201564,-0.2276607854297049,-9.452479338842966,0.0022844099026326
2017-05-08,17.53,18.56,17.27,18.54,87598,0,5.761551625784356,18.18,18.709,19.173,19.027994064391383,20.972907599967524,17.37309240003248,3.001233951645435,49.056603773584904,99423.55,7.469600463231031,5.7615516257843575,-2.931937172774879,0.0560168612045658
2017-05-09,18.62,19.39,18.015,18.91,82640,0,1.9956850053937547,18.216,18.684,19.053,19.01675653444935,20.5470457260669,17.5589542739331,3.082760520947493,52.35294117647058,96857.65,7.632528448515126,1.557465091299673,-1.3048016701461385,0.0197603225326571
2017-05-10,18.99,19.82,18.71,19.53,96125,0,3.2786885245901676,18.4,18.682,19.006,19.06563686450179,20.3654333184707,17.6465666815293,3.200737401042222,50.609756097561,94859.05,5.932656333511488,2.8436018957346114,-0.1023017902813228,0.0322608622182214
2017-05-11,19.53,19.91,18.51,18.57,49095,0,-4.915514592933956,18.616,18.601999999999997,18.916,19.018433353596865,20.12525205243392,17.706747947566083,3.5622769914728853,43.154246100519934,89738.05,7.563479200432191,-4.915514592933952,-4.130098089829637,-0.0504043695239732
2017-05-12,18.57,19.05,18.05,18.62,36370,0,0.2692514808831481,18.834,18.534,18.8645,18.98048731992097,20.029036953380757,17.699963046619242,3.5678970672759323,45.68345323741008,84509.15,5.540166204986149,0.2692514808831486,-3.5233160621761628,0.0026888964843066
2017-05-15,19.36,19.36,19.1,19.24,36947,0,3.329752953813081,18.973999999999997,18.577,18.8595,19.005202813261832,20.01627364387237,17.70272635612763,3.6407132413616634,50.65359477124181,77977.1,1.3612565445026072,-0.6198347107438068,2.286018075491758,0.0327551733886391
2017-05-16,19.41,19.81,19.25,19.55,32376,0,1.6112266112266127,19.101999999999997,18.659,18.9055,19.05708825961785,20.096509744093712,17.714490255906288,3.6534167882401354,50.0,73819.35,2.9090909090909025,0.7212776919113888,4.378003203416969,0.0159838411938143
2017-05-17,19.35,20.24,18.75,18.94,55950,0,-3.1202046035805564,18.984,18.692,18.919000000000004,19.045936996797103,20.1048800862428,17.733119913757207,3.819069280811259,46.676970633693976,71721.3,7.946666666666659,-2.1188630490956077,1.773240193444403,-0.0316991986734425
2017-05-18,18.87,19.315,18.52,18.91,41334,0,-0.1583949313622046,19.052,18.834,18.891,19.03299061614976,20.04819988720498,17.733800112795016,3.141162526576353,46.96734059097979,69918.0,4.292656587473012,0.2119766825649133,8.118925100057183,-0.0015852050875661
2017-05-19,18.91,19.38,18.91,19.23,44259,0,1.692226335272351,19.174,19.004,18.8845,19.05175341461169,20.032027777441513,17.736972222558485,3.144226441299642,53.354632587859435,69067.8,2.4854574299312473,1.692226335272344,9.69766115231032,0.0167806769303223
2017-05-22,19.28,19.84,18.84,19.0,37743,0,-1.1960478419136833,19.126,19.05,18.8795,19.046824517982003,20.023941486398204,17.735058513601796,2.7065561725192993,52.10608424336973,68110.8,5.3078556263269645,-1.4522821576763545,2.481121898597638,-0.0120325804342479
2017-05-23,19.02,19.25,18.675,19.06,42480,0,0.3157894736842026,19.028,19.065,18.8745,19.04807932579324,20.01464726657285,17.73435273342715,2.6394452032115874,53.54330708661416,67733.4,3.0789825970548823,0.2103049421661364,0.7932310946588972,0.0031529190596155
2017-05-24,18.96,21.65,18.86,19.07,85410,0,0.0524658971668534,19.054,19.019,18.8505,19.050167009051027,19.950269832378755,17.750730167621246,2.3950476983251607,65.0763358778626,67850.8,14.793213149522796,0.580168776371305,-2.355350742447526,0.0005245213862717
2017-05-25,19.47,19.8,18.6,18.7,153875,0,-1.9402202412165723,19.012,19.032000000000004,18.817,19.016817770093787,19.890647987004993,17.743352012995008,1.8739267024583768,60.50269299820464,72471.7,6.4516129032258025,-3.954802259887004,0.7000538502961673,-0.0195928957517867
2017-05-26,18.76,19.02,18.35,18.73,44608,0,0.1604278074866405,18.912,19.043,18.788500000000003,18.989501791989618,19.838157086862125,17.73884291313788,1.8730573723257409,52.06971677559914,71497.2,3.6512261580381367,-0.1599147121535241,0.5907626208378147,0.0016029925954563
2017-05-30,18.7,19.055,17.91,18.37,48833,0,-1.9220501868659867,18.786,18.956,18.7665,18.93050162132394,19.83257543921861,17.700424560781393,1.5708672684340317,44.10480349344979,69300.25,6.393076493579004,-1.7647058823529322,-4.521829521829512,-0.0194076172289628
2017-05-31,18.21,18.34,17.78,18.17,118165,0,-1.0887316276537828,18.608,18.818,18.7385,18.858072895483566,19.83751917994848,17.639480820051517,1.399856310411324,33.653846153846175,72723.55,3.1496062992125906,-0.2196595277320107,-7.058823529411762,-0.0109470168189544
2017-06-01,18.35,18.47,17.77,18.16,49525,0,-0.0550357732526207,18.426,18.74,18.716,18.79158976258037,19.84413586341171,17.58786413658829,1.124522329531449,43.61370716510904,70701.5,3.9392234102419774,-1.0354223433242575,-4.118268215417109,-0.0005505092349326
2017-06-02,18.19,18.87,17.73,18.59,37402,0,2.367841409691618,18.404,18.708,18.770999999999997,18.772390737572714,19.74406677436253,17.797933225637465,1.4304567333052007,49.58217270194985,67149.3,6.429780033840951,2.1990104452996073,-1.69222633527234,0.0234024285602052
2017-06-05,18.7,18.75,18.28,18.5,28485,0,-0.484131253362019,18.357999999999997,18.635,18.8195,18.746448762565787,19.612083384289942,18.026916615710057,1.2741323581108417,37.908496732026194,60461.0,2.571115973741788,-1.0695187165775364,-3.796151846073847,-0.0048530696490734
2017-06-06,18.44,19.06,18.0,18.36,59824,0,-0.7567567567567601,18.356,18.571,18.8105,18.709644118511903,19.620346639152896,18.0006533608471,1.2501789955676026,29.41176470588236,59072.3,5.888888888888881,-0.4338394793926347,-3.368421052631587,-0.0075963468919347
2017-06-07,18.44,18.61,17.185,17.4,56938,0,-5.228758169934644,18.202,18.405,18.735000000000003,18.584916107225055,19.75901685841381,17.710983141586198,1.95837869357366,26.23456790123457,57787.2,8.292115216758807,-5.639913232104136,-8.709338929695697,-0.0537041789718611
2017-06-08,17.31,17.58,16.86,17.01,122333,0,-2.2413793103448154,17.971999999999998,18.199,18.609,18.434924097013145,19.82355904928927,17.394440950710734,1.970091727904815,23.611111111111143,59097.6,4.270462633451951,-1.7331022530329123,-10.8023072889355,-0.0226687998127128
2017-06-09,17.15,17.72,16.82,17.24,49890,0,1.3521457965902206,17.702,18.053,18.5425,18.321121802059512,19.90293143311615,17.18206856688385,2.0890920448466948,21.65242165242161,59137.35,5.350772889417351,0.524781341107871,-7.807486631016047,0.0134308588277764
2017-06-12,17.42,17.68,16.985,17.31,28089,0,0.4060324825986061,17.464,17.911,18.476999999999997,18.224824487577653,19.943712758446388,17.010287241553605,2.1029007269405207,24.77611940298503,58723.3,4.09184574624669,-0.6314580941446784,-7.581420181526965,0.0040521039525708
2017-06-13,17.7145,17.89,17.3301,17.63,28661,0,1.8486424032351232,17.318,17.837,18.3965,18.16817453637978,19.86361711583599,16.92938288416401,2.2078368843744753,30.19390581717451,58309.0,3.2307949752165244,-0.4770103587456717,-4.0283070223190105,0.0183176272216609
2017-06-14,18.02,18.29,17.21,17.49,73543,0,-0.7941009642654651,17.336,17.769,18.2935,18.103586485295992,19.707940934749388,16.87905906525061,2.199396723748786,28.877005347593553,60367.35,6.275421266705393,-2.9411764705882417,-3.742432581177779,-0.0079727073792682
2017-06-15,17.26,17.73,16.53,16.6,29021,0,-5.088622069754134,17.253999999999998,17.613,18.176499999999997,17.96038777241066,19.74455310060463,16.608446899395364,2.651705430221933,25.352112676056336,59020.9,7.259528130671502,-3.823870220162225,-8.590308370044042,-0.052226593668013
2017-06-16,16.34,17.28,16.34,16.87,61118,0,1.626506024096375,17.18,17.441,18.0745,17.85654131789536,19.70577944619522,16.44322055380478,2.560161443148119,29.3333333333333,60010.1,5.752753977968184,3.243574051407596,-9.25228617536309,0.0161342011953792
2017-06-19,17.0,17.0,16.3,16.41,44786,0,-2.7267338470657987,17.0,17.232,17.9335,17.7187754780958,19.630423221908607,16.23657677809139,2.613836389684887,28.695652173913004,60036.45,4.294478527607358,-3.470588235294117,-11.297297297297291,-0.0276459914558774
2017-06-20,16.17,16.78,15.8,16.34,49091,0,-0.4265691651432091,16.741999999999997,17.029999999999998,17.8005,17.587463527800963,19.561235193336216,16.039764806663783,2.621574570637881,29.53020134228184,60603.85,6.202531645569623,1.0513296227581828,-11.002178649237472,-0.0042748156701427
2017-06-21,16.33,16.75,16.06,16.25,104095,0,-0.5507955936352449,16.494,16.915,17.66,17.460086048962776,19.445839033236677,15.874160966763322,2.1902762692066235,29.01098901098898,63684.6,4.296388542963894,-0.4898958971218512,-6.609195402298839,-0.0055231806561102
2017-06-22,16.2,16.66,16.05,16.41,53892,0,0.9846153846153838,16.456,16.855,17.526999999999997,17.360077853823462,19.266293262400488,15.787706737599509,2.168865016788714,24.53271028037381,62108.7,3.800623052959498,1.2962962962963016,-3.527336860670205,0.009797996326253
2017-06-23,16.56,17.61,16.14,17.44,195930,0,6.2766605728214575,16.57,16.875,17.464000000000002,17.367689486792656,19.113349473037996,15.814650526962009,2.99623622577658,39.84674329501916,64211.45,9.107806691449808,5.314009661835764,1.1600928074246175,0.0608755133788341
2017-06-26,17.39,17.81,16.93,17.42,84152,0,-0.1146788990825653,16.772,16.886,17.3985,17.37267144043145,18.936444971981217,15.860555028018783,2.9959243781865528,40.78431372549021,66188.65,5.197873597164791,0.1725129384703918,0.6354708261120834,-0.0011474470564767
2017-06-27,17.37,17.97,17.3,17.51,31784,0,0.5166475315729002,17.006,16.874000000000002,17.3555,17.38575035086655,18.82567328015592,15.88532671984408,2.9387789125640356,51.30023640661942,65336.2,3.8728323699421856,0.805987334484747,-0.6806579693703796,0.0051531748734037
2017-06-28,17.03,18.16,17.03,17.73,105553,0,1.256424900057107,17.302,16.898000000000003,17.3335,17.418536031736405,18.765014104568714,15.901985895431288,2.9510293005208905,58.86699507389162,64705.6,6.63534938344098,4.110393423370518,1.3722126929674117,0.012485973788356
2017-06-29,17.65,19.28,17.65,18.42,56591,0,3.891708967851115,17.704,17.08,17.3465,17.513913552523416,18.813889734044487,15.879110265955507,2.5036536408073125,63.053097345132784,65058.9,9.235127478753556,4.3626062322946355,10.96385542168674,0.0381789107410444
2017-06-30,18.67,19.1,18.35,18.6,35741,0,0.9771986970684045,17.936,17.253000000000004,17.347,17.617350357044995,18.816179506068895,15.877820493931106,2.496123095878557,63.9308855291577,64975.85,4.087193460490464,-0.3749330476700604,10.254890337877898,0.0097245498919947
2017-07-03,19.0,19.94,18.38,19.4,29012,0,4.301075268817178,18.332,17.552,17.392000000000003,17.7871265135169,19.052546517518348,15.731453482481657,2.3100379369460935,67.31898238747556,65002.2,8.487486398258989,2.1052631578947296,18.2205971968312,0.0421114853501266
2017-07-05,19.26,20.42,18.4,18.85,46346,0,-2.8350515463917425,18.6,17.803000000000004,17.416500000000003,17.888352559848624,19.15003639161479,15.682963608385212,2.6571681538375143,62.31884057971019,64328.3,10.978260869565236,-2.1287642782969893,15.361077111383125,-0.0287601521752625
2017-07-06,18.95,18.95,17.76,17.95,53954,0,-4.774535809018577,18.644,17.973000000000003,17.444,17.894223744624945,19.193807808995388,15.69419219100461,3.277443319011927,62.20614828209763,64179.1,6.700450450450438,-5.277044854881266,10.461538461538456,-0.0489227989597319
2017-07-07,18.37,18.43,17.0,17.54,40629,0,-2.2841225626740957,18.468,18.086,17.470499999999998,17.86048814989876,19.20864753174333,15.732352468256662,3.4432754643198513,55.908289241622555,60093.9,8.411764705882351,-4.518236254763211,6.886045094454585,-0.0231061279902509
2017-07-10,17.31,17.66,17.23,17.43,28174,0,-0.6271379703534752,18.234,18.085,17.479999999999997,17.819489278479832,19.21491695539165,15.745083044608345,2.845913520552073,59.58646616541353,59008.1,2.495647127103887,0.6932409012131774,-0.0573394495412937,-0.0062911274121074
2017-07-11,17.28,17.82,17.02,17.76,92966,0,1.8932874354561149,17.906,18.119,17.502499999999998,17.813823632910324,19.23980432446064,15.765195675539356,2.9047414433646663,62.724014336917584,62251.95,4.700352526439487,2.77777777777778,1.9517795637198576,0.0187558780320944
2017-07-12,17.2,17.95,16.17,16.88,114491,0,-4.954954954954971,17.512,18.056,17.464999999999996,17.724888048823626,19.222971318848774,15.707028681151217,3.329371141420728,54.94505494505493,66543.45,11.008039579468134,-1.8604651162790715,-3.597944031981737,-0.0508192483962131
2017-07-13,16.72,17.08,16.3,16.69,61213,0,-1.125592417061594,17.26,17.952,17.425000000000004,17.626327282268996,19.216659037111516,15.633340962888491,3.2893731808595823,52.187500000000014,65926.95,4.785276073619617,-0.1794258373205597,-5.865764241398752,-0.0113197514940671
2017-07-14,16.64,16.9,16.31,16.37,52692,0,-1.9173157579388864,17.026,17.747000000000003,17.4135,17.506677064910043,19.230232462996533,15.596767537003464,2.907877932249224,40.59753954305799,67110.5,3.6174126302881664,-1.6225961538461513,-11.129207383279049,-0.0193593462907001
2017-07-17,16.55,17.225,16.31,16.41,43775,0,0.2443494196701312,16.822,17.528,17.3905,17.402231630156706,19.24740716260305,15.533592837396949,2.8575381610999733,41.15586690017511,66243.35,5.610055180870648,-0.8459214501510609,-11.7741935483871,0.002440513718956
2017-07-18,16.44,16.53,15.85,16.02,139511,0,-2.376599634369292,16.474,17.19,17.371,17.270590522522735,19.278755915094788,15.463244084905211,2.109404895869783,37.60399334442593,70979.6,4.290220820189284,-2.5547445255474552,-17.42268041237113,-0.0240529634617864
2017-07-19,16.09,16.24,15.67,15.86,116994,0,-0.9987515605493158,16.270000000000003,16.891,17.347,17.13624856799676,19.320317804585702,15.373682195414297,2.0965058762798368,34.28571428571428,74374.75,3.637523931078485,-1.4294592914853974,-15.86206896551725,-0.0100377254335112
2017-07-20,15.89,15.96,15.13,15.52,99971,0,-2.1437578814627933,16.035999999999998,16.648,17.310499999999998,16.98232013294945,19.39322569384201,15.227774306157986,1.812570726938899,24.107142857142833,74168.55,5.485789821546597,-2.328508495909383,-13.537604456824514,-0.0216707014516291
2017-07-21,15.56,15.98,15.39,15.69,277580,0,1.095360824742264,15.9,16.463,17.274499999999996,16.859242025049504,19.445771516876736,15.103228483123257,1.9455986995522845,23.971377459749533,85352.95,3.833658219623131,0.8354755784061632,-10.547320410490302,0.0108940519898684
2017-07-24,15.89,15.89,15.1237,15.43,88082,0,-1.6571064372211564,15.704,16.262999999999998,17.174,16.72312373694955,19.49399455534757,14.854005444652431,1.9455700261936353,10.69306930693071,79960.55,5.066881781574621,-2.8949024543738253,-11.47446930579461,-0.0167099003698717
2017-07-25,15.73,15.97,15.18,15.3,114363,0,-0.8425145819831448,15.56,16.017000000000003,17.068,16.587588142954356,19.53004536278707,14.605954637212932,1.629939675194905,11.66306695464364,81471.1,5.204216073781297,-2.733630006357277,-13.85135135135136,-0.0084608379766796
2017-07-26,15.58,15.63,15.16,15.29,91025,0,-0.0653594771241938,15.446000000000002,15.858,16.957,16.464008319815846,19.53269285517719,14.381307144822811,1.1217552265950983,14.438502673796805,84433.15,3.1002638522427484,-1.8613607188703525,-9.419431279620849,-0.0006538084574189
2017-07-27,15.31,15.6335,14.2001,14.7,118714,0,-3.858731196860687,15.282,15.658999999999995,16.805500000000002,16.29600752745243,19.541224478278643,14.06977552172136,1.44725231970389,13.77551020408164,85091.2,10.094295110597804,-3.984323971260622,-11.923307369682457,-0.0393515261562802
2017-07-28,14.85,15.19,14.47,14.77,112740,0,0.4761904761904745,15.098,15.499,16.622999999999998,16.150673477218866,19.39201730621273,13.853982693787268,1.5210437793829727,15.7216494845361,87898.65,4.975812024879052,-0.5387205387205392,-9.77397678680514,0.0047506027585977
2017-07-31,14.7,14.95,14.08,14.66,123053,0,-0.7447528774542911,14.944,15.323999999999998,16.426,16.008704574626595,19.16323179411923,13.688768205880764,1.4612009332781528,7.650273224043701,92264.25,6.178977272727267,-0.2721088435374091,-10.66422912858014,-0.0074754000847829
2017-08-01,14.7,15.1341,14.4878,14.79,129146,0,0.8867667121418732,14.842,15.201,16.1955,15.892637472281203,18.63889259400152,13.752107405998482,1.5108598560459845,14.089347079037765,97270.95,4.460994768011707,0.6122448979591828,-7.677902621722854,0.0088285802642029
2017-08-02,14.68,15.07,14.33,14.55,44251,0,-1.6227180527383256,14.694,15.07,15.980499999999996,15.764767236825852,18.18552273529284,13.775477264707153,1.5333729878373157,13.851351351351312,97166.2,5.163991625959527,-0.8855585831062603,-8.259773013871364,-0.0163602831052067
2017-08-03,13.63,14.69,13.63,13.86,123626,0,-4.742268041237119,14.526,14.904000000000002,15.776,15.583360833318627,17.970552106323495,13.581447893676504,1.9429061669152308,12.312312312312258,100649.8,7.776962582538507,1.6874541452677816,-10.6958762886598,-0.0485839998557444
2017-08-04,14.17,14.2,12.51,13.11,469312,0,-5.411255411255411,14.194,14.646,15.5545,15.347802658716851,17.889176580780003,13.219823419219995,2.1962062259184822,9.158415841584144,122083.95,13.509192645883289,-7.480592801693723,-16.44359464627151,-0.0556316959861487
2017-08-07,13.12,14.0599,12.56,12.63,172902,0,-3.6613272311212697,13.788,14.366,15.3145,15.08896431026763,17.818143450317223,12.81085654968278,2.2759608468649444,8.95883777239709,129320.35,11.94187898089172,-3.734756097560964,-18.146467919637065,-0.0373003614132086
2017-08-08,12.6,12.74,12.1,12.22,125776,0,-3.246239113222482,13.274,14.057999999999998,15.0375,14.815729614051664,17.626341439717883,12.448658560282114,2.2719197273337506,8.447488584474883,130960.85,5.289256198347112,-3.015873015873008,-20.13071895424836,-0.0330009826189504
2017-08-09,12.14,12.19,11.59,11.96,94757,0,-2.127659574468088,12.756,13.725,14.791500000000005,14.543755365094365,17.57115749499364,12.011842505006369,2.146885567472219,8.604651162790688,129974.15,5.1768766177739405,-1.4827018121911013,-21.77894048397645,-0.0215062052209636
2017-08-10,11.92,12.26,11.5,11.56,57399,0,-3.3444816053511683,12.296,13.411,14.535,14.259588187466328,17.516462022141877,11.553537977858124,2.1141089508043125,4.415011037527577,129783.45,6.608695652173911,-3.020134228187915,-21.36054421768707,-0.0340168852782542
2017-08-11,11.51,11.76,11.39,11.44,105673,0,-1.038062283737029,11.962,13.078,14.288500000000004,13.9910559791362,17.441438645972017,11.135561354027988,1.9355794629214589,4.555808656036433,132432.5,3.248463564530283,-0.6081668114682909,-22.545700744752885,-0.0104348772925796
2017-08-14,11.5,11.91,11.4,11.75,102080,0,2.709790209790208,11.786,12.787,14.0555,13.777622076361324,17.23693612060252,10.874063879397482,2.508247971884183,11.159737417943106,135347.75,4.473684210526314,2.1739130434782608,-19.84993178717599,0.0267372546385161
2017-08-15,11.77,11.77,11.15,11.16,167239,0,-5.021276595744684,11.574000000000002,12.424,13.8125,13.528324735755485,17.102707960152884,10.522292039847118,2.4045881536002676,9.90291262135922,136734.15,5.560538116591921,-5.182667799490225,-24.54361054766734,-0.0515172836370031
2017-08-16,11.27,11.59,10.88,11.11,121327,0,-0.4480286738351324,11.404,12.08,13.575,13.298008094254962,16.92805359650773,10.221946403492268,2.492878906847125,11.06290672451192,136950.8,6.525735294117638,-1.419698314108253,-23.6426116838488,-0.0044903533016263
2017-08-17,11.1,11.7,10.89,11.05,106218,0,-0.5400540054005254,11.302,11.799,13.351499999999998,13.0839120852783,16.754212694926117,9.948787305073878,2.4516714826814323,9.56521739130433,137263.15,7.438016528925608,-0.4504504504504409,-20.274170274170267,-0.0054151756877766
2017-08-18,11.11,12.12,11.09,11.68,137682,0,5.701357466063328,11.35,11.656,13.151,12.950206172394653,16.444341927682647,9.857658072317353,3.2344038300925555,20.898437499999982,130268.25,9.28764652840396,5.130513051305133,-10.907704042715483,0.0554475494363189
2017-08-21,11.71,11.71,11.39,11.51,73979,0,-1.4554794520547976,11.302,11.544,12.954999999999998,12.813043679785638,16.14213532485652,9.767864675143478,3.1133896452581213,18.217054263565885,129563.1,2.8094820017559288,-1.70794192997439,-8.867775138558997,-0.0146617546662897
2017-08-22,11.62,12.18,11.6084,12.12,106283,0,5.2997393570807905,11.494,11.534,12.796,12.747039519806052,15.8027390974278,9.789260902572202,3.536206257827733,28.02893309222422,129159.1,4.924020536852625,4.302925989672978,-0.8183306055646544,0.051640757907377
2017-08-23,12.03,12.71,11.97,12.63,134257,0,4.207920792079212,11.797999999999998,11.601,12.663,12.735892898872144,15.431089593925918,9.894910406074082,3.682438983377788,38.50467289719627,131320.7,6.182121971595658,4.987531172069837,5.602006688963201,0.0412179557212313
2017-08-24,12.6,13.06,12.51,12.86,165272,0,1.8210609659540689,12.16,11.731,12.571,12.74771262278908,15.171250190391792,9.970749809608208,3.419441045084754,47.4120082815735,133648.6,4.396482813749007,2.0634920634920615,11.245674740484413,0.0180467824470735
2017-08-25,12.81,12.99,12.33,12.81,118125,0,-0.3888024883359153,12.386,11.868,12.473,12.753644753952026,14.863578877264256,10.082421122735742,3.3797680970533985,52.045454545454554,133917.85,5.352798053527982,0.0,11.97552447552448,-0.0038956029008303
2017-08-28,12.82,12.91,12.66,12.81,163023,0,0.0,12.646,11.974,12.3805,12.759011920242308,14.547481650518806,10.213518349481191,3.352777767972488,57.393483709273184,135916.35,1.9747235387045816,-0.0780031201248033,9.021276595744675,0.0
2017-08-29,12.81,13.53,12.75,13.42,143677,0,4.761904761904767,12.906,12.2,12.312,12.821963165933516,14.230668397887882,10.39333160211212,2.8108237863687715,66.82027649769586,136642.9,6.1176470588235246,4.761904761904757,20.250896057347667,0.0465200156348929
2017-08-30,13.35,13.58,13.25,13.51,82894,0,0.6706408345752646,13.082,12.44,12.26,12.887490483463658,13.968098357823994,10.551901642176006,2.728217795156178,74.19354838709678,138575.05,2.4905660377358494,1.1985018726591772,21.602160216021616,0.0066840204285717
2017-08-31,13.56,13.84,13.36,13.78,54560,0,1.998519615099914,13.266,12.713,12.256,12.972491389800451,13.948626734740689,10.563373265259314,2.5788131462778128,77.9904306220096,135121.75,3.5928143712574885,1.6224188790560388,24.705882352941156,0.0197881136134049
2017-09-01,13.85,14.22,13.6,13.7,34689,0,-0.5805515239477477,13.444,12.915,12.2855,13.04177792410517,14.059410043408706,10.511589956591292,2.407239862724882,74.68354430379749,113390.6,4.5588235294117725,-1.0830324909747318,17.294520547945204,-0.0058224327514332
2017-09-05,13.54,14.23,13.45,13.59,68806,0,-0.8029197080291928,13.6,13.123,12.3335,13.093989550380869,14.19638146923578,10.470618530764218,2.3215177860556664,85.01440922190206,108185.8,5.799256505576217,0.3692762186115267,18.071242397914865,-0.0080616046710268
2017-09-06,13.61,14.2,13.61,14.16,98695,0,4.194260485651213,13.748,13.327000000000002,12.4305,13.1955143551065,14.462822757210253,10.398177242789746,2.1510526143325257,88.22055137844617,106831.75,4.335047759000734,4.04114621601764,16.831683168316847,0.0410868601025213
2017-09-07,14.03,14.21,13.895,14.02,137114,0,-0.9887005649717562,13.85,13.466,12.5335,13.27403679747731,14.671480109208082,10.39551989079192,2.074187212932626,86.4864864864865,108949.6,2.267002518891697,-0.071275837491089,11.005542359461584,-0.0099362066591297
2017-09-08,13.87,13.87,13.071,13.57,95683,0,-3.2097004279600494,13.807999999999998,13.537,12.634,13.302223769146137,14.768265804982304,10.499734195017698,2.4478217785904066,74.29305912596404,110863.8,6.112768724657635,-2.162941600576777,5.520995334370138,-0.0326234077596661
2017-09-11,13.52,14.14,13.37,13.9,89635,0,2.431834929992638,13.848000000000004,13.645999999999995,12.757,13.359154838751266,14.885069053094329,10.628930946905673,2.4878279976785187,79.5061728395062,110061.9,5.759162303664931,2.81065088757397,8.508977361436386,0.0240273662898683
2017-09-12,13.75,14.77,13.66,14.42,101681,0,3.7410071942445944,14.014,13.807,12.8905,13.460187711251145,15.086491323921331,10.694508676078666,2.623779963709633,79.04040404040407,110041.95,8.125915080527083,4.872727272727272,12.568306010928952,0.0367272917201568
2017-09-13,14.33,15.195,14.2999,14.65,76579,0,1.5950069348127591,14.112,13.93,13.065,13.573503167322464,15.23651414552414,10.893485854475864,2.322855753247959,77.44565217391306,105508.95,6.259484332058274,2.233077459874391,9.165424739195238,0.0158242036062732
2017-09-14,14.73,15.2,14.7,15.05,56962,0,2.7303754266211566,14.318,14.084,13.262,13.714121913291754,15.401381120545905,11.122618879454098,2.3901185073202496,78.44155844155847,102290.7,3.4013605442176873,2.172437202987103,11.398963730569944,0.0269376557318083
2017-09-15,15.09,15.1,14.49,14.93,144750,0,-0.7973421926910418,14.59,14.199000000000002,13.456,13.829919826311588,15.449520028809342,11.462479971190657,2.437802008281752,77.0408163265306,104217.3,4.209799861973771,-1.0603048376408226,8.345428156748923,-0.0080053796437858
2017-09-18,14.91,15.65,14.76,15.18,56467,0,1.6744809109176195,14.846,14.347,13.631,13.958498890472388,15.582117358686872,11.679882641313128,2.396638800426588,78.41726618705034,100156.55,6.029810298102984,1.8108651911468785,10.8029197080292,0.0166061604163848
2017-09-19,15.33,15.33,14.84,15.14,26084,0,-0.2635046113306893,14.99,14.502,13.8125,14.071022805665494,15.601482362891716,12.023517637108284,2.3558535886331757,73.8888888888889,97761.8,3.3018867924528315,-1.2393998695368529,11.405445180279616,-0.002638523958181
2017-09-20,15.1,15.67,13.57,15.43,47967,0,1.9154557463672228,15.146,14.629,13.978,14.200449205125924,15.719512953848412,12.236487046151588,2.123171995272281,75.26315789473685,94846.0,15.475313190862195,2.185430463576159,8.968926553672318,0.0189734183657665
2017-09-21,15.2,15.755,15.14,15.55,35517,0,0.7777057679844601,15.246,14.782,14.124,14.328977852256788,15.879225581543867,12.368774418456134,2.021191137400207,74.24657534246577,89909.0,4.06208718626156,2.302631578947378,10.912981455064209,0.0077469722501738
2017-09-22,15.63,16.16,15.32,15.91,44331,0,2.3151125401929207,15.441999999999998,15.016,14.2765,14.479551390137091,16.098058326500368,12.45494167349963,1.3769815626758604,78.117048346056,83861.95,5.48302872062663,1.7914267434420943,17.243920412675017,0.0228872037244523
2017-09-25,15.9,16.52,15.9,16.15,86349,0,1.508485229415446,15.636,15.241,14.4435,14.63864173393356,16.310806250077807,12.576193749922194,1.3465204970101023,81.5270935960591,82273.15,3.899371069182385,1.5723270440251462,16.187050359712217,0.0149722073189698
2017-09-26,16.2,17.16,16.2,16.79,98817,0,3.962848297213628,15.966,15.478,14.642499999999998,14.84353299736846,16.621770200431573,12.663229799568422,1.3883608750197096,81.84019370460048,79062.85,5.925925925925932,3.6419753086419746,16.435506241331478,0.0388634214207839
2017-09-27,16.99,17.035,16.475,16.76,123880,0,-0.1786777843954645,16.232,15.689000000000002,14.8095,15.02605366428575,16.914116229549904,12.704883770450095,1.4903672823746057,84.07960199004981,78073.0,3.39908952959028,-1.3537374926427128,14.402730375426632,-0.0017883760355123
2017-09-28,16.54,17.0,16.53,16.94,91550,0,1.073985680190925,16.509999999999998,15.878,14.980999999999998,15.208334267687109,17.19586746663033,12.766132533369667,1.4116637866392234,94.9333333333334,78505.8,2.8433151845129996,2.418379685610654,12.558139534883717,0.0106825941699713
2017-09-29,16.88,17.0,16.86,16.86,92126,0,-0.4722550177095774,16.7,16.070999999999998,15.135,15.36563576600262,17.42528612324233,12.84471387675767,1.363508103617744,92.28571428571428,80384.1,0.8303677342823285,-0.1184834123222723,12.926992632283984,-0.004733736650199
2017-10-02,16.76,16.965,15.82,16.6,45617,0,-1.5421115065243018,16.79,16.213,15.28,15.48319426447856,17.554906591489104,13.005093408510898,1.6053228876716474,83.64197530864203,80930.5,7.237673830594183,-0.9546539379474948,9.354413702239794,-0.0155412572112116
2017-10-03,16.7,16.89,16.31,16.36,33611,0,-1.4457831325301318,16.704,16.335,15.4185,15.56669957262346,17.595356981014145,13.241643018985853,1.7392743737719216,76.3076923076923,79170.75,3.5561005518087176,-2.035928143712574,8.058124174372505,-0.0145633641878966
2017-10-04,16.24,16.7663,15.43,15.58,58603,0,-4.76772616136919,16.468,16.35,15.4895,15.567966279992651,17.584621903249126,13.39437809675088,2.4129417745052737,57.30027548209366,77166.15,8.6604018146468,-4.064039408866985,0.9721322099805584,-0.0488512907319987
2017-10-05,15.84,16.55,15.835,15.98,47322,0,2.5673940949935803,16.276000000000003,16.393,15.587500000000002,15.60720758666002,17.57373552957546,13.601264470424544,2.530396313726079,63.427109974424575,72676.55,4.515314177455004,0.8838383838383874,2.7652733118971096,0.0253498998955263
2017-10-06,15.84,16.015,15.43,15.66,37244,0,-2.0025031289111372,16.036,16.368000000000002,15.691999999999998,15.61223543554954,17.436520443832023,13.947479556167972,2.517078999642191,56.03015075376886,69754.6,3.791315618924179,-1.136363636363635,-1.5713387806411072,-0.0202282497754715
2017-10-09,15.972,15.972,15.43,15.86,30965,0,1.2771392081736943,15.888,16.339000000000002,15.79,15.6358320607353,17.31735064736311,14.262649352636894,2.501364165734186,58.69565217391303,66821.1,3.512637718729746,-0.70122714750814,-1.7956656346749145,0.0126905256440449
2017-10-10,16.21,17.0,16.11,16.47,61888,0,3.846153846153833,15.91,16.307000000000002,15.892499999999998,15.715276626379556,17.303447796415945,14.48155220358405,2.480213267090467,61.65919282511211,64831.45,5.5245189323401656,1.6039481801357065,-1.9058963668850517,0.0377403279828469
2017-10-11,16.5,16.5,15.96,16.35,46101,0,-0.7285974499089076,16.064,16.266,15.9775,15.775726471486266,17.273418694655795,14.681581305344206,2.48665219327166,58.968609865470874,63307.55,3.3834586466165355,-0.9090909090909004,-2.446300715990457,-0.0073126468462863
2017-10-12,16.3,16.33,15.64,15.69,34571,0,-4.036697247706433,16.006,16.141,16.0095,15.76756204563043,17.238885383455127,14.780114616544871,2.7067332841968375,47.6890756302521,62188.0,4.411764705882338,-3.742331288343566,-7.3789846517119395,-0.0412043305983212
2017-10-13,15.9,15.95,15.76,15.8,33509,0,0.7010834926705067,16.034,16.035000000000004,16.053,15.770651374618009,17.178757756498378,14.927242243501622,2.7443418757006515,46.22030237580996,56625.95,1.2055837563451746,-0.6289308176100606,-6.287069988137595,0.00698637328798
2017-10-16,15.98,16.45,15.45,15.52,43770,0,-1.7721518987341869,15.966,15.926999999999998,16.07,15.746779815130578,17.149571064919304,14.990428935080695,2.753941180491751,35.1288056206089,55991.1,6.4724919093851145,-2.8785982478097676,-6.506024096385554,-0.0178804252778485
2017-10-17,15.4,15.4,14.93,15.16,46824,0,-2.319587628865971,15.704,15.807,16.071,15.69089602321338,17.146974955686066,14.995025044313936,2.796024922808986,32.60869565217391,57028.1,3.148024112525122,-1.5584415584415598,-7.334963325183375,-0.023469134540847
2017-10-18,15.15,15.28,14.9,14.94,43606,0,-1.451187335092352,15.422,15.743,16.0465,15.619382116240676,17.203215404201167,14.889784595798837,2.436617552680452,28.448275862068954,56810.05,2.550335570469792,-1.3861386138613918,-4.107830551989733,-0.0146182005095543
2017-10-19,14.76,15.0,14.21,14.49,77431,0,-3.0120481927710774,15.182,15.594,15.9935,15.511821914693948,17.329279291571012,14.65772070842899,2.3196918987852886,26.34730538922156,58905.75,5.559465165376489,-1.829268292682924,-9.324155193992487,-0.0305834233720801
2017-10-20,15.05,18.49,15.05,17.26,373380,0,19.11663216011043,15.474,15.754,16.061,15.678315065675475,17.51060103404185,14.611398965958148,6.711367941544899,54.38829787234043,75358.2,22.85714285714284,14.684385382059803,10.217113665389531,0.174932929322691
2017-10-23,17.29,19.36,17.187,17.78,297851,0,3.0127462340671984,15.925999999999998,15.945999999999998,16.1425,15.878475535611145,17.78378159167108,14.501218408328915,6.737067048346372,59.10256410256411,85933.3,12.643276895327856,2.8340080971660035,12.105926860025228,0.0296825444304765
2017-10-24,17.98,18.49,17.29,17.51,117554,0,-1.5185601799775017,16.396,16.05,16.1785,16.033858817933893,17.908754316567496,14.448245683432502,6.728532587275161,63.23731138545954,86870.15,6.9404279930595685,-2.6140155728587255,6.314511232544029,-0.015302083787998
2017-10-25,17.5,17.75,16.5831,17.48,101378,0,-0.1713306681896176,16.904,16.163,16.2145,16.171586549559237,18.023849694169133,14.40515030583087,6.716770951428197,60.838150289017335,85745.05,7.036681923162727,-0.1142857142857118,6.911314984709471,-0.0017147760703711
2017-10-26,17.84,19.01,16.9016,18.16,159783,0,3.89016018306636,17.637999999999998,16.41,16.2755,16.360959259125025,18.261476890733313,14.289523109266687,6.540785227578136,67.17032967032966,89156.7,12.474558621668974,1.793721973094172,15.742511153601036,0.0381640029457578
2017-10-27,18.31,19.01,18.15,18.48,162152,0,1.7621145374449254,17.882,16.678,16.3565,16.56277266301788,18.562780747512097,14.150219252487902,6.532325905964457,67.70270270270271,92658.0,4.7382920110193005,0.9284543965046516,16.962025316455698,0.0174676930403907
2017-10-30,18.5,19.95,17.97,18.44,226984,0,-0.2164502164502146,18.014,16.970000000000002,16.4485,16.74155621892094,18.8429609326308,14.0540390673692,6.457118736316252,64.42166910688142,101726.35,11.018363939899835,-0.3243243243243174,18.814432989690744,-0.0021668480850903
2017-10-31,18.56,20.51,18.48,19.73,283648,0,6.9956616052060605,18.458,17.427,16.616999999999997,17.02616991235704,19.42399952187204,13.810000478127954,6.451189300889572,71.12499999999999,114228.2,10.98484848484849,6.303879310344837,30.145118733509246,0.067618101906076
2017-11-01,20.08,21.2212,19.51,19.84,259406,0,0.5575266092245235,18.93,17.916999999999998,16.830000000000002,17.294153730227798,19.936238205526756,13.72376179447325,6.332889323822391,77.85234899328859,124268.35,8.770886724756524,-1.1952191235059684,32.79785809906293,0.0055597818222026
2017-11-02,19.5,20.1,17.661,18.01,298602,0,-9.22379032258064,18.9,18.269,16.9315,17.3623295654442,20.053417595594823,13.809582404405177,7.233291210440678,62.05016357688115,136832.35,13.810090028877188,-7.641025641025632,24.29261559696343,-0.0967729426688619
2017-11-03,18.01,20.28,18.01,19.17,294646,0,6.440866185452521,19.038,18.46,17.107,17.534488654449515,20.321225616815006,13.89277438318499,4.621433052474183,68.15920398009952,149702.45,12.604108828428648,6.440866185452526,11.066048667439166,0.0624193978696883
2017-11-06,19.45,20.15,19.235,20.08,219825,0,4.747000521648381,19.366000000000003,18.69,17.318,17.776918306406703,20.73519244563818,13.900807554361824,4.730240507315671,73.20754716981133,159145.45,4.756953470236543,3.23907455012853,12.935883014623162,0.046377737765975
2017-11-07,20.21,20.7,19.7901,20.01,115845,0,-0.3486055776892316,19.422,18.94,17.495,17.98959275341559,21.089378652109033,13.900621347890969,4.666091997914646,74.25837320574166,161843.3,4.59775342216563,-0.9896091044037568,14.277555682467158,-0.0034921462278862
2017-11-08,20.02,20.18,19.335,19.89,150058,0,-0.5997001499250421,19.432,19.181,17.672,18.17058391975696,21.37594725437042,13.96805274562958,4.684492279728711,76.67984189723322,167041.15,4.370312904059989,-0.6493506493506443,13.78718535469108,-0.0060150557297612
2017-11-09,19.73,20.595,19.73,20.18,117124,0,1.4580191050779234,19.866000000000003,19.383000000000003,17.8965,18.361956879780102,21.638721546790546,14.154278453209455,4.603301659258655,69.10994764397907,171168.8,4.384186517992896,2.280790674100351,11.123348017621137,0.014474922059582
2017-11-10,20.175,21.32,20.175,20.89,145449,0,3.5183349851338086,20.21,19.624,18.151,18.602722891229615,21.98410730073495,14.317892699265048,4.662067444175327,69.85951468710091,176765.8,5.675340768277569,3.5439900867410152,13.041125541125531,0.0345785606430116
